******************************************
ASBF EIGENVALUES
26 1
39.478417604356977 
157.913670417428420 
355.305758439216731 
631.654681669719253 
986.960440108931948 
1421.223033756867380 
1934.442462613509406 
2526.618726678883377 
3197.751825963775900 
3947.841760806900311 
4776.888655034324074 
5684.893369415310190 
6671.976488286031781 
7738.308255932874090 
8898.697469458504202 
10145.206819606555655 
11767.140474004354473 
13382.853417153624832 
16750.032667244624463 
19209.118323440387030 
27750.780850068949803 
32076.435872175879922 
59537.068214714046917 
69191.597704780229833 
231678.875478516478324 
270100.305457312904764 
******************************************
ASBF QUADRATURE VANDERMONDE
30 26
0.009751795351454 0.019503358498409 -0.029254457241872 -0.039004859393961 0.048754332783390 0.058502645255148 0.068249563902927 -0.077994864195539 -0.087738747448064 -0.097479300799216 -0.107172383980623 0.116936260778620 0.128077449573022 0.137411982077523 -0.134916222885921 -0.146950956277410 -0.254372058602396 0.240585483871395 -0.191520138862282 0.194625459829817 0.859723104043226 0.679520269855667 0.670973852594066 0.576275173464275 -7.933636596810764 -5.875404588667926 
0.051093861543217 0.102154098507997 -0.153147108444013 -0.204039333142745 0.254797280721575 0.305387547672692 0.355776841862276 -0.405931993006690 -0.455819420520289 -0.505408363102303 -0.554725178642552 0.603588826756045 0.650375579637772 0.698710062884420 -0.779057045181015 -0.820498171498933 -0.935700924231831 0.942807778492449 -1.791961544009134 1.577111862655688 2.462029208572483 2.031149182853055 6.934138070869570 5.283884203826039 -7.997380754379790 -4.884611825645699 
0.124270458414674 0.248051013952404 -0.370853695046670 -0.492194385138062 0.611594731173789 0.728584029379484 0.842701079916305 -0.953496014555756 -1.060532606058505 -1.163387268656101 -1.261597124394918 1.354894643051749 1.445002472873408 1.527335319722425 -1.610097570073239 -1.670729439781038 -2.149227006223015 2.084645881573270 -2.866995218369020 2.442281280567830 4.926969465553306 3.778461901989105 3.150279707048970 1.333622420733473 4.859707968195728 3.419563547322085 
0.227139726371312 0.451230444443436 -0.669264074255727 -0.878313843123264 1.075573573146589 1.258395349921506 1.424325067461753 -1.571135366901268 -1.696855150624051 -1.799797261235294 -1.878623661411478 1.932231775193846 1.958899580790084 1.958938579585440 -1.981058707533576 -1.924578800104452 -2.052308518077316 1.756782861086454 -2.319580333870743 1.659460000909679 -0.134351419639597 -1.058628643816920 -4.851795400668769 -3.170982700527357 -1.731588659860537 -1.664614545079637 
0.356394255352619 0.700694603874765 -1.021217534190527 -1.307086399445884 1.548600506180716 1.737564298320197 1.867565465563514 -1.934192534834619 -1.935184694474582 -1.870509582205190 -1.742345872617140 1.554963965389706 1.315712298961813 1.033070255304884 -0.712329978539364 -0.336318152178146 0.070965451249001 -0.455390881074182 2.004996105541895 -2.317087152070602 -3.955928271393410 -2.251264248631659 2.198618521801798 2.016417346593858 0.379530129653177 0.831003670964443 
0.507440514761761 0.978728132265277 -1.380285689633277 -1.683503983042900 1.866780047241006 1.917056271473516 1.830750696173274 -1.614012225813837 -1.282282756547516 -0.859193195795866 -0.374867991939423 -0.135966767631109 -0.636865420448318 -1.096643641173765 1.506591364928533 1.745518229462316 2.242473956495188 -2.163874253954088 2.147494081657289 -0.700615648974948 2.835567849033866 2.354870327994639 -0.340395131955566 -0.959489926587767 0.209511096155531 -0.411298751361193 
0.674328442519546 1.259921035089322 -1.679718805924323 -1.878479962370966 1.830049237882180 1.540799701186766 1.048794116110975 -0.418776184139678 0.266349747999032 0.916421620161356 1.445836781975471 -1.785294299073258 -1.891970952068858 -1.742125196221392 1.365202302363532 0.827081090440110 0.050701455006628 0.959675131585158 -3.012898693104356 2.211736608873146 -0.700320937162786 -1.343682568355084 -0.444718658092182 0.379863475463401 -0.480098928856348 0.166518629304019 
0.849800930749247 1.511742452390837 -1.839493890739992 -1.760601581280033 1.292505682172930 0.538684803308562 -0.334219271004807 1.133239857254229 1.681742213514984 1.858479775227666 1.624482868877665 -1.030989862805950 -0.206384512186121 0.655235971330747 -1.371945411929742 -1.838940418533171 -2.235794620975003 1.238912589481117 1.369337806266145 -1.823700298338855 -0.515407818735317 0.522340079766945 0.703433734227166 -0.075533174158015 0.592058467215205 -0.006878977638978 
1.025510562304606 1.697312006674473 -1.783693120129682 -1.254860170094899 0.293213068542769 -0.769566229627190 -1.566914234810630 1.823817467966479 1.451668634254312 0.578817970956943 -0.493815017395872 1.395713447139752 1.812149553321192 1.612878183681309 -0.905457829952582 0.249611291279374 1.896140596275456 -1.977722284065121 0.260284803345520 0.907427777701539 0.922353039457218 -0.053017437157904 -0.742393807806569 -0.097107443633270 -0.611923627995921 -0.104815288085184 
1.192425180723381 1.780514377531077 -1.466216635840495 -0.408821979074141 -0.855768765936422 -1.686645205426789 -1.662708778388637 0.796090734416638 -0.473997505198968 -1.503851888762542 -1.771369909030291 1.141513899529469 -0.061498584005194 -1.243279075957662 1.888639981855036 1.418897463403420 -0.345144799061353 1.454683356260450 -1.046310815382345 -0.183239448105052 -0.936520423657090 -0.192263896022786 0.686014281801764 0.204350647379786 0.573577602841510 0.186049634372455 
1.341408943222357 1.732826757287760 -0.897049795213750 0.574021386546903 -1.638568347695452 -1.542674711875113 -0.354252729606348 -1.085052415906173 -1.755917667821647 -1.183239657139519 0.227240032133502 -1.477064543336160 -1.687300696161564 -0.694327545869117 -0.899219332576279 -1.754338591896629 -0.911731413645304 -0.566123092237137 1.184067109119824 -0.246495302749443 0.801984464237904 0.321865519292082 -0.584448458254832 -0.275360346009299 -0.497594461390208 -0.245936126913061 
1.463926955056811 1.540391789388567 -0.156923632207393 1.375271614656966 -1.604029374798356 -0.312540519932420 1.275164022507380 -1.654309797480978 -0.465556132473618 1.164438730539249 1.690978276018037 -0.614753531374963 1.050634485400150 1.716917380748478 -0.659437358903079 1.012041936575469 1.411325522372109 -0.178117866344012 -1.008633771887024 0.470890869488081 -0.621913335460706 -0.393424007734684 0.460674869835838 0.323615935998888 0.398143075689563 0.289596629225214 
1.552787759616443 1.209318723222986 0.610964406565980 1.685140799683441 -0.701431513419766 1.138862496694085 1.588383213236978 -0.098178135927767 1.511922604126676 1.275671406632700 -0.518551544558219 1.679624201298590 0.784244266911805 -1.072255306104115 1.549727276337134 0.064724282763694 -1.308866470942361 0.658283125116855 0.726669908565764 -0.580232604127168 0.434491867846851 0.434054649508200 -0.327263048575629 -0.355797115067986 -0.285762137022252 -0.320059718110533 
1.602817700329651 0.767274928234837 1.235520274442299 1.358723181963520 0.585094320375576 1.638810058084601 0.199410285510436 1.543351603653951 0.938217991418230 -1.094226584620363 -1.461952720735823 -0.394704084294586 -1.647751858631724 -0.384286136625408 -1.425963957901150 -0.944505892423660 0.877782552518883 -0.916151921394200 -0.429013400024730 0.629612989753353 -0.253126378919623 -0.456166689302574 0.192241190360380 0.375397343599858 0.168613775854683 0.339156153056605 
1.611361185641442 0.260279053190695 1.569318975531439 0.513767135654899 1.486331483453085 0.753850460657285 -1.364563945488437 0.974264967485526 -1.207193327841219 -1.169253709289641 1.018314009402518 -1.333244893726989 0.802413782097665 1.448672217952344 0.562765733137867 1.393529753466179 -0.317142183457080 1.016152904402483 0.145653241685267 -0.646583606886950 0.082459880096275 0.465340956133389 -0.061273963515546 -0.384249893149611 -0.053131866086876 -0.347963310574996 
1.578523338838704 -0.254974839740098 1.537337904768205 -0.503297101597213 1.456041610526572 -0.738487780849217 -1.336755566482538 -0.954410461825255 -1.182591694600260 1.145423529389692 0.997524416795032 1.305960926858345 0.784539766443819 -1.416819171295632 0.530026059618934 -1.355622094518758 -0.257402787739270 -0.996638125142165 0.118319241152900 0.641931341077950 0.075934698505904 -0.463736466554408 -0.061426893984923 0.383184060060581 -0.055580338261402 0.347022549404099 
1.507112754254536 -0.721460606608364 1.161746818349386 -1.277593226364655 0.550158082543420 -1.540955992601452 0.187503409742893 -1.451197432210021 0.882196346208093 1.028895463637109 -1.374630395200066 0.371447810583197 -1.548256555750742 0.354871037530628 -1.323348911757043 0.858691021860631 0.767087529011314 0.860366405199675 -0.364675511491152 -0.615264828620498 -0.221558209245092 0.451320968717341 0.172632628971838 -0.372269698757494 0.153454612254390 -0.336425095369693 
1.402293212550481 -1.092112831830089 0.551750382582250 -1.521818735982094 -0.633449513139213 -1.028485148216323 1.434438792685832 0.088662856657019 1.365388799075795 -1.152042953489432 -0.468308529747385 -1.517277969285591 0.707794451791568 0.977571472846132 1.389817969514090 -0.007142007678043 -1.119286630905015 -0.577147014859335 0.591309682128649 0.555208385888896 0.354011926977572 -0.425847958223592 -0.269758233538218 0.350806451398553 -0.237195153300103 0.315803199165051 
1.271002450023755 -1.337390319610164 -0.136243355799457 -1.194030607633202 -1.392641387083179 0.271352177198781 1.107115755422088 1.436295523598889 -0.404202549295566 -1.010972772561579 1.468131180641879 0.534226810395816 0.911931581193172 -1.500508845281390 -0.574528200177357 -0.950238913074770 1.171719382204408 0.098049292041982 -0.779673527460326 -0.434541362990616 -0.471679024204494 0.381592631701122 0.350491803311884 -0.317058253918301 0.304007076220884 -0.284227530060674 
1.121232193177479 -1.448403304068572 -0.749809455467598 -0.479802420746237 -1.369616321287052 1.289462515770692 -0.296106244963747 0.906953674525727 -1.467704202820692 0.989014687637691 0.189954092498195 1.234152662830821 -1.409658226828225 0.588460121061238 -0.736934245899889 1.545796157363569 -0.747733572198064 0.596017090683255 0.873152714135773 0.201312222948676 0.568404732112540 -0.305981819047794 -0.412203908607603 0.267578520318321 -0.351272044959835 0.239976028272173 
0.961279222569978 -1.435370121561372 -1.181997504417741 0.329573780029961 -0.689882054922762 1.359697042625870 -1.340400578052653 -0.641772375198653 -0.382115166626553 1.212346331677787 -1.428019332944074 -0.919828029366721 -0.050368021599827 0.997178041303677 1.501288213445534 -1.204039901092669 -0.215752738320354 -1.373536296418820 -0.747499400691686 0.225011115832835 -0.624642047925514 0.172027817197567 0.450710548578100 -0.195673478296843 0.376094550103703 -0.180080806123128 
0.799070498109907 -1.322533380420187 -1.389840926430055 0.977778072731528 0.228469526638810 0.599640504029030 -1.220928369226736 -1.421105490611758 1.131129608512672 -0.451018117684688 -0.384752480269186 -1.087854864415624 1.412736804026415 -1.253588833856214 -0.690634346982577 -0.182637111479844 1.330329463065520 1.776311415783770 0.213450497095557 -0.913816538983566 0.586196040550003 0.076281043600098 -0.457193302053194 0.087810115765934 -0.374549774995157 0.099431944780880 
0.641640326836911 -1.141437819313855 -1.388905823188826 1.329338358156544 0.975903577343436 -0.406732777959121 -0.252351526369369 -0.855650295587874 1.269795975468365 -1.403235958072643 1.226538776455400 0.778663018218990 -0.156566574564351 -0.497912819213008 -1.036716829506346 1.419797999484748 -1.533828792081539 -1.072698322930341 0.810061685635241 1.745220637800694 -0.326403512782476 -0.540825102915191 0.409798722072315 0.085109194284413 0.340208737418059 0.011107219015395 
0.494802042242352 -0.924492371843315 -1.232527420108269 1.378372411846690 1.342835394759337 -1.130592736050228 0.769573753117754 0.307285455591553 0.195439306231017 -0.672445563979850 1.060930058963946 1.309895713566463 -1.387592481735895 1.280694647807854 1.000305260552245 -0.622726082782277 0.017891351835592 -0.805638904144895 -1.785426090165728 -2.043570392015812 -0.361990434507098 1.333199394541215 -0.250790465571371 -0.388460455546519 -0.260745755071907 -0.169044590636830 
0.363019714087859 -0.700175875612722 -0.987447595991591 1.204368032924857 1.335482562586670 -1.371449853367633 1.309707394381065 1.154654067414059 -0.917336809067962 0.614661928975329 -0.268189614638187 0.097279377395301 -0.455897223591430 0.785544070258719 1.067345431706864 -1.281056255477472 1.489608073320736 1.775042422452040 1.247570874315367 0.616033524355576 1.505821210339402 -2.274710846826681 -0.164091021750016 0.961407534762146 0.108838471045436 0.411478878817048 
0.249454597683677 -0.490444186132472 -0.714791008308945 0.914882063934982 1.083927449559584 -1.216190767607867 1.307183785465685 1.353818730972811 -1.354513233536899 1.309245751327676 -1.219533360838183 -1.088318230829749 0.920934937711414 -0.725049965905008 -0.494655126566177 0.234313739438748 0.046976488130528 0.344913288162970 1.142890077673004 2.074293990234514 -2.069955419144265 2.119419062370331 1.086850301836926 -1.992179740596833 0.185734692360126 -0.827544122683315 
0.156140832086787 -0.310185708963638 -0.460066810458578 0.603772208805186 0.739372875738751 -0.865048576784241 0.979112305641890 1.080032940774986 -1.166455482172152 1.237217563499918 -1.291404565736617 -1.328384979944644 1.346574824426948 -1.346066084360705 -1.350779033660708 1.371643523554916 -1.310877023152184 -1.354092414137653 -1.290944366634885 -1.469331462303930 -0.055547718896244 1.021896491338634 -2.358482510482748 3.088824410271202 -0.822949864725914 1.653087156498117 
0.084236257215192 -0.168140435630026 -0.251381765575495 0.333632090484586 0.414567160561220 -0.493867911056873 0.571221719477427 0.646323626084887 -0.718877929677508 0.788600873371110 -0.855175477703010 -0.918268709143518 0.979181371674066 -1.038489133834934 -1.086402678405841 1.154373502310231 -1.335850575294899 -1.630478557400518 -1.603802464755118 -2.065657893110156 2.472998386758501 -3.519501213400869 1.519894472320159 -1.261814916951227 2.257185156613140 -3.383244854636630 
0.034295001091786 -0.068567432839258 -0.102794740750789 0.136954400030610 0.171023930401916 -0.204980910892977 0.238802995208991 0.272467937381762 -0.305953220502058 0.339234819393270 -0.372331808224629 -0.405280757334435 0.436770131411297 -0.467418601647156 -0.516285634663205 0.576693079510950 -0.591425388097918 -0.701621378884246 -0.966092942469877 -1.362255526675694 1.250998768009945 -1.830205704638255 3.252687573699810 -5.107620421677294 -3.666453336120213 4.803536334718629 
0.006509616290009 -0.013019077576545 -0.019528228859797 0.026036915147386 0.032544981457994 -0.039052272831246 0.045558633874496 0.052063900960866 -0.058568185866884 0.065072721812610 -0.071547523990754 -0.077956038431220 0.085278405734950 -0.093284890642476 -0.091719734757908 0.093846570484546 -0.148599015030868 -0.196189793880808 -0.116821134327536 -0.147476626374667 0.414331126032603 -0.636730532031230 0.329096381724947 -0.530716702606188 -3.583680760608836 5.802807134280833 
******************************************
ASBF QUADRATURE NODES
30 1
1.000776628981338 
1.004082969180063 
1.009994533757923 
1.018449988142681 
1.029359866051987 
1.042608559404308 
1.058055641973793 
1.075537376301671 
1.094868454252689 
1.115843962964495 
1.138241557615478 
1.161823818617280 
1.186340768458028 
1.211532521597854 
1.237132039361171 
1.262867960638829 
1.288467478402146 
1.313659231541972 
1.338176181382720 
1.361758442384522 
1.384156037035505 
1.405131545747311 
1.424462623698329 
1.441944358026207 
1.457391440595692 
1.470640133948013 
1.481550011857319 
1.490005466242077 
1.495917030819937 
1.499223371018662 
******************************************
ASBF QUADRATURE WEIGHTS
30 1
0.001995143490161 
0.004654393050211 
0.007340740669348 
0.010061022295128 
0.012821647000065 
0.015624233888405 
0.018464236440864 
0.021329871059454 
0.024201268524433 
0.027049899622496 
0.029838343164348 
0.032520463599979 
0.035042055056944 
0.037341990059402 
0.039353885304888 
0.041008265166180 
0.042235168221649 
0.042967105833434 
0.043142247660898 
0.042707680156634 
0.041622563460154 
0.039861002093368 
0.037414447142164 
0.034293462942124 
0.030528719503861 
0.026171112271046 
0.021290964169567 
0.015976349714572 
0.010330916871204 
0.004477468233687 
******************************************
ASBF GLL VANDERMONDE
26 26
0.000000000000000 0.000000000000000 0.000000000000000 0.000000000000000 0.000000000000000 0.000000000000000 0.000000000000000 0.000000000000000 0.000000000000000 0.000000000000000 0.000000000000000 0.000000000000000 0.000000000000000 0.000000000000000 0.000000000000000 0.000000000000000 0.000000000000000 0.000000000000000 0.000000000000000 0.000000000000000 0.000000000000000 0.000000000000000 0.000000000000000 0.000000000000000 0.000000000000000 0.000000000000000 
0.035312512264587 0.070613953085191 -0.105893254488987 -0.141139355444564 0.176341205329562 0.211487767397501 0.246568022525302 -0.281570970333690 -0.316485471514635 -0.351300929510184 -0.386024053511994 0.420615966154798 0.454620971357800 0.488670566994630 -0.537919059056533 -0.571391650591786 -0.688353750907028 0.681745492622728 -1.196779529143393 1.081289195820079 1.930078969058800 1.559141929267357 4.833046675848415 3.826875747596906 -11.487621616081370 -7.792479564637155 
0.117023935150864 0.233639292560694 -0.349438920998103 -0.464018517270437 0.576978037809283 0.687923095379678 0.796466335352330 -0.902228794037887 -1.004841610403503 -1.103945595078050 -1.199152831934873 1.290201986906245 1.378406240299794 1.460506575456945 -1.547864440020294 -1.608207028553566 -2.055735070512309 2.008907869241598 -2.842788164702236 2.422780796703592 4.841663793523574 3.781892089448347 4.157144956107093 2.133410668463910 4.663372286832068 3.464873944535340 
0.241449161880733 0.479225784997010 -0.709713191374613 -0.929405574954615 1.134961326312092 1.323253859885483 1.491419171740190 -1.636899391665741 -1.757481047387284 -1.851331789853585 -1.917095173558579 1.953635184351442 1.958610871051558 1.934929562939321 -1.937733659361010 -1.845741581615780 -1.869899761468172 1.559037811981558 -2.031430081033784 1.320245962956851 -1.230236140138897 -1.854763920469733 -4.438311820882284 -2.610524280908039 -2.242717988177927 -1.798328449497617 
0.402819142677089 0.787995684259026 -1.138659731152439 -1.439452961861889 1.677201288020601 1.841491850756412 1.925129079658670 -1.924449859150472 -1.839484853174099 -1.673952515150183 -1.435005139685245 1.133319473365205 0.785311726439005 0.399479477615170 0.045835812642886 0.459220976313986 0.907613739917283 -1.278232139834159 3.267351949708773 -2.927715289221788 -1.812666767659627 -0.198882036403049 2.748971714726356 1.669983883705514 1.467455388163838 1.135598094537992 
0.592720463216630 1.126541839489088 -1.548417889308311 -1.816426466097608 1.903935352064862 1.802248722121275 1.521471256620830 -1.089504009362326 -0.549270762694547 0.045540939741635 0.635702320314480 -1.162876541840641 -1.578886683169298 -1.832840363034835 1.889169478950638 1.763663932492141 1.844776037306359 -1.074292643191620 -1.284330103610292 2.013974425786757 2.115016665038818 0.620526387998936 -1.709745324285299 -0.982905221446484 -1.097614620066407 -0.745731853359729 
0.799981154460113 1.445892674266401 -1.813337439161218 -1.831548681243607 1.497019068624095 0.874176187997751 0.082974331739781 0.724207660421623 1.391912044737923 1.791550216967472 1.846295325700410 -1.545188205704613 -0.941977113737084 -0.163542112683619 -0.614213359290185 -1.338995611815417 -2.410403696490893 2.103335096612516 -0.195703751525056 -1.062693110558997 -1.607735418776094 -0.436303194354410 1.159507682488408 0.548753978172985 0.856389773099905 0.458446198578888 
1.010963555430968 1.685192546165863 -1.798112896827877 -1.312112781628385 0.389070476351432 -0.663564509855158 -1.495177573434593 1.828772741935418 1.553236560970049 0.760338246742915 -0.285969053558854 1.236659401113603 1.770903471688326 1.723701340758990 -1.163752702726623 -0.080902189925321 1.650652712931634 -2.009514915919992 0.669311830531818 0.633757445363912 1.121682714081903 0.172299990268994 -0.831266280952459 -0.250089847434509 -0.670476854118621 -0.227565268956561 
1.210384287956573 1.782098476050587 -1.413472457328448 -0.299015048974681 -0.973220325508458 -1.731927287040773 -1.576767320819839 0.589611937373657 -0.708658815654306 -1.632992286341486 -1.695511979470810 0.863839319313063 -0.419005480962817 -1.492312670912233 1.855556820159188 1.066506113127647 -0.841583740530648 1.636583561675408 -0.656502021317784 -0.522265341530339 -0.772624547870516 0.050009693536803 0.604408371245732 0.029312800021250 0.514744046818315 0.038618652190318 
1.382659591840461 1.688703608827338 -0.679829176396818 0.858398022157760 -1.728228830500281 -1.252364655899864 0.198660219630925 -1.494997176478265 -1.627245051871652 -0.492437706517802 1.025671969893509 -1.745679440979051 -1.110907406354385 0.403249385688463 -1.680322651470399 -1.465560274462406 0.352914192121991 -1.337148931675680 0.502733566268940 0.534446557563252 0.523647126158322 -0.219184726205542 -0.429638254467888 0.137190744620859 -0.378689459576827 0.112764745053598 
1.513618721990884 1.388416510359957 0.240048054402547 1.608608476256048 -1.235500929426723 0.475304650074447 1.671489736626105 -1.057924271370871 0.701072942316374 1.701015211193015 0.859351859285578 0.913346084458402 1.701053568029619 0.630889533291102 1.186993009575466 1.539940486076423 -0.126171313723764 1.157845258532244 -0.334447310849515 -0.578731747209507 -0.335693197716371 0.340999313762247 0.285453330230495 -0.258828619493396 0.257271322828177 -0.227311839495527 
1.592288535681321 0.906972908502519 1.075673714733980 1.519680276413408 0.210058715061170 1.639330427447286 0.723709414418781 1.227103142458379 1.422672182167877 -0.416752930047170 -1.660135397369749 0.528249757950170 -1.362096585483668 -1.287480377211735 -0.673936505880155 -1.501380405159117 0.044065633951105 -1.065059810417899 0.182943508483923 0.619246391781698 0.184682903247891 -0.420486697491932 -0.161436526086451 0.339211955611397 -0.147773912538105 0.304499978187943 
1.612379915641600 0.311526387199725 1.552190199198071 0.611423576635110 1.434057632530622 0.888496485409690 -1.262392073700069 1.132402027386113 -1.043602094730030 -1.334027570469227 0.785895869792012 -1.485283887536091 0.500426804362236 1.565943787453611 0.219975711845852 1.451766395686371 -0.026432768293638 1.025833216732129 -0.049898881190819 -0.642824120910281 -0.056617515915136 0.460360564883202 0.051876982354261 -0.379604773951976 0.048523570664744 -0.343595042937982 
1.573136637769196 -0.303944230873614 1.514411862525036 -0.596542303876224 1.399154492388169 -0.866871610205639 -1.231667054591486 -1.104840808357723 -1.018201837509425 1.301560306852090 0.766729855339855 1.449188407900084 0.486681808902974 -1.528686979676744 0.192895683348411 -1.425465909304830 0.026596673195955 -1.023016270632161 -0.070093506479088 0.645241372836120 -0.057355910161913 -0.461760702209023 0.046901952169158 0.380374567055913 0.041723566770952 0.344133687482242 
1.479341329646108 -0.842637799840093 0.999372003101836 -1.411883456024776 0.195158435094483 -1.523046357429285 0.672373896232931 -1.140059933607823 1.321756228571397 0.387187400345163 -1.542339321708437 -0.490934000852488 -1.263990480107712 1.198505983143934 -0.604201895743583 1.420643110257251 -0.011629923108277 1.054777286396218 0.183238162353408 -0.626740408090370 0.164038178025518 0.424801699601355 -0.137845740537531 -0.341540415159834 -0.124121641059689 -0.306120389731957 
1.340473766773449 -1.229593610631810 0.212588622892015 -1.424597510656060 -1.094170256127938 -0.420933888718268 1.480285696445076 0.936906808444770 0.620876504419646 -1.506428116495532 0.761016185661699 -0.808627761014767 1.505110380252640 -0.562067689457787 1.028535349380998 -1.403074083853975 -0.055565788175750 -1.133483735182180 -0.294349044339449 0.592000422687522 -0.270320550410218 -0.348620506520919 0.224003294954490 0.262778966360725 0.199967640116134 0.230028191421052 
1.169219699949979 -1.428019982987537 -0.574884570529674 -0.725887907499307 -1.461443732475508 1.059038273686232 0.167993223505016 1.264215873770162 -1.376048974679450 0.416413505377545 0.867369532490535 1.475896171674425 -0.938259998356599 -0.337278032853810 -1.397657995657503 1.286141706443801 0.230978744952610 1.283885511357495 0.402768478951054 -0.554352208833723 0.385285114656543 0.230954883515788 -0.309375732496733 -0.142892504961251 -0.270921117835471 -0.116603367089528 
0.979668474566169 -1.442406112612919 -1.144045258923538 0.242018687631782 -0.787711209732691 1.401798238955075 -1.276213885854435 -0.477223874922720 -0.573578526332561 1.321729496967814 -1.372350013060402 -0.698831023774482 -0.340035923172529 1.204175613635627 1.479892101486807 -0.906825799640363 -0.588642934957299 -1.527281940048953 -0.488720978889352 0.548275174140275 -0.522878392016672 -0.067637733243074 0.400319029416978 -0.021607305057048 0.339311362707151 -0.033614180287053 
0.785575097980071 -1.309488648188912 -1.397234062015846 1.019584851947733 0.302329471660004 0.515626653481307 -1.161836411157005 -1.421058427865988 1.206951296576349 -0.590833355030814 -0.222191759557134 -0.961321567242714 1.376753456821271 -1.335518327814434 -0.888329097256861 0.087580398073743 1.149376405233220 1.811683021015301 0.475624817679256 -0.657928347572574 0.704019125301635 -0.145395937961871 -0.508667371887190 0.239855686744290 -0.408729069697896 0.221323961743026 
0.598996763466516 -1.082631793732730 -1.357761056087962 1.371396971140751 1.120913376464004 -0.654551303384474 0.062128159001445 -0.542260372387200 1.042213218682229 -1.341439857154194 1.382420348438572 1.157334278585816 -0.705894233234759 0.117467365747882 -0.464545813490895 1.007587077626789 -1.637480037151156 -1.834050620730639 -0.164300144953982 1.053073854571680 -0.946226382925542 0.394007235101806 0.659723950961473 -0.534746902790454 0.485452698563304 -0.450847312500046 
0.429479753321923 -0.816281774219382 -1.121969249265379 1.316165779655040 1.379573907248187 -1.305892717765576 1.102443968808774 0.789444543398352 -0.397996625706755 -0.033005364366768 0.460638266945358 0.842304285411916 -1.143451096500820 1.333970183304761 1.365448529732808 -1.292407138038162 1.210795806012075 0.927537118390509 -0.723347564824864 -1.894783064489000 1.183683970182453 -0.557536631331417 -0.912690564342330 0.961696042448176 -0.582637245862960 0.736543899624588 
0.283821055901754 -0.555211367727145 -0.802284630915763 1.014219574674099 1.181733910067364 -1.297490874072080 1.356420562746777 1.355941962376864 -1.296076678814333 1.179450396884690 -1.011096175536573 -0.798274482387312 0.552905546310045 -0.285507951209285 0.027496463302508 -0.351971408584361 0.609490385885937 0.989311744264417 1.852305242689599 2.653038141693037 -0.984229085237753 0.140602828404370 1.394276563458601 -1.631481840873259 0.735659646926820 -1.124245539649641 
0.166305275319037 -0.330080980580419 -0.488836021503404 0.640155670129130 0.781738293802952 -0.911430363921039 1.027259212731080 1.127463053461452 -1.210517286967449 1.275155713294985 -1.320448840669755 -1.345811997131453 1.349184228551024 -1.331326536040514 -1.322215293773479 1.322299529336321 -1.202948373884748 -1.195116517331441 -1.123302921022292 -1.184726661242875 -0.609879322942775 1.779592276068605 -2.171997715707024 2.532876527249720 -1.072929939868216 1.782560593604497 
0.079246642811152 -0.158216603640450 -0.236634166514336 0.314225544103331 0.390719833623848 -0.465849962676027 0.539353621241603 0.610974168017483 -0.680461820819457 0.747575833716405 -0.812050191215514 -0.873596617375309 0.933210915632007 -0.991683718294152 -1.042618989402804 1.111945966051989 -1.279115807273890 -1.566441973222306 -1.584358673950113 -2.051896994314613 2.432417361693827 -3.513705914416722 1.992616333406941 -2.042045941413789 2.159489694813645 -3.431265298193617 
0.023652456139206 -0.047297496582782 -0.070927707960061 0.094535681549806 0.118114015602778 -0.141655317659828 0.165152207058718 0.188597321286946 -0.211983196984548 0.235301704950037 -0.258558686625067 -0.281777245687573 0.304538458267305 -0.326944806856690 -0.357052528924033 0.397462538320462 -0.429091734218412 -0.512632289617366 -0.650120200607142 -0.925088268910275 0.969638939071990 -1.411871973211670 2.269991717525192 -3.682073195959280 -5.233441729018555 7.682700240148776 
0.000000000000000 0.000000000000000 0.000000000000000 0.000000000000000 0.000000000000000 0.000000000000000 0.000000000000000 0.000000000000000 0.000000000000000 0.000000000000000 0.000000000000000 0.000000000000000 0.000000000000000 0.000000000000000 0.000000000000000 0.000000000000000 0.000000000000000 0.000000000000000 0.000000000000000 0.000000000000000 0.000000000000000 0.000000000000000 0.000000000000000 0.000000000000000 0.000000000000000 0.000000000000000 
******************************************
ASBF GLL NODES
26 1
1.000000000000000 
1.002818146922131 
1.009405531308071 
1.019641113295611 
1.033368919010219 
1.050380704223141 
1.070418545909334 
1.093178675126921 
1.118316064492531 
1.145449653233438 
1.174168121785187 
1.204036126182486 
1.234600897054520 
1.265399102945480 
1.295963873817514 
1.325831878214813 
1.354550346766562 
1.381683935507470 
1.406821324873079 
1.429581454090666 
1.449619295776859 
1.466631080989781 
1.480358886704389 
1.490594468691930 
1.497181853077869 
1.500000000000000 
******************************************
ASBF PLOT VANDERMONDE
63 26
0.000000000000000 0.000000000000000 0.000000000000000 0.000000000000000 0.000000000000000 0.000000000000000 0.000000000000000 0.000000000000000 0.000000000000000 0.000000000000000 0.000000000000000 0.000000000000000 0.000000000000000 0.000000000000000 0.000000000000000 0.000000000000000 0.000000000000000 0.000000000000000 0.000000000000000 0.000000000000000 0.000000000000000 0.000000000000000 0.000000000000000 0.000000000000000 0.000000000000000 0.000000000000000 
0.100487950976000 0.200717950823050 -0.300432710569059 -0.399376263855891 0.497294624001258 0.593936435980658 0.689053621700577 -0.782402013750606 -0.873741968400081 -0.962839775023635 -1.049467414289920 1.133354505433450 1.214634397823976 1.293369793728872 -1.390473061355101 -1.448085219277225 -1.803321078593391 1.790306441197882 -2.746479597097057 2.344223476158154 4.432929755226976 3.580494312225928 6.205968885551741 3.865733078175893 3.308404564338979 2.914941150806893 
0.199124951213361 0.396206610968151 -0.589222654741216 -0.776192476730980 0.955197513553300 1.124400931292641 1.282066473474059 -1.426576286646376 -1.556447735941036 -1.670346119139980 -1.767082352310755 1.845797010410124 1.906569970844989 1.944758814199098 -1.990780644330076 -1.991991687503238 -2.320068056721345 2.067208484800126 -2.691309882828970 2.136164029111632 2.043187986235088 0.701939596943488 -4.628245281272925 -3.593108257090156 0.041717364794839 -0.741937503022967 
0.295701486780593 0.584583106278681 -0.859982280207041 -1.115547380657554 1.345384219927142 1.544191990253433 1.707385519804874 -1.831201000049414 -1.912781925943074 -1.950251151233640 -1.942837187378209 1.890401480307144 1.791881894082787 1.656414102133821 -1.534060862990562 -1.292345036804337 -1.015724067909401 0.665754846355906 -0.348303638438622 -0.408365039108023 -4.164695822173129 -3.449821056445209 -1.134801417558685 0.211291904952449 -1.905371067115134 -0.809603582770139 
0.390015882671779 0.764064469282054 -1.106832166746162 -1.404286025256426 1.644248248896237 1.816894756027834 1.915157377080392 -1.935013237219896 -1.875650179410943 -1.739496781929227 -1.532046621597026 1.261929825693524 0.942978960179972 0.583239969881145 -0.166193731832074 0.243769132501545 0.681011448655059 -1.062776677455496 3.008701304423361 -2.863088965257566 -2.501241733220292 -0.784532161873124 2.783350399244108 1.890430663655300 1.283178134463562 1.151737563685857 
0.481874635660176 0.932983617889208 -1.324525549850931 -1.631502138439526 1.834314229358385 1.920013130053025 1.883127327622325 -1.726011843854762 -1.458698530683445 -1.098249426819563 -0.667609668004536 0.194601185281401 -0.288892358436065 -0.759849986669686 1.225300430818742 1.538766688456138 2.050624245525719 -2.145682393385858 2.923144343616090 -1.585213976798379 2.159343355505650 2.259077206070522 0.558489228274898 -0.440760262449761 0.794551822297645 0.007402681168879 
0.571092726903022 1.089803979565445 -1.508556790465763 -1.788942529019049 1.905243798295365 1.846793272923048 1.618952123586478 -1.242618268219676 -0.752308688327024 -0.192997683415696 0.383912750859977 -0.925694276690152 -1.386304840208007 -1.716936368089262 1.881024395058242 1.861295541651794 2.109563914136023 -1.505704761965725 -0.432031421148289 1.486834639179612 2.670607698249872 1.245476747611372 -1.667095262671909 -1.210608982193688 -0.949296370073416 -0.836477731281051 
0.657493913782562 1.233132639046642 -1.655251609189745 -1.871298812468487 1.854377293363318 1.606593708860101 1.158796060181821 -0.566733220814471 0.095886391260835 0.746563506865874 1.304203649790479 -1.699796740929389 -1.886917710387642 -1.831019963802411 1.541331186332674 1.083633955286759 0.490209875409152 0.539915765079282 -2.907401485462303 2.410169953222484 -0.144599341829650 -1.073528640025340 -0.816573281474732 0.109137831108048 -0.720001265565550 -0.040450359233311 
0.740911000515933 1.361731903278943 -1.761837339185425 -1.876376468018343 1.686784286466372 1.223790725110536 0.562439805695559 0.190073817550974 0.911778776675438 1.485698222874547 1.818887977450899 -1.857300134284978 -1.592179855356332 -1.068019116403755 0.404449533268696 -0.354563397227831 -1.613301846082872 2.135572900877747 -2.115009584923160 0.589562701893832 -1.985606003515187 -1.413196618527018 0.857114157042948 0.911663799638357 0.506104216628397 0.656135595694053 
0.821186087114988 1.474529193688331 -1.826491920530966 -1.805136281795631 1.414827176149219 0.735340241095498 -0.094443565169490 0.904923938690753 1.530444796516267 1.843162033297033 1.779292566851647 -1.351408117901587 -0.643016799125623 0.188990223361997 -0.960872448214090 -1.602433452255078 -2.437706467711463 1.816555826052980 0.523750012423851 -1.487358536991779 -1.193680100308533 -0.006278914981971 1.030738954616746 0.293357389980515 0.800210334656948 0.275294022598847 
0.898170796326179 1.570625192975351 -1.848370849092691 -1.661608401593612 1.057272517488899 0.187236894416836 -0.729852627633957 1.463525229552880 1.829403926986795 1.735545164224765 1.205537131006974 -0.372290965140841 0.554462469194628 1.335882290155996 -1.825489900119404 -1.856179003486608 -1.334917158700152 -0.032500507223041 2.199446139705889 -1.702982193332136 0.623975231110834 1.062441063727280 -0.045154829038379 -0.569867961450514 0.038178019949955 -0.417004008380756 
0.971726478230272 1.649300191211428 -1.827611794082885 -1.452684316744808 0.638012612633213 -0.369792836890531 -1.265657745566167 1.778393534013522 1.752790409894473 1.196594818666322 0.278035223574612 0.724530953476049 1.503351428069805 1.831065121235907 -1.683258075052559 -0.918710830335519 0.718960357392945 -1.709380198461389 1.646613746802302 -0.262297192550621 1.389992690879563 0.739888761231011 -0.846862962977402 -0.585751693517391 -0.642464215112107 -0.483426103183269 
1.041724392231681 1.710018593915255 -1.765317099108959 -1.187796880258167 0.184483410682748 -0.884962402243716 -1.637172981994453 1.802501088198764 1.321682121126139 0.367068898190456 -0.719248418181476 1.547295084352120 1.817436704143486 1.445799672750836 -0.585716975782161 0.612211822508095 2.086762990293786 -1.850316590383452 -0.192533301322707 1.151029016200554 0.655754523777161 -0.290961441995450 -0.599482277503226 0.075108266841010 -0.508409243356560 0.036415151739996 
1.108045866217668 1.752431572838083 -1.663514870670199 -0.878502822683996 -0.274117436650572 -1.312033658630310 -1.800931330335905 1.536231951630507 0.628698293745040 -0.541916580830856 -1.485727383989333 1.807598907592783 1.375153947075825 0.371539329425330 0.847760730604893 1.733229582908836 1.826475301632169 -0.516195241785452 -1.539845437484546 1.278915954083433 -0.537005556693137 -0.835736418397245 0.214833641561270 0.558136812287970 0.142279751963905 0.456033684682364 
1.170582432718198 1.776377858212828 -1.525099825063031 -0.537985902155014 -0.708697478754105 -1.613445839244701 -1.739732795634710 1.026626920059240 -0.181811160982026 -1.302524396297541 -1.794630139666445 1.421091184888404 0.367409754784034 -0.870366575729528 1.790018446166528 1.722653150770664 0.296874713954807 1.076900232053712 -1.416584234355066 0.264731377780148 -1.022022544137334 -0.467903229843239 0.694855754846672 0.390437375870228 0.568013535967570 0.339177351742016 
1.229235941947990 1.781882689053380 -1.353755499480657 -0.180501754337272 -1.092102760228720 -1.763598161410834 -1.464383695528249 0.359151287243694 -0.943764258778290 -1.727210800656026 -1.559857567744049 0.534433525823707 -0.781848096559599 -1.679852706179742 1.705199209661037 0.618219893636650 -1.289125866431735 1.682401007566504 -0.202426509628257 -0.813358761810800 -0.527944170204287 0.290861359433506 0.455636693232563 -0.154292183459416 0.397584479636046 -0.118785635679166 
1.283918651663013 1.769154955560143 -1.153859826536505 0.179212456092030 -1.400802734003967 -1.751001031670942 -1.011960837763847 -0.356585962461915 -1.503312411549268 -1.714875175548604 -0.859714872064625 -0.529960601710783 -1.592450127234865 -1.670146478204935 0.662657947225381 -0.838244043133740 -1.836052900445171 0.967046074338492 0.973373206652800 -1.044346141347182 0.338257022833616 0.675483088453305 -0.166162162786910 -0.491784649032338 -0.122892415202341 -0.420045818055308 
1.334553293814272 1.738582584633833 -0.930376415326846 0.526539393598547 -1.616322959445773 -1.579117204335567 -0.440864026082231 -1.004783793983995 -1.749839647791866 -1.274814609667153 0.088914507556768 -1.390857615141714 -1.729368378925888 -0.855437959213353 -0.722055804067312 -1.715406553308279 -1.092621517127620 -0.385696539302612 1.234461394074105 -0.378817629256002 0.795990494193741 0.400316907387322 -0.569220501247409 -0.331416496897875 -0.481799210925845 -0.293604485145405 
1.381073118032038 1.690726235766321 -0.688734169493673 0.847569624702186 -1.726339045305672 -1.265835290350346 0.176688339084574 -1.482139234433052 -1.637762992878409 -0.522837961217036 0.997557647704051 -1.744599042237765 -1.142865896378489 0.359787896751516 -1.662773973376952 -1.493568632975995 0.303579109494410 -1.321620923630151 0.538255289240497 0.508959856119899 0.543352528668476 -0.199098410501187 -0.443008942683497 0.121176122192215 -0.389813044830148 0.098635021353855 
1.423421912023809 1.626311390017307 -0.434698097903227 1.129652977028763 -1.725367777630711 -0.841642564381068 0.763760486680959 -1.714266725156377 -1.194851702486057 0.349099483950465 1.593720994451219 -1.472194271881278 -0.087106751952888 1.382984663925479 -1.654760857502638 -0.362710675778892 1.367014131230086 -1.216872989846799 -0.460616343267380 0.881948499377279 -0.112335037842668 -0.566387010612704 0.039268500382188 0.431391425430449 0.023143718025091 0.377207227162027 
1.461553999018740 1.546218929260714 -0.174234332311682 1.361891546948272 -1.615017560919753 -0.346680784609286 1.248254242666248 -1.667243938098947 -0.515571099191153 1.121808616831966 1.702519553644076 -0.679259653303098 0.990241393301396 1.724437512846663 -0.740709435521291 0.940700379759094 1.443931248343366 -0.254874274284645 -1.000485008766519 0.514671916270317 -0.606007092112017 -0.419252514569387 0.445811618884224 0.342776888162744 0.384456643727166 0.306214524669237 
1.495434212440391 1.451474316266877 0.086627543944839 1.535555350438246 -1.403788506340458 0.173032716203823 1.571734737479574 -1.352499224562766 0.258992208462159 1.603886032773125 1.297919480060469 0.344636435478483 1.638885453005643 1.232185746558509 0.542980178601966 1.617093777927270 0.583505677450942 0.804867875548124 -0.759153744184409 -0.219975975594544 -0.581315002961385 0.066784902281804 0.463570040359794 -0.034822192313123 0.410072399527110 -0.026536357983793 
1.525037848037974 1.343235498359921 0.341931732753347 1.644404969033015 -1.106440929555466 0.669864740177337 1.696449956547367 -0.824348567382929 0.970372892875168 1.679049450372553 0.508564952840004 1.231667727843748 1.594859231554014 0.158008144920719 1.485336585264431 1.288770651040522 -0.578867450581706 1.215589779187025 -0.003342663038849 -0.718420333070861 -0.117210356950771 0.463897076479411 0.117827694157125 -0.363249850149807 0.110582760300345 -0.322089902982595 
1.550350593753859 1.222779668250483 0.585929950377664 1.684909481485866 -0.742977888342287 1.098914120515860 1.609704325089521 -0.170678529864900 1.475089053543928 1.334099935968842 -0.422982642295646 1.667870937976562 0.887705256657473 -0.972621600968157 1.593091428695833 0.198885018238428 -1.282856982376715 0.747967996064703 0.680775183736104 -0.624234307070070 0.394943687086662 0.460045472354512 -0.294052665576315 -0.375506897554852 -0.255794173253067 -0.337345462269933 
1.571368437651865 1.091489025102099 0.813208693971008 1.656352327252516 -0.337311033662360 1.422052539607119 1.325083669782866 0.501635532186723 1.673526542275033 0.660807366397233 -1.214714036062223 1.504190796995270 -0.177350593977444 -1.618282119542263 0.842125161968567 -0.969067842683150 -1.124351926495283 -0.208681985889109 0.826542339705526 -0.059623038213495 0.574356311843369 0.087434616619610 -0.456467085387420 -0.080595181236633 -0.405664403119484 -0.074822642904696 
1.588097554276591 0.950835686869183 1.018807272965244 1.560822340754874 0.084301972295112 1.611296144174507 0.880423320879805 1.084163631390071 1.529541580443420 -0.168396104545191 -1.630487669568283 0.807190455682195 -1.151778119896437 -1.480137439976156 -0.334049599466035 -1.517620810120917 -0.267452797354559 -0.964743695582675 0.384316365569831 0.515910262086666 0.319427200317177 -0.337406126371749 -0.267560733106862 0.269036974870988 -0.241844086081193 0.240628529951516 
1.600554169858791 0.802365911384720 1.198324074885484 1.403091839057987 0.494947029982649 1.651211291861173 0.332813552827745 1.484370187431399 1.076935578308901 -0.944502100407762 -1.550381192400280 -0.167711559568442 -1.632751528559808 -0.638485510922136 -1.295028620910957 -1.144459495751093 0.706478790993995 -1.015354980694592 -0.292703064850049 0.671586955132757 -0.152000562534046 -0.480076179933577 0.109475067225800 0.393471979404483 0.094226806538253 0.355015048425977 
1.608764406825289 0.647683788530484 1.348008830592087 1.190388153859743 0.868762083186227 1.540149197153463 -0.248702577104180 1.640276100165027 0.411666363099287 -1.474537695011970 -1.005140147479239 -1.069775542132521 -1.429085868332324 0.493665090609567 -1.538748019516800 -0.100783505675022 1.185194345760712 -0.362851420230560 -0.723838918059411 0.314672061684618 -0.486776117438828 -0.242762545355630 0.387674590577158 0.203212561135492 0.345613768744347 0.184576135659527 
1.612764108114287 0.488434569061797 1.464838985615423 0.932069193049394 1.182556652847751 1.290213044453076 -0.791808467448971 1.530016598889746 -0.328435880435819 -1.629476556625651 -0.164882679733558 -1.578993413040980 -0.636204240052634 1.373078546035759 -0.958158446810731 0.977274887180559 0.898266702262168 0.516676640290888 -0.630885792499085 -0.266382534947123 -0.454155354639533 0.177362602028631 0.370455550882284 -0.143274396647945 0.333088225913603 -0.128860246570210 
1.612598641837844 0.326287797267896 1.546578663968708 0.639217333778446 1.417241573881488 0.925977237524108 -1.229882447972679 1.174827494639837 -0.992172252930245 -1.375572088284787 0.713898428333824 -1.519415579304537 0.408543025937877 1.585732458672728 0.117594377481748 1.451899606348703 0.059141034947054 1.014648350154640 -0.106695712590847 -0.632140519108225 -0.096691341578686 0.451831811073406 0.084374973537206 -0.372365540264082 0.077682627084282 -0.336981090522911 
1.608322686872865 0.162920414629115 1.591819119697221 0.324169045337578 1.558981334277895 0.482091262975287 -1.510146289419074 0.635066572662402 -1.445814255350544 -0.781523444122943 1.366540769079847 -0.919723991982564 1.269200117247063 1.040242145464135 1.108693819958219 1.054430894591309 -0.789731513493570 0.800498751724608 0.470621426545779 -0.516336339074843 0.316909538738583 0.372755207921326 -0.253185716520364 -0.308029226151650 -0.225978960367565 -0.279022803874286 
1.600000000000000 0.000000000000004 1.600000000000003 -0.000000000000005 1.599999999999739 0.000000000021784 -1.599999997641714 0.000000031178295 -1.599998482830826 -0.000006060331389 1.599809403721823 -0.000313890821215 1.592426830089100 0.005998439334721 1.493332493318597 0.033278619098285 -1.119783619621622 0.033515074640921 0.703996498565445 -0.012858545739663 0.490255848310806 0.005357540337105 -0.397114791711199 -0.003310799914858 -0.356445399037556 -0.002697857972758 
1.587703165246289 -0.160831691364632 1.571411182265206 -0.320013031935824 1.538994394094807 -0.475910605730256 -1.490785439184858 -0.626924654190871 -1.427277941843427 0.771496226406911 1.348992252206871 0.907530106566163 1.251765551654485 -1.019135491668646 1.078094988707781 -0.999408928543886 -0.736774881689092 -0.753687815868715 0.442699671903202 0.499727324373067 0.306550103535754 -0.366002900703846 -0.248945631676540 0.303822854371707 -0.223969725131828 0.275560505028810 
1.571513326122229 -0.317974732369345 1.507175385905813 -0.622931541835057 1.381133508304843 -0.902385460780460 -1.198547862827211 -1.144895595879451 -0.966893672650019 1.340527876651315 0.695671866915803 1.480806943380337 0.396576192887975 -1.547102739042555 0.093027376541083 -1.429226634450787 0.108921198002289 -1.016749253210514 -0.124001244635232 0.636595771904276 -0.095330876777238 -0.454091028622416 0.077737139441917 0.373660706806110 0.069417320081707 0.337944201833936 
1.551519901477035 -0.469886420869571 1.409212188693319 -0.896674160401958 1.137649438182628 -1.241217612423006 -0.761739791203074 -1.471914756503238 -0.315963460272563 1.567608056681119 -0.158643298673396 1.519557184666867 -0.612985300981778 -1.330869863678044 -0.933871491228363 -0.999924227110381 0.881918238049237 -0.567664887281327 -0.600082075985739 0.289223994015793 -0.423199189526388 -0.187082679418208 0.342456421883927 0.149159715103644 0.306881103894345 0.133577042311911 
1.527820285727161 -0.615095924956619 1.280184486914497 -1.130494410269324 0.825050783403301 -1.462657413687686 -0.236189240020745 -1.557746540718951 0.390953512823328 1.400357980155009 -0.954558678302790 1.016516968188796 -1.356909708332020 -0.479879378659130 -1.455646406208060 0.034685239280521 1.092688291313693 0.292552867025275 -0.652363837348147 -0.289318266984559 -0.439373150459631 0.232742122978986 0.351626600686043 -0.197043515986644 0.314381473935401 -0.179500680863090 
1.500519534242616 -0.752218041923173 1.123428820205140 -1.315398599116866 0.464012840608798 -1.548010586130951 0.312012705345580 -1.391597067252457 1.009626835693222 0.885474158612064 -1.453449954193231 0.157432287798672 -1.529425562775846 0.594133157165850 -1.194321627048152 1.056582742514611 0.601363980290602 0.968553869925145 -0.239040672107332 -0.662172164394132 -0.130621860805562 0.477391016311757 0.098789948665262 -0.391625904654237 0.087274276955806 -0.353293528633930 
1.469730034703181 -0.879965946232970 0.942871327154169 -1.444487756350782 0.078018595478150 -1.491199537130827 0.814801706473390 -1.003356369997248 1.415538209430015 0.155838483297400 -1.508926727336322 -0.747323423201163 -1.064510538441644 1.374933578429565 -0.288666629913665 1.446523367932426 -0.289182437162844 0.972456869267710 0.355300841721218 -0.530437518858676 0.278522092142622 0.344431890484246 -0.228398029887635 -0.272993689593160 -0.204650351570975 -0.243579934489095 
1.435571165262197 -0.997162813056240 0.742931399430303 -1.513210768107229 -0.308160697419903 -1.299159110217356 1.210570266096540 -0.458284254981312 1.528900706288941 -0.603711770343291 -1.109726561440255 -1.374762335358683 -0.161402371321677 1.489240175006439 0.776419311274271 0.955860788265057 -1.012632102371800 0.270311773074756 0.707619151049252 0.030190237643062 0.483000495521903 -0.075720444486145 -0.382834284826045 0.073731295154224 -0.340159730999513 0.069334539801023 
1.398168940379247 -1.102752216152280 0.528415354021574 -1.519519593732640 -0.670047543474347 -0.991045249764471 1.451696538839361 0.153924846831026 1.330295193341489 -1.203152845096608 -0.381480170620899 -1.504558935879799 0.800008085068365 0.885786871556225 1.425173117120285 -0.132961866834586 -1.090323158521602 -0.667156759344298 0.549731024375286 0.600928187534969 0.320302112040649 -0.452710311183987 -0.241987812579207 0.371002716356744 -0.212307777891586 0.333448475031421 
1.357655645204536 -1.195807211954569 0.304402640134078 -1.463921496822060 -0.985002290945758 -0.596343000410838 1.510254230061462 0.733871273885673 0.863868832864618 -1.494761676764598 0.452713260980920 -1.096434460900677 1.418501722178104 -0.140307675209641 1.299778043597002 -1.161659258866298 -0.443761589322128 -1.166353886323654 -0.029109977875387 0.719918232347552 -0.098770744385273 -0.467228344609962 0.092293753284696 0.364762616886462 0.084429385590135 0.322838439255039 
1.314169459417311 -1.275538035507264 0.076127235587891 -1.349427429172988 -1.233632323753762 -0.152059053669935 1.381221436273482 1.188559873709782 0.227599411305582 -1.409466076457272 1.140570758867941 -0.302414339280924 1.439105276444034 -1.090615907661366 0.459182504415327 -1.487860049552740 0.531251865858675 -0.823640115821970 -0.620173559997997 0.248145387256254 -0.456053670694290 -0.078907241907303 0.359893806224415 0.041360051783343 0.317399697453177 0.031459374053986 
1.267854071437941 -1.341298348274365 -0.151143035258325 -1.181399896147881 -1.400979088990616 0.300735138422501 1.082822957427269 1.446283849682659 -0.447242430885426 -0.973125781255156 1.476885886996432 0.589714513126912 0.858834627644169 -1.505633190452588 -0.643209839404788 -0.885934661401130 1.194324648503333 0.171589122545756 -0.770469933670481 -0.478674970219036 -0.458430858887400 0.407822291898804 0.338702187439673 -0.336424876928375 0.293317397568460 -0.300974031983254 
1.218858283948530 -1.392589992649562 -0.372226514971026 -0.967307639012636 -1.477410731743619 0.720687944346829 0.653998500190349 1.467905033857156 -1.023136718759766 -0.298927876785051 1.364709154467649 1.260743300696117 -0.073748910436762 -1.188504274186987 -1.399562505785535 0.291778829199467 1.071222262000070 1.116466345136530 -0.322173647329371 -0.866277950152876 -0.076570452418174 0.565746704905696 0.030112264094609 -0.430668277745958 0.020562756556750 -0.375985927675862 
1.167335611669934 -1.429066223088213 -0.582144357548229 -0.716398135164917 -1.459167526389275 1.069932209730106 0.149343714790120 1.252760583611930 -1.384299916777294 0.441915276229711 0.843202994336476 1.474284750987123 -0.964841491013785 -0.300121169948161 -1.382256004584940 1.311317641274122 0.191680936534439 1.271175493810408 0.428446526084159 -0.530178151677443 0.399062549383593 0.211223506845794 -0.318758857795370 -0.127059418205736 -0.278779211748306 -0.102627199452014 
1.113443872353918 -1.450533399014040 -0.776231210420622 -0.439302097617705 -1.348529806401499 1.317488318445912 -0.367821465628852 0.838310790065083 -1.459925446843208 1.063593078582989 0.074192165606428 1.159956879077983 -1.442278860516094 0.721985103325206 -0.590114199156058 1.511309435806236 -0.882527908280634 0.429744050423477 0.902815905822671 0.331744305030108 0.560985400486742 -0.384845392817201 -0.400081088008270 0.323843258862926 -0.339336019641769 0.287697396540124 
1.057344771957773 -1.456951139873073 -0.950237504206531 -0.147586728546362 -1.153602251532718 1.442000849621413 -0.833379513165309 0.293659043462895 -1.238021817452057 1.412246797782845 -0.708018311434681 0.436246988139962 -1.311828575892696 1.380768790239082 0.538431099494514 0.738816121006154 -1.398399932716610 -0.842436071296820 0.667140428259195 1.007037623986950 0.224226033402768 -0.671050438012883 -0.113969686155292 0.489578990248046 -0.087016529183488 0.417529861453396 
0.999203484975265 -1.448430957768552 -1.100421137004741 0.146723648262474 -0.887732653051470 1.433568096093147 -1.190346980178304 -0.291941722707315 -0.767153158511178 1.403995887664385 -1.267982654818354 -0.434178633292072 -0.636457093220209 1.363845900750827 1.365225251695180 -0.524268059417878 -0.932668238852166 -1.552808611551836 -0.178731963431129 0.821381764920894 -0.364590295997161 -0.304049343516528 0.304365519687008 0.160138349223636 0.263240883764930 0.122233415857150 
0.939188230901808 -1.425233397868447 -1.223626603829637 0.431639851729034 -0.568606116674833 1.294508870987467 -1.395832126584232 -0.823689088962501 -0.145871646628668 1.045057725615829 -1.439890581388201 -1.139753357071311 0.294214178949557 0.692324733227699 1.417860045688028 -1.455296806043860 0.256783407023012 -1.038916976503030 -0.983638171283950 -0.207487151328211 -0.670887076886348 0.447017288095829 0.452046967516605 -0.381756977651011 0.369961686295706 -0.332834943848710 
0.877469847813992 -1.387763731091447 -1.317349926484487 0.695692986749756 -0.217075657925592 1.039009313472419 -1.426171053739127 -1.216553641032416 0.497870768191443 0.429150935689077 -1.176544759084660 -1.431281556660587 1.089269673673954 -0.297984059691761 0.668832140821865 -1.435968733538733 1.338906894397107 0.412476239011191 -1.007251666983511 -1.213239554524356 -0.331574595651058 0.828058572816063 0.135098204532846 -0.555797140749032 0.092484226914135 -0.453221557705968 
0.814221364043151 -1.336566257313090 -1.379788077464472 0.928392963879954 0.144193930188845 0.691694751203939 -1.279629457564520 -1.408851391679238 1.033038671958221 -0.286910307397097 -0.562145232083512 -1.209634188917014 1.421266141962610 -1.128006028348124 -0.444928499292847 -0.482267149213011 1.475623711686243 1.653055515979020 -0.081769652478103 -1.138291904317744 0.424772854987907 0.309023952759528 -0.371924806391181 -0.082778880317328 -0.312447718600896 -0.040502187470913 
0.749617568920494 -1.272317290363118 -1.409871955435367 1.120642187203142 0.492181158317052 0.285268759917405 -0.976364546696319 -1.371903540688396 1.352152522159508 -0.923095410688169 0.214494865707174 -0.559301897003254 1.160061769099459 -1.408096847435005 -1.282953005574460 0.759067987562247 0.483565633981449 1.555075950324753 1.082482332553737 0.192936946540042 0.848755609372965 -0.709594526633664 -0.509379207490678 0.575860837566847 -0.387249754732469 0.476635740615410 
0.683834583566522 -1.195816908288067 -1.407282351013753 1.265088214849682 0.804968848542646 -0.142555362794925 -0.555683250324501 -1.114274889640043 1.392841775909379 -1.321381567752306 0.917836452338992 0.283395814921919 0.421666737433881 -1.016641598583099 -1.383785249636333 1.466647107823851 -0.932876464314158 0.060179334529000 1.364480993797790 1.596259596410266 0.352428661319437 -1.053961482133073 -0.022918301295023 0.570567819684751 0.020705001295276 0.415771733355544 
0.617049432690921 -1.107979563618930 -1.372448731246431 1.356401838863380 1.063118725581008 -0.552543797010860 -0.070966068428278 -0.679971135338629 1.149995434567021 -1.384967693554778 1.336960455173676 1.015784867155329 -0.483867069190674 -0.146582720869482 -0.725547140746532 1.219771334694817 -1.661765995916725 -1.583384270586560 0.277800343533200 1.444610288497240 -0.715780355628588 -0.027310044882487 0.592036829277082 -0.280343435674353 0.456367356362965 -0.268661715828083 
0.549439618360128 -1.009823658611364 -1.306531060519529 1.391470189766405 1.250873740525621 -0.907530200661132 0.417090192953370 -0.140953642421332 0.676150541511062 -1.101748948753735 1.348838025019891 1.377564173300038 -1.180688704302018 0.788941232875711 0.295748869705193 0.248814187584345 -1.092712536458556 -1.847515061881628 -1.303901010420236 -0.497278893309807 -1.124029192392378 1.366272675820196 0.473619006188702 -0.903259093070601 0.282219910386928 -0.650428663949039 
0.481182696678857 -0.902460199525764 -1.211385255887468 1.369498013594248 1.357114108550838 -1.175775284118069 0.848057451546615 0.414760092797004 0.070173651869583 -0.546372183741122 0.954493324049066 1.243806027365559 -1.380171195704022 1.343692632927597 1.126845264666275 -0.807751312400457 0.309720458113523 -0.441024877040336 -1.709058915382817 -2.237528613666194 -0.048064559471221 1.077756105804595 -0.451403601378719 -0.122121681934498 -0.389449550554278 0.035711932045879 
0.412455858318849 -0.787080651908383 -1.089513237558609 1.292014048735970 1.376009409879992 -1.333795141532901 1.169243200267370 0.897446558610318 -0.543334118905113 0.139381382683520 0.277278594705337 0.668289230737665 -1.000819949226937 1.245406763309375 1.353318043008086 -1.361644263542464 1.389084410970428 1.279843822526684 -0.225154879890055 -1.409118716603966 1.471801430853781 -1.168194911482707 -0.880695171099470 1.191453863351319 -0.500589709427187 0.828041793286584 
0.343435513813054 -0.664944125456952 -0.943998872545694 1.162783292036999 1.307328925896275 -1.368407147953661 1.342118371890481 1.230141017895076 -1.039624763097074 0.782733617869801 -0.475826783671805 -0.138558529440961 -0.206385576488819 0.540416624849992 0.861969961871265 -1.134261456914262 1.367042251926415 1.735354432846416 1.680060603894117 1.433369377172040 1.124650020632495 -2.198241945652530 0.303461982864957 0.455003951239176 0.408532945035577 -0.002482164570110 
0.274296884516417 -0.537364022352216 -0.778431413975325 0.987629732048466 1.156394372850091 -1.277816092169728 1.346923869681771 1.360888405198079 -1.319138531613147 1.223387023509474 -1.077490066509438 -0.887299481442938 0.662884786952579 -0.413900094765135 -0.119439161848821 -0.193658816497975 0.457205650235434 0.817275752133348 1.705627822659490 2.588329064575542 -1.337944979497306 0.703936168928102 1.402906660145683 -1.853148614284956 0.640404410165427 -1.141633192126074 
0.205213600115493 -0.405694286871004 -0.596818303750241 0.774177690401686 0.933681944976788 -1.071652364799942 1.184906890538435 1.270833508665750 -1.327449900715889 1.353448144509509 -1.348291570868148 -1.312131815878215 1.243941735244556 -1.147791184423795 -1.051723249837035 0.935952099099299 -0.670466649629739 -0.503758048132441 -0.170087935040852 0.331482946424264 -2.125917319925538 3.290909069847634 -0.584386759268743 -0.241450657373395 -0.929524252857184 0.795743795188133 
0.136357303548277 -0.271315396641246 -0.403489426616267 0.531523109065784 0.654102645150616 -0.769970202955119 0.877936824351565 0.976894625269179 -1.065828271091907 1.143824870912683 -1.210074184886154 -1.263943788233965 1.305271741896410 -1.333354062334424 -1.355582972569005 1.403412268915273 -1.462842629844510 -1.610205250587871 -1.512416746820540 -1.852521993125497 1.036501183063744 -0.650905504149568 -2.220719707131921 3.519258599598266 0.026624880701213 0.744635824128829 
0.067897264172972 -0.135620237042620 -0.202995074708831 0.269848826929673 0.336009881081956 -0.401308402689638 0.465576771372548 0.528650008996199 -0.590366220032429 0.650567548730441 -0.709097102695353 -0.765772955683504 0.820691561539398 -0.875013070868822 -0.932439412452918 1.004953976775145 -1.126868499173542 -1.382173911002508 -1.515507502705986 -1.995919664344868 2.234453597197338 -3.302961379296895 2.947385405380913 -3.732396089150232 1.518542514496280 -2.895268579840330 
0.000000000000000 0.000000000000000 0.000000000000000 0.000000000000000 0.000000000000000 0.000000000000000 0.000000000000000 0.000000000000000 0.000000000000000 0.000000000000000 0.000000000000000 0.000000000000000 0.000000000000000 0.000000000000000 0.000000000000000 0.000000000000000 0.000000000000000 0.000000000000000 0.000000000000000 0.000000000000000 0.000000000000000 0.000000000000000 0.000000000000000 0.000000000000000 0.000000000000000 0.000000000000000 
******************************************
ASBF PLOT NODES
63 1
1.000000000000000 
1.008064516129032 
1.016129032258065 
1.024193548387097 
1.032258064516129 
1.040322580645161 
1.048387096774194 
1.056451612903226 
1.064516129032258 
1.072580645161290 
1.080645161290323 
1.088709677419355 
1.096774193548387 
1.104838709677419 
1.112903225806452 
1.120967741935484 
1.129032258064516 
1.137096774193548 
1.145161290322581 
1.153225806451613 
1.161290322580645 
1.169354838709677 
1.177419354838710 
1.185483870967742 
1.193548387096774 
1.201612903225806 
1.209677419354839 
1.217741935483871 
1.225806451612903 
1.233870967741935 
1.241935483870968 
1.250000000000000 
1.258064516129032 
1.266129032258065 
1.274193548387097 
1.282258064516129 
1.290322580645161 
1.298387096774194 
1.306451612903226 
1.314516129032258 
1.322580645161290 
1.330645161290323 
1.338709677419355 
1.346774193548387 
1.354838709677419 
1.362903225806452 
1.370967741935484 
1.379032258064516 
1.387096774193548 
1.395161290322581 
1.403225806451613 
1.411290322580645 
1.419354838709677 
1.427419354838710 
1.435483870967742 
1.443548387096774 
1.451612903225806 
1.459677419354839 
1.467741935483871 
1.475806451612903 
1.483870967741935 
1.491935483870968 
1.500000000000000 
