******************************************
ASBF EIGENVALUES
31 1
39.478417604357688 
157.913670417424981 
355.305758439220256 
631.654681669718343 
986.960440108937291 
1421.223033756867608 
1934.442462613510770 
2526.618726678869280 
3197.751825952948366 
3947.841760435740525 
4776.888530127514059 
5684.892135179824436 
6671.852577575351461 
7737.770307318671257 
8882.647071007831983 
10106.686250739663592 
11410.037344384083553 
12809.452677895129455 
14293.529899205661422 
16142.367539318007402 
17979.664515382301033 
21375.420636265156645 
23957.260733558086940 
31242.079216673359042 
35240.554291119085974 
52892.005768742696091 
59946.937431718099106 
115094.904323360213311 
130875.019166729747667 
451475.154718608653639 
514363.575808492256328 
******************************************
ASBF QUADRATURE VANDERMONDE
35 31
-0.007200881402648 0.014401669351647 0.021602270394569 -0.028802591081381 -0.036002537965746 0.043202017606116 0.050400936566988 0.057599201410913 -0.064796718827929 -0.071993402829077 0.079189124539206 -0.086382556826514 0.093577389207520 0.100837571900052 0.107998935487357 0.113826328848662 0.121366542449081 -0.142816531990930 0.146927843043027 -0.125506959889921 -0.135515082531675 0.341945701457512 0.292069979696328 -0.225527909217146 -0.211577460265447 -1.060128069836793 0.808791364925934 0.829276677919111 0.680775305066167 -9.599217789914832 -6.994628762181812 
-0.037784684506652 0.075555800190399 0.113299783101075 -0.151003079032028 -0.188652148387827 0.226233471046140 0.263733551213283 0.301138922282898 -0.338436151503197 -0.375611834946331 0.412652668677843 -0.449547048611143 0.486276779731699 0.522740473585351 0.559140671265460 0.597409757273866 0.632953092197364 -0.661657081692623 0.696767745255118 -0.916750498317123 -0.900293809062017 1.134219794081959 1.041555374703709 -2.254319391456937 -1.853733094962786 -2.996497312800996 2.366900863838552 8.441429948451296 6.264722035901301 -8.955695169381642 -5.476732463259900 
-0.092158487995095 0.184118286013188 0.275681132444896 -0.366649621492329 -0.456827628768198 0.546020734131940 0.634036640851594 0.720685590175094 -0.805780770603238 -0.889138730893177 0.970579712226954 -1.049926351940857 1.127012162810597 1.201766525189905 1.273818657235520 1.341450169646172 1.407793230570632 -1.512006452760856 1.564692655838762 -1.780961339016432 -1.749503586508868 2.748096901784259 2.421534130180147 -3.508676676006226 -2.806630190608356 -6.004556167837212 4.431976079859881 3.147587383024515 1.268355012996597 5.764373293600368 3.940916181926532 
-0.169180797446458 0.337115412818579 0.502566843392113 -0.664316377528011 -0.821172571675839 0.971980026521178 1.115627897631622 1.251058077923828 -1.377272991547018 -1.493342933306084 1.598412960276308 -1.691710664129173 1.772545969712845 1.840241069123633 1.894433036812882 1.937056951747162 1.963422119103580 -1.986692997409798 1.968595950554021 -2.297452766581602 -2.137768039062019 2.535563303668041 2.005884070683821 -2.873109944461969 -1.959108715633294 0.685542021305306 -1.468380689368541 -5.575295891238893 -3.522426815070165 -2.373018539357116 -2.009167809995598 
-0.267102970499485 0.529208674482757 0.781413339985936 -1.018998434947055 -1.237518946876827 1.432886545213749 1.601446070467430 1.740043919098111 -1.846087044744987 -1.917591477358817 1.953219432546981 -1.952303344649303 1.914860256316507 1.841650983294937 1.734018769288986 1.593001872891906 1.421239838069187 -1.252416995814309 1.029959363722266 -0.781352585192879 -0.396591514588189 -0.023737944838812 -0.414071716721117 2.765174689246287 2.810773591077070 4.369416699224905 -2.355732686724104 2.924713268210013 2.367250636181228 0.847797211015617 1.081883724355713 
-0.383510928969234 0.751862207461738 1.090493424775329 -1.386018962646726 -1.626757110014623 1.803191824714822 1.908348889313628 1.938071592166426 -1.891185036504033 -1.769542581557766 1.577952545788670 -1.323988437062260 1.017693032758881 0.671153773921704 0.297929688710618 -0.086603663790534 -0.465588472589027 0.850496910166259 -1.200641647963965 1.713051175829619 1.817288428029946 -2.922338417089419 -2.584512415864828 2.243314500498816 0.593526054113505 -3.571036172180728 2.647441841294382 -0.900367571304512 -1.243927676355039 -0.137613844685921 -0.611754658730111 
-0.515270135840183 0.992614037435860 1.396897014519109 -1.698361994394638 -1.874819778333422 1.913282267894659 1.810918448262541 1.575262763867020 -1.223660548662372 -0.781991325822027 0.282764043396786 0.237275164691605 -0.739857286502499 -1.188019270847780 -1.548451406878511 -1.794937698384794 -1.913179594772649 1.917326583607333 -1.708202322453253 1.530404288285165 1.022604212961672 0.110990577775229 1.168808226332668 -3.652570071339998 -2.385487282128164 1.368891976565702 -1.649373367213058 -0.052783472325646 0.610824450311470 -0.229522080172807 0.336697545057763 
-0.658502930594931 1.234749437269901 1.656758098632376 -1.871814003731918 -1.853053597564451 1.602820322886195 1.152371890732811 0.557975745725690 0.106119541303984 0.756958970269251 -1.313243513207720 1.705487044987130 -1.884680246448673 -1.828357617624939 -1.544057691640873 -1.068795437947802 -0.452430506047722 -0.242482767388235 0.859324302069375 -1.641398340691265 -2.045866371109945 2.710201734933850 1.318991225810136 2.085380498855165 2.092422061088042 0.030591006038648 0.797055213986247 0.451631765417025 -0.269234921804971 0.425774483191354 -0.156730049399680 
-0.808618865226012 1.457663182763552 1.819049181809465 -1.821460189183524 -1.464420411619237 0.818388829807962 0.010854674947987 -0.798821564277076 1.450856676170764 1.816576696927995 -1.823809521783250 1.471125028094944 -0.828138791943587 -0.021879438904811 0.789219542901398 1.448095889630889 1.811728534582895 -1.819012194754855 1.491576689025037 -0.890933016130750 0.325643476858643 -2.597631499503888 -2.181253109850259 -0.321021594520704 -1.197176543442331 -0.625897300312590 -0.292212109792151 -0.604812482796223 0.070077813770490 -0.522411288997013 0.029781226455957 
-0.960413739119259 1.638128265399080 1.833657299848141 -1.489446580303679 -0.706815044117892 -0.283868551775389 -1.190995017165610 -1.747550327532375 1.789711598866810 1.305068576800632 -0.436276822360146 -0.560929832199377 1.393040529155629 1.815319212109041 1.702670229975294 1.084609259187256 0.156865548688823 0.803384103861649 -1.600182102124381 2.285577122983071 1.455120073525607 1.015101731861821 1.713802993864466 -0.659275785288969 0.471691441805271 0.799296048008616 0.015457897445494 0.642913901654572 0.057326677745599 0.554513364122036 0.064224141186539 
-1.108245264921190 1.752534187389446 1.663141336209300 -0.877490178538948 0.275513898796065 -1.313176702113113 -1.801090565379148 -1.534994989018288 0.626288356393601 -0.544607916386721 1.487509408975515 -1.807683752144142 1.371074033035314 0.360221141680202 -0.800856045166186 -1.621566923681072 -1.773471195040992 1.238954879135263 -0.051874357096572 -1.680544834819067 -1.948923605628774 0.376245095743356 -0.888799738628705 0.991522789749895 -0.030232934896369 -0.790997524178318 0.140531283238038 -0.620486414122626 -0.144982123624605 -0.542299450960106 -0.135908379730937 
-1.246282991153090 1.779927974654158 1.295791014065679 -0.070706826280695 1.194808284629964 -1.777119178256870 -1.343254227759446 -0.141302074437658 -1.141448123985721 -1.771506045064432 1.388597641237710 -0.211669299218064 -1.086281272876768 -1.762800339096220 -1.431832108929305 -0.288572223196308 1.030015267547185 -1.851179650076333 1.473067367254418 0.266189088050601 1.457687131739975 -1.074353264825358 0.212105384629575 -0.988153853963371 -0.211834436773961 0.709252335342517 -0.234289577839700 0.562905912381896 0.208172584323920 0.499010008651109 0.191349982064737 
-1.368818500208977 1.705429588791904 0.755999422607637 0.763519624667440 1.707278908772134 -1.363602391067929 0.008348141311443 1.374003453913052 -1.703541451480675 -0.748461987021756 -0.771022380924270 1.709084402894486 -1.358358021023846 0.016394286069594 1.379135105981531 1.709438622775675 0.742324393493640 0.888064793898309 -1.759058781586255 0.878475455707130 -0.650211195988092 1.225057771974898 0.219784617557897 0.850140409075990 0.341296190250605 -0.598324380931086 0.294261188597903 -0.483915869914833 -0.254770524426024 -0.434173507348921 -0.234236636834911 
-1.470610777891230 1.523374885715359 0.107421341359262 1.412099369394682 1.570185485217297 -0.214422868885656 1.348069328927390 1.610859635654097 -0.320586409633132 1.278770869303917 -1.645238410254060 0.425501529332690 1.204474066961904 1.673468556064876 0.528907473921269 -1.133240891986341 -1.699301482177975 0.532908498307546 1.133711011902783 -1.399655152462237 -0.068130456524075 -1.084480474044630 -0.462700665941537 -0.671574588913253 -0.411405487524613 0.476534004426015 -0.334167632927337 0.392133470325204 0.289126347813116 0.355094868702367 0.266903077827116 
-1.547233036222472 1.239448725207728 -0.554342433156161 1.683518238990496 0.794280874600549 1.047240190090950 1.633198147052071 0.261072981885174 1.424059273426668 1.401850381219826 0.301072869403602 -1.643035693603141 1.015123182551981 -0.830078666458641 -1.680223351384647 -0.509347340259303 1.275237931740509 -1.458581555399433 -0.163425123639506 1.389044930773784 0.571884378341881 0.828910165167909 0.589196174728956 0.489384208760476 0.450092510045385 -0.352183136529436 0.360850771691897 -0.293599210891490 -0.313779632869750 -0.267592597385644 -0.290869367235293 
-1.595383016060542 0.871171964328829 -1.119672428827035 1.482578265766525 -0.310098422424253 1.651910049469253 0.591940591532506 -1.328676040657980 1.317475027296512 -0.609258021908146 1.650165414165446 -0.291825958257324 -1.490819945146255 -1.105741602964066 0.887451014205292 1.585845606691439 -0.030946604313344 1.557149331182099 -0.713360767191312 -1.053386907431478 -0.873735583058766 -0.546599335484447 -0.650577376198388 -0.315857338362646 -0.471167396230015 0.229618127945655 -0.377860918152567 0.192859202582917 0.330262098825705 0.176396528217185 0.307134910532432 
-1.613120132163310 0.446408438605236 -1.489582839382336 0.858629658986429 -1.251969088387693 1.205094596585092 -0.918476010899664 -1.459269988571666 -0.514643448292049 -1.601690361436758 -0.071398145183604 1.621447848793778 -0.377300863129528 1.516968868045316 0.796428253637712 -1.294687959052448 -1.140393874253196 -0.961185284666341 1.273553660439871 0.562886450436117 1.021742804045335 0.271871622966909 0.676187579167018 0.153888425102293 0.481252182745991 -0.111485895227827 0.387072543650782 -0.093471977693863 -0.339494844492154 -0.085385804233968 -0.316343308939543 
-1.600000000000000 0.000000000000010 -1.600000000000008 0.000000000000024 -1.599999999999990 -0.000000000000015 -1.599999999999875 0.000000000003069 -1.599999999653521 0.000000002732244 -1.599999849486385 -0.000000521915195 1.599981764387506 -0.000033234126429 -1.599153239977361 0.000919688631978 1.582249971452062 0.010261456324064 -1.441274073218050 -0.025266316756162 -1.054115802257203 -0.013168099378324 -0.680124748986668 -0.003116576726408 -0.483281137829947 -0.000412197569689 -0.389414855936812 -0.001722191978602 0.341988446293253 -0.002249599676976 0.318873344917431 
-1.557089004194361 -0.430902607482550 -1.437842733342079 -0.828805477053899 -1.208482407634082 -1.163236083874479 -0.886573088186832 1.408582788127204 -0.496767499737376 1.546056237314626 -0.068918236885107 -1.565126513753995 -0.364188407757992 -1.464218045770141 0.768514672230678 1.248089947210575 -1.096848146093464 0.908800618316255 1.213973955582071 -0.491407447839587 0.985772069244850 -0.230828733344848 0.666286377812845 -0.137812606964980 0.478039853904159 0.104773990147693 0.385185128709771 0.090432388356889 -0.337936273203776 0.083883269244493 -0.314883504884940 
-1.486856701453271 -0.811910281255857 -1.043506441697454 -1.381725521515933 -0.289003902417184 -1.539538469775323 0.551673689968225 1.238292532408888 1.227853471161244 0.567813101812636 1.537912662259539 0.271973712223861 -1.389419536564181 1.030480487987950 0.827532303981505 -1.476864192402503 -0.036070703688271 -1.436321344627575 -0.632950163730791 0.925813518618060 -0.807063874060421 0.462094789255387 -0.630163777967950 0.270374393116593 -0.464583216425310 -0.200621787063086 -0.374131988829309 -0.170788029409173 0.327239281960382 -0.157341756339740 0.304322969803549 
-1.392959409073497 -1.115864076983196 -0.499069299863669 -1.515655700497526 0.715083631114300 -0.942820533297715 1.470352993089789 -0.235041560037929 1.282067223581937 -1.262072768875188 0.271052883779071 1.479210041034374 0.913923072034681 0.747332930597323 -1.513262706951219 0.458164984858437 1.157395728213694 1.305423826206916 -0.196744188918800 -1.193825334167055 0.488322495536708 -0.675641233447697 0.557463255391544 -0.395485347315779 0.439790632620972 0.287153490702069 0.355358343176239 0.241218060478077 -0.309473089092489 0.220796654444433 -0.286913080585897 
-1.279941629876085 -1.325864711076592 0.093493838621330 -1.229016402968160 1.366606174367011 0.186622293546487 1.173288051463977 -1.402006797826052 -0.279021408454404 -1.112974346853194 -1.431928028649527 -0.370334018386074 1.048290937289457 -1.456497269773800 0.460945702868039 0.986017102154238 -1.488603582645992 -0.466152476018218 1.051812291883142 1.173188663384589 0.004498406140226 0.848677513743185 -0.419907939970448 0.512082442567073 -0.396831502852486 -0.363508521029121 -0.326994279411676 -0.300313480329995 0.283786999345178 -0.272649353252803 0.262095891212931 
-1.152890814891044 -1.436402348493617 0.636742409789415 -0.643076318835426 1.437959942885142 1.148497533884684 0.007031242956842 -1.157257855151294 -1.434812060916351 0.630393986980909 -0.649395775010184 -1.439480886709734 -1.144060695928700 -0.013827179043937 1.160993276298733 -1.439029063371762 0.633251739852303 -0.735011260262442 -1.552069141519050 -0.729633291877667 -0.667206168449625 -0.923624646716395 0.170274231217941 -0.613482247578676 0.321783395336498 0.428256851474332 0.285454755590092 0.346638626462462 -0.248697248783464 0.311396065599869 -0.228937518553766 
-1.017084127842378 -1.452588621183466 1.057487330536167 0.057703419889909 0.975075926365144 1.450296379169140 -1.096221776602095 0.115315781534703 -0.931529016221430 1.445715532005964 1.133226496724863 0.172742560391158 -0.886526138243182 1.438642653354858 -1.167983546363014 0.234633638585323 0.835218261159706 1.491609187403769 1.258296282326246 -0.166408538558068 1.370283677994164 0.790102087903569 0.254225267384198 0.678695165891363 -0.187159761128975 -0.478138233243452 -0.223824809177183 -0.378421490581648 0.201684847267177 -0.335452409889164 0.185959574905518 
-0.877663273504758 -1.387901162783399 1.317107427066203 0.694919190671679 0.218190357285742 1.039956586819948 -1.426354879668333 1.215623264562660 0.495982528098988 0.431296560122470 1.178017351774971 1.431575631676535 1.085823647147446 -0.285312573569475 -0.634677113045184 1.284984018694339 -1.401054961189146 -0.965458190813624 -0.061051059596218 1.212124838641838 -1.752582892363647 -0.297777946221049 -0.893116001246695 -0.654697432089861 -0.057987841999112 0.504819744968195 0.128327823062329 0.392957611159925 -0.138391127027142 0.342897740622602 -0.130844198598333 
-0.739366087546145 -1.261098667328165 1.411624978347899 1.146637377030886 -0.544135358025486 0.218533713080813 -0.916877060646730 1.345336281463752 1.377793766735978 -1.004695593143362 -0.335863718836347 0.431827605908711 1.072407606472797 -1.397466808310176 1.311128752478460 -0.835795664317149 0.117429059398087 -0.622965158182784 -1.250349324780867 -1.618915395918244 1.267440675410354 -0.616605107240024 1.638253386736133 0.431249741243926 0.493526482921699 -0.486655860855134 0.029254483878351 -0.385298154684482 0.050914108136899 -0.331056063027360 0.059898701200798 
-0.606333212406153 -1.093011353332994 1.363992334785703 1.365800199911130 -1.098078180802914 -0.613659103830216 0.008139248555407 0.598986823137647 1.087907575116055 -1.362138367834143 -1.367561935810899 -1.103106206152037 -0.620961430755088 0.016369842079919 0.591573039411595 -1.084938903401832 1.361994285212598 1.362027688120930 1.140120962070957 0.604320327642996 0.268648689902418 1.605055464886115 -2.016653743873902 0.155093926045571 -1.189855481243576 0.369610822956930 -0.306028334990792 0.345037080233222 0.076042314299111 0.295725390568921 0.032973447381784 
-0.481996846539411 -0.903785400761646 1.212678246242620 1.370090253496699 -1.356358413906661 -1.173198030421045 0.843488451709984 -0.408415114636905 0.077675105236688 -0.554062589056226 -0.961239742667447 -1.248345288324422 -1.379512499759105 1.338309952791167 -1.130086708056730 0.781642635501507 -0.332345623430868 0.171572504763585 0.645612160074569 1.137972290404698 -1.678679591605281 -1.645868879603486 1.181783448402220 -1.154730971039889 2.019821418654933 -0.034693014799382 0.804198249639184 -0.247867322529115 -0.274317359906009 -0.229588882167637 -0.158406110835224 
-0.369048128653115 -0.710932630305148 1.000489244906147 1.216405283773992 -1.342788340775172 -1.370336045966271 1.297020762487952 -1.128238829896155 -0.876413368883427 0.560079881281956 0.202521984508640 -0.169942198776092 -0.529901463551186 0.850867392559639 -1.109054237301256 1.285797169547975 -1.371892754724522 -1.361751910954311 -1.250727982112743 -1.032416346022165 0.829281935872152 -0.074184174292875 1.046289483388588 2.003053146505924 -2.246526984454275 -0.701497536243372 -1.630744890048927 0.033460539499435 0.613628268580011 0.118518561931666 0.336434889010118 
-0.269471568031640 -0.528291301979354 0.766228419858132 0.973877600280816 -1.143030761653864 -1.267001516159500 1.340889473311605 -1.361773945537565 -1.328829398986643 1.243358083744592 1.108738517700742 0.930292410075494 0.715077679613520 -0.471573542907377 0.209269533437378 0.060702555639508 -0.326444703619440 -0.594548491828648 -0.870792950147877 -1.125976367452795 1.413624113009482 1.720608327156459 -2.257436325835035 -1.213453082534983 0.529705883064527 1.816476413401295 2.572668673516390 0.441536118103086 -1.239172204665162 0.068228793531658 -0.608917568966303 
-0.184629743842899 -0.365805224204320 0.540136803897192 0.704362889221281 -0.855410951571792 -0.990455011803292 1.106968511865470 -1.202771584522951 -1.276071836635220 1.325497888015894 1.350125073109642 1.349491792547327 1.323605673170991 -1.273004086235870 1.198745390984903 -1.101060527592126 0.981804959002321 0.859348410075408 0.737865412904098 0.509875432341023 -0.289193186468990 0.021820907048521 -0.329588408887809 -1.459370776770785 2.600538999264682 -2.193676228503139 -2.245344983303953 -1.412936011878726 2.338589707832104 -0.407454208542883 1.075023013469013 
-0.115379296591906 -0.229908711794621 0.342744624426722 0.453055887609977 -0.560029950979004 -0.662878845909720 0.760844989678933 -0.853206765809311 -0.939283839663233 1.018442163301216 1.090098600750654 1.153726463672496 1.208861119309979 -1.255030304311451 1.291825687879689 -1.320713328669999 1.342359036674614 1.348202905697130 1.366702275964806 1.458553677099396 -1.649243515108397 -1.462646304438207 1.661404697582376 1.491339579650594 -1.797604934676515 -0.322730484780621 -1.427635652512249 2.653409659134535 -3.445837919010234 1.111805759685681 -1.993666088361029 
-0.062199523798745 -0.124264947936994 0.186062461867693 0.247458832647379 -0.308321692181024 -0.368519822602264 0.427923439174024 -0.486404470090998 -0.543836832412592 0.600096711011423 0.655062867920947 0.708615569787196 0.760635737390276 -0.811082537433969 0.859906324235959 -0.905543522181583 0.949129592877760 1.011398257323399 1.091443522788337 1.134227676410935 -1.302871870104666 -1.540613758644924 2.036622373875390 1.836551683907985 -2.483818846864669 2.912358367447461 4.204573384844831 -1.491609911904426 1.209454955207754 -2.652783024369469 3.901116759854148 
-0.025316667934404 -0.050624244423739 0.075913641287771 0.101175776874708 -0.126401579322573 -0.151581989816882 0.176707965843818 -0.201770484444693 -0.226760545620635 0.251669168967357 0.276487360919430 0.301207339558735 0.325823220208038 -0.350261987423072 0.374481312073093 -0.399953872347580 0.426324894704275 0.443051980484126 0.470422724751637 0.565815882587634 -0.690102327223047 -0.651183138846203 0.840114920953670 1.145030018992542 -1.668033867491554 1.468019682806641 2.190198891108979 -3.906852197130503 6.100073811382382 4.080769391940283 -5.397873324117221 
-0.004805176779241 -0.009610291196492 0.014415280890567 0.019220083501906 -0.024024636673375 -0.028828878051071 0.033632745285222 -0.038436176025594 -0.043239107807070 0.048041482777536 0.052843272382198 0.057643607286662 0.062440406861289 -0.067279302768664 0.072181962206064 -0.076160279029319 0.079810413153622 0.092794703597894 0.106080904864082 0.084968880986084 -0.090508916193442 -0.181232091340204 0.253725628478577 0.127074613734091 -0.171674868175907 0.499480650525637 0.770178011648628 -0.396111387350111 0.640039300261876 4.325704026970037 -6.916785305387698 
******************************************
ASBF QUADRATURE NODES
35 1
1.000573357725100 
1.003016058889037 
1.007390595990193 
1.013663712948043 
1.021786434660171 
1.031695218743694 
1.043312525226944 
1.056547436928272 
1.071296374610843 
1.087443908833527 
1.104863663812559 
1.123419306689628 
1.142965614620546 
1.163349611392297 
1.184411764697676 
1.205987234708503 
1.227907164181085 
1.250000000000000 
1.272092835818915 
1.294012765291497 
1.315588235302324 
1.336650388607703 
1.357034385379454 
1.376580693310372 
1.395136336187441 
1.412556091166473 
1.428703625389157 
1.443452563071728 
1.456687474773056 
1.468304781256306 
1.478213565339829 
1.486336287051957 
1.492609404009807 
1.496983941110963 
1.499426642274900 
******************************************
ASBF QUADRATURE WEIGHTS
35 1
0.001472545494640 
0.003433323982251 
0.005409830912924 
0.007405617979005 
0.009425169210987 
0.011471097558197 
0.013543502677545 
0.015639485518515 
0.017752730884233 
0.019873163755152 
0.021986697391340 
0.024075093948469 
0.026115958319902 
0.028082883990811 
0.029945765965775 
0.031671290387812 
0.033223603484632 
0.034565154260588 
0.035657696319367 
0.036463424864728 
0.036946215858723 
0.037072926117406 
0.036814706375916 
0.036148274584361 
0.035057094334671 
0.033532403670928 
0.031574042754831 
0.029191034934658 
0.026401884539171 
0.023234565940971 
0.019726192068531 
0.015922368344744 
0.011876275222972 
0.007647743213386 
0.003306901798527 
******************************************
ASBF GLL VANDERMONDE
31 31
0.000000000000000 0.000000000000000 0.000000000000000 0.000000000000000 0.000000000000000 0.000000000000000 0.000000000000000 0.000000000000000 0.000000000000000 0.000000000000000 0.000000000000000 0.000000000000000 0.000000000000000 0.000000000000000 0.000000000000000 0.000000000000000 0.000000000000000 0.000000000000000 0.000000000000000 0.000000000000000 0.000000000000000 0.000000000000000 0.000000000000000 0.000000000000000 0.000000000000000 0.000000000000000 0.000000000000000 0.000000000000000 0.000000000000000 0.000000000000000 0.000000000000000 
-0.024716320337713 0.049428850858559 0.074133802326809 -0.098827386668759 -0.123505817553798 0.148165310974689 0.172802085828043 0.197412364496682 -0.221992373401771 -0.246538341309662 0.271046510663301 -0.295513521172865 0.319934944917792 0.344285732785015 0.368595070329694 0.393430958799906 0.417781264602737 -0.444376218596122 0.465384016716142 -0.583244525933108 -0.583580361237560 0.811605187686208 0.727502254687892 -1.409881614805945 -1.191038443114365 -2.267013184732230 1.754131574834085 5.584552732299745 4.302445044863358 -13.740710073449911 -9.330539139068655 
-0.082200445061684 0.164260139455068 0.246038573517306 -0.327395719183569 -0.408192269755340 0.488289878433154 0.567551395205888 0.645841101684012 -0.723024943557284 -0.798970765668628 0.873548511124473 -0.946629510950451 1.018090381898155 1.087862619176126 1.155737975647652 1.220815375772221 1.284097115946669 -1.376589288858199 1.432032818823062 -1.663392546524687 -1.630285381580205 2.505279605752396 2.238226890510847 -3.450060505379665 -2.759972982046961 -5.796584410094782 4.405440363191519 5.422498363062061 3.024039120671659 5.356178949910372 4.001777552647106 
-0.170630459233637 0.339982085152730 0.506785628983851 -0.669790939201938 -0.827776331108416 0.979557743057578 1.123997610707113 1.260013392794874 -1.386585684396776 -1.502765847810320 1.607683170650203 -1.700552963087337 1.780675955295580 1.847363897802010 1.900269131888903 1.941434730668409 1.965867615576978 -1.985926748571729 1.965858011463856 -2.295075916458193 -2.130453661925403 2.505099478371232 1.976865025748165 -2.827843890693101 -1.909485934924028 0.869737979521670 -1.599823179068789 -5.505267781018339 -3.436172399752225 -2.454135955974937 -2.034573832895052 
-0.287283424611276 0.568323766354537 0.837013613550496 -1.087513948566635 -1.314381038085999 1.512684733278034 1.678115609038166 1.807078613990245 -1.896771196319222 -1.945244220463115 1.951444251070015 -1.915234216548286 1.837406148022119 1.719780557305335 1.564665221427607 1.373049370683000 1.153332519206384 -0.945595556639336 0.672057197652380 -0.262304603066823 0.107558108406212 -0.614841911231568 -0.969365468793803 3.754570825169447 3.338234270104488 2.851671173462072 -0.973603795482233 3.282611960762876 2.182428736883241 1.588288800335996 1.327072460649396 
-0.428219621156391 0.835121055095381 1.200447404376640 -1.506011516603023 -1.736601400941954 1.880737531276703 1.931244334935184 1.885607416420367 -1.746098732067564 -1.519663467682011 1.217574386584596 -0.854873486216878 0.449609735352214 0.021793717647614 -0.406928726230860 -0.811990437501746 -1.180039125688842 1.549105724546572 -1.778205751760810 2.056900040556919 1.984651631147541 -2.846209446612386 -1.979029492048168 -0.751670242623539 -1.721074999380053 -2.955437197610690 1.342006819523567 -1.999899709045028 -1.346513726950018 -1.207581518305217 -0.945352278757016 
-0.588166722374875 1.118851792381802 1.540191251128713 -1.811007508358917 -1.904833636649421 1.812499989564580 1.543030353050719 1.122760048991985 -0.592762179224320 -0.004833563005851 -0.583567510056490 1.114940071094278 -1.537342765453753 -1.809298855865747 -1.904692963434804 -1.818850118050577 -1.549290003008527 1.097261298770877 -0.555268589109233 0.020999448900798 -0.715861787609616 2.832867262489432 2.688420886371275 -1.092765901420898 0.434915111861379 2.154739431507521 -1.000466278722244 1.366689244874063 0.859741599799845 0.973973142494001 0.675388935752658 
-0.760500534439722 1.390326253159525 1.781255851897072 -1.866116921217941 -1.630328005760628 1.114404097534834 0.406995050919249 -0.370346889689495 1.084053094196681 1.611489317101004 -1.862027453504723 1.792614163949400 -1.415189754817626 -0.794828048447269 -0.037525784864887 0.731589723445635 1.368034834816888 -1.751264331500941 1.857165448647684 -1.992473911219609 -1.112095626168426 -1.326055393752786 -2.050566311202961 1.464723917630183 0.011719303061948 -1.495265870650057 0.625591523808322 -1.014052429480104 -0.542050378266250 -0.800719664107127 -0.458933486376772 
-0.937373044101106 1.614299305517072 1.842696496187418 -1.559105021387564 -0.842320071221673 -0.108501428129508 -1.029176073940711 -1.663896692234498 1.836307728117394 1.498505177154233 -0.744346790126053 -0.216622103625444 1.117414961846954 1.707986339806312 1.823518433459205 1.427244587215005 0.642362672133106 0.287787439634343 -1.217545446083583 2.304125165924199 1.921146490271991 0.184535731986289 1.345026033778241 -1.260020510160135 -0.038744381185940 1.063223995912427 -0.334966419102339 0.783339080974448 0.309356430623619 0.658677233731718 0.276359980639634 
-1.110022943272682 1.753442007116318 1.659792663651162 -0.868440898266680 0.287964485731670 -1.323322510308733 -1.802415080384890 -1.523853158742327 0.604731688889774 -0.568591845900659 1.502905008410281 -1.805468761717839 1.349079666734534 0.325344917688523 -0.834560119083195 -1.638647219222392 -1.764121075375557 1.202107367365520 -0.000733617235426 -1.717776330517756 -1.941724672952955 0.316063195682377 -0.926673638317670 0.959972735938548 -0.064226783564823 -0.776979441300228 0.117182274435301 -0.612134296779106 -0.127081091918625 -0.535721480519649 -0.120296778773984 
-1.269273557817718 1.774456058679539 1.211432263863643 0.080862658696707 1.324479001315646 -1.770771115601081 -1.151075236193120 0.161557393063710 -1.376933951846561 -1.763408906368372 1.088327679596246 0.241921147217381 -1.426518321231014 -1.752121719239919 -1.023662037970468 0.316034554972011 1.478628798222691 -1.817167785197995 0.897561244450147 1.037411255214309 1.690333533667061 -0.431860814210283 0.737776068037702 -0.701269795814545 0.185508346577393 0.573190360920501 0.048514413839290 0.474064035244516 -0.019323869332984 0.426013730032408 -0.011928811039343 
-1.406185461341226 1.655268576382711 0.542287293701170 1.016923819369596 1.739342795307747 -1.030515548894479 0.526288008116635 1.650027004493271 -1.416014714438321 -0.016811897465873 -1.396224673788486 1.660351400245098 -0.558250673740210 1.002995228683592 1.739705505881854 1.049707006771025 -0.519805796902687 1.728351800805591 -1.341355129091365 -0.554486613116741 -1.435143200459914 0.385454589968018 -0.671574955073980 0.498139957761751 -0.291790487601843 -0.416885337740562 -0.175229374582045 -0.356774589675705 0.136149666975278 -0.326446653526692 0.120987354153412 
-1.512793666047313 1.391501091005657 -0.232860169677567 1.605691028093841 1.244089970686646 0.461349542289696 1.668449488999571 1.073327219192174 0.681179360343719 1.699891050952740 -0.882418239249492 -0.888219965367205 1.699443341815645 0.675152041082398 -1.079290093309704 -1.672224904408368 -0.441434375761524 -1.324853047914623 1.489347293070887 0.275085753309492 1.250934725797133 -0.287725411301158 0.659343313609142 -0.337877310743928 0.375180456944363 0.289634524653678 0.269962225822451 0.253884933049457 -0.226082272022992 0.235235223898564 -0.206691860142581 
-1.582831135140014 1.000135096777511 -0.950881087153592 1.600963275482845 0.060711068771927 1.562602095130943 1.048064149554357 -0.900367371289142 1.616974495587951 0.121341722516534 1.540303136772782 -1.094607329585303 -0.848680418129749 -1.631000479659806 -0.180991836273493 1.520056204936577 1.123373182474092 0.855055853513435 -1.500837858263247 -0.131521040959175 -1.136755248912483 0.181724413381056 -0.666015149489751 0.207020872708702 -0.434632590246552 -0.181382903346210 -0.336250420820289 -0.161789611172162 0.290181189706653 -0.151273839681721 0.268551334353801 
-1.612329600470418 0.518763294016684 -1.445418718762050 0.983823400560418 -1.128875830846000 1.347036570109978 -0.695469951510288 -1.570802407346209 -0.190067935604721 -1.631956331143145 0.335010037427869 1.524169145876465 -0.825387790828339 1.258692017213830 1.229482263158889 -0.865335709697863 -1.490045042559641 -0.413612911587776 1.470553578002096 0.062332420215116 1.075609267615340 -0.080704465801083 0.675258974995583 -0.095680548191973 0.470522607477905 0.086245581909742 0.375811818682542 0.078252743976627 -0.328791947406680 0.073808002731902 -0.306063257463770 
-1.599999999999999 0.000000000000006 -1.600000000000007 0.000000000000016 -1.599999999999989 -0.000000000000029 -1.599999999999875 0.000000000003087 -1.599999999653521 0.000000002732266 -1.599999849486385 -0.000000521915221 1.599981764387506 -0.000033234126460 -1.599153239977360 0.000919688632014 1.582249971452062 0.010261456324101 -1.441274073218051 -0.025266316756193 -1.054115802257203 -0.013168099378345 -0.680124748986668 -0.003116576726423 -0.483281137829947 -0.000412197569678 -0.389414855936812 -0.001722191978592 0.341988446293253 -0.002249599676966 0.318873344917431 
-1.547327585393947 -0.497849047048217 -1.387145813940731 -0.944159982176727 -1.083364538517995 -1.292729999410502 -0.667431671830821 1.507474585451554 -0.182405234935089 1.566163047579541 0.321503963218253 -1.462720358184647 -0.792115810826449 -1.207882789716557 1.180019617091666 0.828663092620248 -1.431240620127113 0.376542181295892 1.424008961835985 -0.009481442939177 1.066717889900841 0.101145228932851 0.678746996736530 0.094693097707631 0.473127616283009 -0.078962418745960 0.377292058257358 -0.069045553268608 -0.329778845479754 -0.063937419243543 -0.306856668785447 
-1.458364411339302 -0.921488969537298 -0.876108073776105 -1.475070721690632 0.055937023290559 -1.439726092083496 0.965649097100437 0.829566529415087 1.489822891089201 -0.111799949954533 1.419180523996193 1.008531365129252 -0.781936345530868 1.502685213351123 -0.166958700947723 -1.398829656859694 1.037321261409200 -0.767024340938969 -1.406855381104140 0.068860074439151 -1.115765253163195 -0.184612370400770 -0.673112436866332 -0.183813198753762 -0.440058226140171 0.154441647440530 -0.339265650158957 0.135225609093937 0.292166654759839 0.125316520149179 0.270142769050063 
-1.339253750096101 -1.231875236007185 -0.206147647552902 -1.421494404117321 1.101374361946181 -0.408425893420699 1.477053536869560 -0.950200635852342 0.603037964817914 -1.504888289168512 -0.781191613596418 0.786328839141196 1.504481164390640 -0.597646124703829 -0.955198973604578 1.478843134017797 -0.393699306350518 1.151398165874777 1.351117687320276 -0.185484506850661 1.210327618854988 0.262428961906078 0.670096504469164 0.275617448743071 0.383919912329646 -0.228869387633673 0.274637200528275 -0.198121944287904 -0.229091722833054 -0.182543920628043 -0.209091054068693 
-1.197564987934261 -1.409694344879004 0.461834014212340 -0.866053870527093 1.481295384528826 0.877629142674271 0.448208368964774 -1.405230408110966 -1.205935982033566 0.014317703135524 -1.189082144619487 -1.414023917395094 -0.475415879984216 -0.854242186281919 1.481256201985424 -0.892634007994496 -0.439595541673246 -1.450136354236682 -1.178780140725398 0.402058159795449 -1.361274014426523 -0.325883529918397 -0.685276359492209 -0.376451440959006 -0.304756727352687 0.306050489123044 -0.181797991998196 0.259393219021712 0.140227283024993 0.236436308769589 0.124210294170257 
-1.041544045536327 -1.456088114812088 0.994080474793210 -0.066354506601898 1.086844682741219 1.453064313915974 -0.944552536241386 -0.132571217392166 -1.129888312072718 1.447023007671719 0.893063161523419 -0.198515579203743 -1.170591233336123 1.437805917085346 -0.839597081750182 -0.260400071342709 1.210282701986635 1.470690488387218 0.768974909875581 -0.759847975437065 1.563269616553497 0.347199815049728 0.750974827048893 0.494137355709889 0.204273046812892 -0.391867918596054 0.057407550840659 -0.321405317043722 -0.024542920998819 -0.288061298639691 -0.015999729825093 
-0.879388608997308 -1.389121672611025 1.314930263881666 0.688001124797912 0.228132841832590 1.048369989690731 -1.427919395704359 1.207235505994319 0.479083933498915 0.450453028415719 1.190639644420771 1.430337933358700 1.068791084392134 -0.257786475730908 -0.661598941104509 1.298990109991993 -1.394274292113899 -0.936747240388347 -0.018790621646787 1.240259110779015 -1.745127146700873 -0.257513106088234 -0.928191781194189 -0.635199937168263 -0.091242459597843 0.496398629855930 0.105136532903719 0.387913077384551 -0.120596343489495 0.338886694107442 -0.115342012975074 
-0.718640717688826 -1.237608888779092 1.412710490061914 1.195293974552747 -0.645767983532063 0.083183045076831 -0.789021870277744 1.275632919667409 1.407812516675546 -1.148834869587493 -0.570656184548457 0.166074762433137 0.856655027611887 -1.309399536871911 1.398453177231549 -1.094898339957881 0.488098052427363 -0.227364002659511 -0.936358997374688 -1.623743429017411 1.679896034625928 -0.075084258506780 1.306687770152161 0.789833975463142 -0.000770423139069 -0.637880664810903 -0.318073542951645 -0.465582936982671 0.301379480971061 -0.391068589487808 0.270467939170933 
-0.565757768815103 -1.034302861459733 1.325126401391208 1.388256941166008 -1.212846925420631 -0.829036597908808 0.302775082329493 0.275511482914306 0.806457630967554 -1.198832291668741 -1.385214858877178 -1.333576657166895 -1.052784840208415 0.591265842144310 -0.028329984083920 -0.543509528124307 1.023485855518493 1.301303660343332 1.395372939846612 1.361948596582645 -0.961398771276028 0.788791845705676 -1.922311742080659 -0.879940770846380 -0.035226339918104 0.848104118934980 0.600236941636200 0.567799016299788 -0.532114696985193 0.448086332345800 -0.452021959674275 
-0.425885589780436 -0.810149295001701 1.115236946274542 1.311332265926265 -1.379270818829239 -1.312412956509964 1.117292711333491 -0.812979224185993 -0.429213113139109 0.003499932059629 -0.422555178358137 -0.807316458517058 -1.113187559426839 1.310118152203815 -1.378807739347484 1.316314834589561 -1.127270699539608 -0.794977200815274 -0.392758500751638 0.006654425364252 -0.544080013180174 -1.687537267694614 2.442454359096763 0.644531376622974 0.466087188470401 -1.165839139377769 -0.959412720179814 -0.725005075473553 0.846710480890207 -0.516355993051482 0.667322419988417 
-0.302822504026976 -0.590569503533562 0.848916002411009 1.065000658586492 -1.228066064114248 -1.329994284476618 1.365710996179019 -1.333438103348642 -1.234782257537948 1.074654860607816 0.861027486082940 0.604537446048449 0.317959977832678 -0.015430155788505 -0.288082749022933 0.574579236408619 -0.831698946543972 -1.084148874225536 -1.305541986032124 -1.377790210927732 1.537597471195928 1.661586037808395 -1.764984786181423 0.378894513954620 -1.658214425991736 1.541899807966565 1.276239169952454 1.012651709779508 -1.327091006375125 0.610120642276719 -0.935874470110361 
-0.199137448997624 -0.393947354218975 0.580196215651065 0.753836577101318 -0.911094983253816 -1.048553982292045 1.163226392052397 -1.252620215786984 -1.314792796583615 1.348393043931716 1.352690857080482 1.327591115532784 1.273633802254817 -1.192093529592215 1.084840141443747 -0.951973927163230 0.797411219922844 0.648090104698657 0.490881605099432 0.182469960933568 0.109826088637368 0.377108014411161 -0.793965067274747 -1.977619284774724 3.104269277971697 -1.452658109345056 -0.901173098196042 -1.602637337370237 2.146379796241273 -0.769931840226214 1.315545629066218 
-0.116390927357559 -0.231909533348347 0.345690034439579 0.456879673767177 -0.564645112338519 -0.668178674703301 0.766704402282180 -0.859483868992984 -0.945821715763527 1.025070855208838 1.096637274713658 1.159985800806480 1.214645816099829 -1.260137722205030 1.296052614353262 -1.323939914861863 1.344392986744563 1.348126727855639 1.364640365953373 1.456729677822226 -1.644731441885970 -1.446398071041193 1.636429554045198 1.466914598538851 -1.754132868430446 -0.412598875376274 -1.554202230471157 2.621844226639727 -3.360220149235124 1.150554674273079 -2.018496819753375 
-0.055404498553067 -0.110714128760937 0.165834184720154 0.220670285132576 -0.275128534913183 -0.329115685965241 0.382539296847907 -0.435307891057701 -0.487331113546192 0.538519889489325 0.588786605781014 0.638044485865731 0.686206598931671 -0.733232428051088 0.779096624674165 -0.822882322518222 0.865181866720208 0.920679529763200 0.994994821979426 1.054069665577498 -1.217373567818262 -1.408066898044356 1.874014989104350 1.796171202366848 -2.447443438775554 2.815015016428746 4.164714964666816 -2.545295840359547 2.930153846373127 -2.454799605293287 3.966496009164409 
-0.016531741039869 -0.033060947225436 0.049585084091075 0.066101617948446 -0.082608016275021 -0.099101748102333 0.115580284404145 -0.132041098485908 -0.148481666420942 0.164899465780613 0.181291963820158 0.197656934750060 0.213992966972758 -0.230280747864366 0.246497503722179 -0.263072161116710 0.280227805601350 0.295820686873492 0.316616807306018 0.363127228937457 -0.441466839687656 -0.458393175326026 0.593131677556930 0.721032960206901 -1.062827358889029 1.100114341053505 1.630297179029744 -2.587301914007147 4.173030322258739 6.228150507728476 -9.215806628836724 
0.000000000000000 0.000000000000000 0.000000000000000 0.000000000000000 0.000000000000000 0.000000000000000 0.000000000000000 0.000000000000000 0.000000000000000 0.000000000000000 0.000000000000000 0.000000000000000 0.000000000000000 0.000000000000000 0.000000000000000 0.000000000000000 0.000000000000000 0.000000000000000 0.000000000000000 0.000000000000000 0.000000000000000 0.000000000000000 0.000000000000000 0.000000000000000 0.000000000000000 0.000000000000000 0.000000000000000 0.000000000000000 0.000000000000000 0.000000000000000 0.000000000000000 
******************************************
ASBF GLL NODES
31 1
1.000000000000000 
1.001970788913380 
1.006586266046066 
1.013782707447990 
1.023483262139683 
1.035585001175636 
1.049959614201885 
1.066454715922731 
1.084895449347118 
1.105086335697999 
1.126813345225292 
1.149846165429859 
1.173940642181782 
1.198841367688119 
1.224284387809830 
1.250000000000000 
1.275715612190170 
1.301158632311881 
1.326059357818218 
1.350153834570140 
1.373186654774708 
1.394913664302001 
1.415104550652881 
1.433545284077269 
1.450040385798116 
1.464414998824364 
1.476516737860317 
1.486217292552009 
1.493413733953934 
1.498029211086619 
1.500000000000000 
******************************************
ASBF PLOT VANDERMONDE
75 31
0.000000000000000 0.000000000000000 0.000000000000000 0.000000000000000 0.000000000000000 0.000000000000000 0.000000000000000 0.000000000000000 0.000000000000000 0.000000000000000 0.000000000000000 0.000000000000000 0.000000000000000 0.000000000000000 0.000000000000000 0.000000000000000 0.000000000000000 0.000000000000000 0.000000000000000 0.000000000000000 0.000000000000000 0.000000000000000 0.000000000000000 0.000000000000000 0.000000000000000 0.000000000000000 0.000000000000000 0.000000000000000 0.000000000000000 0.000000000000000 0.000000000000000 
-0.084312725812479 0.168473514394279 0.252330702315935 -0.335733173256801 -0.418530630327062 0.500573866912736 0.581715035556064 0.661807914378427 -0.740708170672188 -0.818273627657264 0.894364485186814 -0.968842458459993 1.041575729156368 1.112497110040501 1.181362307964396 1.247072759722427 1.311126797559080 -1.406495699396031 1.461550522264479 -1.689099944449082 -1.656410225084058 2.561405843095884 2.281769499006550 -3.465337108387266 -2.772107114690298 -5.863473423935821 4.431373865683806 4.954158160358112 2.654059108035085 5.522534684004452 4.043822178284472 
-0.167350357631675 0.333494952101778 0.497236707799976 -0.657395861624333 -0.812818463201479 0.962384689125620 1.105016911311600 1.239687461340064 -1.365426034737570 -1.481326674137025 1.586554333882691 -1.680352244727345 1.762042240922442 1.830960412550290 1.886724777139437 1.931128991062221 1.959874215627555 -1.987187336541421 1.971540659775617 -2.299548022307134 -2.146033270769294 2.573277431096212 2.041951990804870 -2.927790037562817 -2.019623118627841 0.450990946396566 -1.299228912008136 -5.653738100323807 -3.625366177672547 -2.261372705768185 -1.970071877304781 
-0.248988573808459 0.493943749470171 0.730897466377285 -0.956011280588315 -1.165638544278603 1.356383478260648 1.525156180650789 1.669222680594044 -1.786249226084286 -1.874340085913902 1.932068309351629 -1.958499193530793 1.953199885681634 1.916240617270012 1.848395000435059 1.751368465530198 1.622753895307315 -1.486774979222225 1.311064417711604 -1.224079317220319 -0.846085224123652 0.491656337392290 0.079604435676775 1.634449782461044 2.042457574216304 5.239238226637280 -3.364131495427443 1.937913096851025 2.036451556521667 -0.155362656898783 0.531294021932716 
-0.329106860626768 0.648745916076625 0.949721732689696 -1.223375784207293 -1.461835541807935 1.658240952428037 1.806941789998314 1.903660202138887 -1.945613776530302 -1.931595603019246 1.862008856172554 -1.738852435039961 1.565680422102469 1.347631115521748 1.090497350360661 0.798792097095397 0.489218207457968 -0.193154931186328 -0.160895925927767 0.760487380162632 1.041731628281287 -1.828991854946916 -2.007373249250997 4.393855905750274 3.084466910457076 -0.824744639134026 1.659695046682165 2.018535407070518 0.652911271547102 1.613115155209952 0.760687473455401 
-0.407588653063635 0.796880846275942 1.150401439124612 -1.452281061142513 -1.688968480364118 1.849838911652403 1.927670958226109 1.918970776723118 -1.824128914053104 -1.647402765192940 1.396725503176512 -1.083351854519108 0.721346628940633 0.326849315798601 -0.082296806731850 -0.485413023723742 -0.867636267715243 1.257825954621788 -1.555612692600986 1.949851101745626 1.962992393433014 -3.017193304533667 -2.387481227454626 0.645826859252810 -0.734523056165814 -3.531999557876109 2.107951585860761 -1.716760209504010 -1.475946570177247 -0.844543376869905 -0.918075140183358 
-0.484321468636353 0.937387684213200 1.329960423489284 -1.636705355643239 -1.837826970667637 1.920346064912890 1.878937342393096 1.716273078022015 -1.442850664371191 -1.076315156477242 0.640320711832731 -0.163006505896140 -0.324836986425533 -0.791863639921318 -1.207405956027163 -1.542576717169057 -1.784249192335920 1.963093175275767 -1.924100692420378 1.897158782211546 1.552244164621923 -1.242294818169547 -0.043801955329565 -3.412120128032793 -2.865753381679303 -0.095512398521282 -0.936910494448889 -1.074420071991449 -0.093233351637697 -0.910717404909867 -0.202310140004407 
-0.559197034179745 1.069371204494999 1.485797311472607 -1.771968723095264 -1.902797784571519 1.866815165990419 1.667175338681913 1.321380033644545 -0.859743925643135 -0.322737063815842 -0.242563050355569 0.786600887366130 -1.261679445945618 -1.626015154983378 -1.847838229393196 -1.911342619205274 -1.805201039673664 1.527102433152785 -1.096362010826472 0.706178402722281 0.013400447009468 1.979223694350937 2.418856410371187 -2.484889629164710 -0.781543609088766 2.342581744164199 -1.592811049263178 1.096248586364609 1.025757303313594 0.683107626160267 0.740906834010043 
-0.632111405408017 1.192007174355806 1.615721953647791 -1.854848402105858 -1.882067492542470 1.694269577001748 1.312909648828980 0.781556214593079 -0.160913805728300 0.478112199123154 -1.062516339162168 1.525536493185448 -1.814260161732051 -1.895538282716702 -1.760705493939247 -1.428657030279846 -0.924755749961822 0.282081846717569 0.344431575424747 -1.068430881714125 -1.678142142611923 3.144403332117408 2.123251056829754 1.108627079112058 1.791974688666008 0.955475745327229 0.196689121813304 0.984689697145073 0.181567155009583 0.800242011554243 0.198175372422098 
-0.702965079127219 1.304547166989485 1.717984924553398 -1.883651554118372 -1.777654292079483 1.415280269775832 0.848791773668970 0.159888876726873 0.552073505029388 1.184414779589332 -1.645937478138045 1.870078407973096 -1.824509488601226 -1.515898568560263 -0.988787842185334 -0.316727050812301 0.402977515094680 -1.060624202908247 1.545304497401597 -2.239139631054120 -2.116764053833333 1.153100967291364 -0.374306510345470 2.665850385822475 1.651558320120109 -1.222575789606387 1.222731648669969 -0.495663029487959 -0.742780986611891 -0.317268098517367 -0.568383848638908 
-0.771663097976103 1.406322799713937 1.791299705587427 -1.858243853396370 -1.595269777019354 1.049066687953964 0.316609131742369 -0.472060165604533 1.176918476260491 1.672823150826789 -1.871729640135519 1.738319459679077 -1.296293633818199 -0.624349376454429 0.158879219451497 0.919199686737748 1.508187409213692 -1.813359500870539 1.824284466757037 -1.800437731732066 -0.804345860041489 -1.724940376266544 -2.199760013087636 1.066671881396019 -0.321977587863959 -1.360871356841602 0.416197926709216 -0.980353049002573 -0.416435722269131 -0.788663687900256 -0.362728174039035 
-0.838115147585120 1.496749374771133 1.834857292219603 -1.780033669703255 -1.344018891890167 0.620184775117275 -0.236460846824297 -1.042468784248819 1.625233820976898 1.859957829957311 -1.696374962210969 1.169515446365631 -0.392216839998350 0.469039123767360 1.230268844550370 1.728908794709561 1.849819663991684 -1.595665325634210 1.002979738317551 0.027140430145654 1.190455719006752 -2.690222986126478 -1.640400168268801 -1.249598046540660 -1.501461105560622 0.091889936776065 -0.718012144877211 -0.130336244420860 0.413402866404873 -0.146698256744759 0.321836146531145 
-0.902235646055242 1.575328904806601 1.848333087478629 -1.651912837576698 -1.035953354354530 0.156890960279677 -0.762017309251549 -1.487394691202791 1.835015805068593 1.716594679835710 -1.162207008896569 0.312655263299050 0.616306218140517 1.388960477009137 1.808686153413340 1.764478812299860 1.274980193605763 -0.507896920072055 -0.451296030615957 1.848038758500039 2.173280307758044 -1.167447339696863 0.379817511915738 -1.837130940725221 -0.845156668299538 1.116565262299595 -0.765842726217607 0.720942121162304 0.581201498715956 0.581099561025443 0.494397314182454 
-0.963943825670457 1.641652509392971 1.831886065891816 -1.478156214836112 -0.685500108217187 -0.310709582703542 -1.214656634307479 -1.757921450229219 1.779186038692230 1.272136035538503 -0.387335909922481 -0.612476735704489 1.430434243268292 1.823837941695597 1.675074996803715 1.024907719187728 0.080068079043270 0.878470929660774 -1.646822584415451 2.259278534697504 1.366187634846747 1.129252862797453 1.747079381205341 -0.559237417682312 0.541690943940969 0.746504995625200 0.068694238016448 0.610579740023769 0.017383730215483 0.528990088317120 0.030103800922273 
-1.023163806769944 1.695402173331868 1.786150313138946 -1.264283365539224 -0.308791622316445 -0.752609688149527 -1.555880399809079 -1.825514160469329 1.469031793594951 0.608699875088669 0.460404281643666 -1.371599434986469 1.812370791573466 1.631476080207737 0.890681494151434 -0.153953151494496 -1.140992987957237 1.792281456444741 -1.814474387678238 0.999136943045811 -0.476259035325406 2.150390327799027 1.348900285707540 0.977709833183410 1.123357723242290 -0.317216225251558 0.686186266535546 -0.147466172188462 -0.493782600834044 -0.105412859991928 -0.420725359901994 
-1.079824663718231 1.736351861857757 1.712219164763649 -1.016886728200791 0.077071142000391 -1.140816682205598 -1.757355535535515 -1.685000932976188 0.952116294331905 -0.154003371773505 1.199752920525172 -1.775196885815542 1.654745444244107 0.885365086673096 -0.230762662517612 -1.250894149573781 -1.786815996833353 1.698729031744622 -0.830835399169342 -0.915672498807081 -1.824196078122821 1.279206765565459 -0.163267425570287 1.342953919144165 0.510980907693680 -0.882624621229328 0.479988912230196 -0.647076323888575 -0.395337148076955 -0.553410063107515 -0.351240453857324 
-1.133860482923861 1.764367992247020 1.611622280562597 -0.743431521220869 0.454789671768299 -1.451116771881810 -1.803251792661900 -1.354871965555132 0.305025871247752 -0.880229878800821 1.674726667202379 -1.725767923935287 1.010674991184852 -0.153268014933262 -1.248502146674876 -1.786310308486253 -1.542095700306185 0.634964195156603 0.676404348477026 -2.062220780639401 -1.677345581127743 -0.475713988258926 -1.310877776573385 0.463629289242833 -0.482832406737703 -0.512205502439628 -0.191154213907237 -0.434351107234200 0.115863204092745 -0.388442600169715 0.093648315425938 
-1.185210412869500 1.779409265676507 1.486296098037399 -0.452033370727257 0.807638233127487 -1.664576679271325 -1.691464993069554 -0.874895171938640 -0.377945841786763 -1.442322130571775 1.787476784369769 -1.241295250942592 0.076126773957971 -1.126915220498126 -1.767672626820000 -1.529930716209676 -0.533474517896955 -0.790865813457389 1.738278610618337 -1.690745403023710 -0.282503405754113 -1.604319330479922 -1.194895900366827 -0.664727131164369 -0.875379718053335 0.280149169479668 -0.587312818613087 0.173440127958280 0.458219677553093 0.140807035980838 0.404523277630525 
-1.233818706128657 1.781525867449288 1.338548206956625 -0.151220202679222 1.120199513250083 -1.768689932750774 -1.433633437280998 -0.301350860362229 -0.998509257500507 -1.743110572342259 1.518389247017234 -0.449305483284289 -0.869622908592686 -1.704688024857756 -1.592140300497640 -0.600759618746207 0.732481254403535 -1.755033216522920 1.685609108084665 -0.186261265456179 1.203051158997379 -1.346588874862572 -0.111401713716354 -1.054649692364674 -0.418232000384192 0.712142886796544 -0.369444320470055 0.552937615922533 0.313306048691681 0.486567027886389 0.284137680966882 
-1.279634753356541 1.770858047883725 1.171016276188373 0.150314692483528 1.379033432803954 -1.758098975069627 -1.053960599916817 0.299546364139050 -1.468496145229641 -1.732672779989403 0.929310967741386 0.446623671523167 -1.547365367581201 -1.694539212688829 -0.798403383473689 0.585799842754428 1.622493245813469 -1.708117594334031 0.577834315219350 1.325550910761151 1.681406148359827 -0.112109441014354 0.917901275227565 -0.516815999264474 0.349884447978862 0.463299018107451 0.174063374283894 0.392728948781080 -0.123004692469143 0.355671198871508 -0.105462476074178 
-1.322613109254818 1.747634100218002 0.986622242242394 0.443961346249974 1.573250321501634 -1.634852095712898 -0.586960590736064 0.859272043865393 -1.722359230731576 -1.416566369406275 0.149419864668675 1.219129717753322 -1.760305099676157 -1.106913397157169 0.297224978079904 1.502421666001997 1.694989417551486 -0.694373132630304 -0.858831945069706 1.828399100608851 0.904952754036368 1.040897415088626 1.082946959830353 0.364542040883973 0.719543228345203 -0.154725181927872 0.506417004144314 -0.098543119489526 -0.411739718907297 -0.080799717841679 -0.370578217364181 
-1.362713510522255 1.712167755790013 0.788522535301922 0.721436505800123 1.694964214747443 -1.408184323009550 -0.074334888438045 1.314786996210038 -1.726285854561348 -0.854187569245423 -0.653050354530510 1.674701574336308 -1.451117869995796 -0.148820254662543 1.264374243424859 1.744782273985833 0.921495819062395 0.688286021604008 -1.718637801470029 1.080908223765373 -0.450865431546431 1.284958340368918 0.373595473481530 0.841238194544655 0.431913217215581 -0.576879611718900 0.355783653479535 -0.462181580856689 -0.304249292443265 -0.413298495005351 -0.278608670078339 
-1.399900885815397 1.664855020487151 0.580055172021424 0.975014921745456 1.739607611744634 -1.093841877644169 0.438738271588486 1.615618541673598 -1.482662498144766 -0.147662055645873 -1.307052801318629 1.702091587623389 -0.717206163601822 0.848890265743676 1.727525181683044 1.211355325379178 -0.302233009851000 1.649598024601750 -1.491744376655301 -0.313839980763324 -1.374211064072111 0.570047649806386 -0.547154910061505 0.601364952855783 -0.189918884422869 -0.483309149205910 -0.095554337809507 -0.408716327371105 0.068500593166794 -0.372468098538262 0.059063575632158 
-1.434145357755441 1.606170479998623 0.364684584320045 1.197742135773998 1.706095376976160 -0.712998651931107 0.907572841713238 1.729434467820625 -1.029306550473220 0.576663040110335 -1.675139939191290 1.299408774196938 0.219851958714757 1.545624321077344 1.511828173874848 0.146725283298285 -1.359741390027672 1.663533619472012 -0.360260877852029 -1.393985905819085 -1.259503506407882 -0.469966756752742 -0.948597317016526 -0.075508869119881 -0.596303165612910 -0.008996198307911 -0.432758356877788 -0.024213965670067 0.360580296988514 -0.027006273168740 0.328397204456943 
-1.465422237029438 1.536663104722500 0.145945079329903 1.383622968538461 1.596832279533535 -0.290838621018976 1.291854664853418 1.645496241156483 -0.433636663908823 1.190778498319835 -1.682304368510237 0.573314268234494 1.081119164131655 1.707240497101733 0.709124173149049 -0.970675376427442 -1.726119969348181 0.753495673453642 0.949334030487272 -1.493273683513584 -0.277906363804332 -1.063069939694774 -0.585788092629112 -0.624135678272691 -0.481057230134183 0.432070979475821 -0.382737978090609 0.352334979498573 0.329014151526340 0.318004851490696 0.303034355815282 
-1.493712008645749 1.456951588260454 -0.072616162694025 1.527780659030481 1.417565642636875 0.145101466154636 1.559096145403708 1.375625147880001 0.217325286478545 1.587602007445969 -1.331205826869239 -0.289152214036851 1.613258654102832 1.284711110874184 -0.360839080181203 -1.644511901280228 -1.229261107492736 -0.544797223640342 1.636305165241726 -0.630987594993716 0.822694527676781 -0.848121212484969 0.187793135458617 -0.650599984692010 0.013059316150249 0.502124398926804 -0.017677173608024 0.425779678189439 0.022279691167639 0.389839997054242 0.022703409382094 
-1.519000310415373 1.367719256256397 -0.287495648363643 1.626582491280576 1.177091409295147 0.566720570365805 1.687370855382703 0.952600785598778 0.829641972926066 1.699616619309694 -0.700705741616657 -1.068693701137999 1.662985501906991 0.428791626047641 -1.277742603318230 -1.581814154673388 -0.129620305126162 -1.502687488334634 1.312098335790839 0.570024459930800 1.281153216892735 -0.062567281110284 0.755724355035594 -0.191462757913022 0.462391935983888 0.182160292678023 0.342762792075626 0.164175255239319 -0.290045699650104 0.153548175696246 -0.266165011045108 
-1.541277903742231 1.269708584884602 -0.495288801702089 1.677728736209315 0.886828319616812 0.947157352552735 1.667098911216699 0.426202892413130 1.315991904384924 1.510320320644142 0.071786204109090 -1.569460379440043 1.221146838821282 -0.563639938416373 -1.685840499465908 -0.820310685800825 1.017445020083584 -1.607251937535166 0.211445625426213 1.329004114535749 0.834139940437127 0.695591120957640 0.716494770794603 0.370401052454766 0.519498734103843 -0.253882504058508 0.409734478761896 -0.207802729579721 -0.354310642729973 -0.188089769452313 -0.327761445664157 
-1.560540636816868 1.163715370553141 -0.692743008410388 1.680302806798800 0.560280563884375 1.262494331561400 1.501738943251755 -0.142628145678340 1.608098599725773 1.056551841072388 0.820214326069299 -1.668201476105080 0.423774391400512 -1.352512983266808 -1.431958966679775 0.293397242455470 1.642977677131029 -0.831153653088720 -0.978514566868044 1.203573683202088 -0.153290262594721 0.911505062116142 0.148617743239491 0.619774287148673 0.168356282978906 -0.472923302723670 0.147364177595056 -0.402837406684274 -0.131587103490067 -0.370174288178492 -0.123127948767912 
-1.576789400319112 1.050582594347512 -0.876807660638118 1.634781642534003 0.212413981045629 1.493254542442215 1.207339004579559 -0.688829206078530 1.666291845797616 0.421387062381851 1.385530450051355 -1.344541748750019 -0.489710991215872 -1.671069107358526 -0.622803739947975 1.262271789261831 1.446261177119281 0.373975278305361 -1.546396100583215 0.331912197026614 -0.981769734326665 0.486314239752658 -0.493761840538221 0.404165922146829 -0.295534900136621 -0.329708387675907 -0.221437648831635 -0.287566739677318 0.188991031175672 -0.266659747990478 0.174187733864814 
-1.590030075746180 0.931194026386116 -1.044680444941095 1.543006472358264 -0.141025582273872 1.625597476002889 0.810998333532875 -1.150639916951339 1.484865472270833 -0.281035072085501 1.649452540741918 -0.684959302582935 -1.248325184871203 -1.416013577505389 0.419767245350202 1.660920946912321 0.537961032980983 1.341410258230227 -1.176602171361143 -0.698301092854430 -1.104450041389863 -0.240728891259245 -0.738278032009063 -0.087483087479814 -0.512594182712472 0.047365492974894 -0.405312473252242 0.034662942721106 0.352482491755376 0.029882018144069 0.327164348284890 
-1.600273476493393 0.806467616585678 -1.193849183299126 1.408115222173544 -0.484220895518760 1.652141307243492 0.348385831948089 -1.476570134170810 1.092512391557367 -0.925991846901730 1.559171612737812 0.140241979204850 -1.629846274818029 -0.680857010285482 1.286760355467434 1.321938245004820 -0.622421079674022 1.555975082771859 -0.117842466092687 -1.240705907862372 -0.476017543532544 -0.757539489833455 -0.430802574390104 -0.488306804689048 -0.330816392569910 0.371632899415841 -0.270045997245824 0.317603139169215 0.237461776885853 0.292487633330817 0.221343593244418 
-1.607535281825093 0.677348719334570 -1.322128614381212 1.234438901971171 -0.801987240937973 1.572363074904541 -0.139458631360015 -1.631125160233642 0.547829884144908 -1.400292387034301 1.137854857316817 0.920852692038952 -1.525846436512034 0.278248974819076 1.642405999489363 0.405226485017893 -1.459101565942841 0.923882192190589 0.984213919120634 -0.986229629893879 0.448666791167983 -0.730662262665209 0.178437464758024 -0.521860596957067 0.095979051954164 0.413197285463822 0.069757534647119 0.358480633313126 -0.059058560566363 0.332142290091247 -0.054299924968648 
-1.611835963883553 0.544803200241161 -1.427691588374117 1.027365299444830 -1.080440431621346 1.392555937950600 -0.609754239906143 -1.598653871442417 -0.069406609033247 -1.622113431684529 0.478870200101952 1.460256872856782 -0.972418119765316 1.131720800372080 1.354022386464934 -0.677702278608115 -1.564842213642891 -0.192086191734592 1.477845706911368 -0.129446553568933 1.039891281441524 -0.210188158431489 0.636733186014596 -0.185105580917702 0.439009816826224 0.156364619101575 0.349417455450279 0.138886633533376 -0.305321878620610 0.129913179600717 -0.284078016515204 
-1.613200707893564 0.409810473461529 -1.509094242196537 0.793174194334283 -1.307599728508866 1.125351127567862 -1.021720435162146 -1.384904531686231 -0.669905326890406 -1.555084348954761 -0.274858541058437 1.624906072096462 -0.137915833995704 1.589729400449766 0.541256813786763 -1.448385252453583 -0.897837864953706 -1.180412932407178 1.085576074042564 0.776581533186329 0.913711684842701 0.429344864706446 0.618882658930991 0.268178819321298 0.444249264553303 -0.202983245124936 0.358293260805015 -0.173282309109863 -0.314565837973329 -0.159512363404568 -0.293233345385633 
-1.611659325729992 0.273356518116227 -1.565294821269497 0.538849066905213 -1.473899634726154 0.788839909119312 -1.340103039213861 -1.016137263356324 -1.167754118782394 -1.214202172427684 -0.961810928789859 1.377331637694163 0.728190298044568 1.500517937957867 -0.473425533362487 -1.572224206703017 0.203544900037867 -1.513139460179336 0.055944984661034 1.171680653206243 0.173831797595166 0.753729513899665 0.150952417124632 0.516396933284914 0.115479458510453 -0.405880023342044 0.094694455368051 -0.351813268251379 -0.083595667322536 -0.325966082648395 -0.078104465809005 
-1.607246163024924 0.136426921982353 -1.595665917590378 0.271870884865609 -1.572588862654963 0.405356011793449 -1.538181268928087 -0.535920539342711 -1.492691043323180 -0.662623724640202 -1.436445739628249 0.784548360250967 1.369830389484590 0.900547747353913 -1.292551036997274 -1.002982016395325 1.192021836827593 -1.024206135794448 -0.993095293695041 0.827543835004252 -0.671756753629445 0.556903917149557 -0.420176844946079 0.393668484395278 -0.296522211293287 -0.313807296523324 -0.238652001925699 -0.273745592379838 0.209514231805774 -0.254382961147040 0.195310596883675 
-1.600000000000000 0.000000000000010 -1.600000000000008 0.000000000000024 -1.599999999999990 -0.000000000000015 -1.599999999999875 0.000000000003069 -1.599999999653521 0.000000002732244 -1.599999849486385 -0.000000521915195 1.599981764387506 -0.000033234126429 -1.599153239977361 0.000919688631978 1.582249971452062 0.010261456324064 -1.441274073218050 -0.025266316756162 -1.054115802257203 -0.013168099378324 -0.680124748986668 -0.003116576726408 -0.483281137829947 -0.000412197569689 -0.389414855936812 -0.001722191978602 0.341988446293253 -0.002249599676976 0.318873344917431 
-1.589963946218201 -0.134959965831985 -1.578508219551764 -0.268947542017543 -1.555679304992006 -0.400997345000001 -1.521641685391611 0.530157952902199 -1.476640602731197 0.655498741953212 -1.421000307640888 -0.776113046786416 1.355119636920661 -0.890908763562135 -1.279253835968526 0.993435702104523 1.188030939152484 1.026747681479561 -1.028433050647879 -0.849374698102287 -0.719180681205530 -0.563549341147320 -0.441937656927486 -0.389607422278658 -0.305902222412505 0.306773273591119 -0.244134772611191 0.265875599265635 0.213689327559950 0.246252357659125 0.199019315857732 
-1.577185329457686 -0.267509319867734 -1.531812579103291 -0.527322883655857 -1.442372369812225 -0.771966328175610 -1.311437733562715 0.994401706920125 -1.142775421989313 1.188229932781799 -0.941237715373225 -1.347869879455955 0.712637908062087 -1.468414729033354 -0.464077352135046 1.538443257309243 0.210718020055647 1.478317497172325 -0.003768129770751 -1.133380725942658 0.106625654425614 -0.721920320342868 0.122209686033883 -0.494433250917234 0.103462147370306 0.389335925668918 0.087678195103824 0.337945534743467 -0.078214839303203 0.313364544281657 -0.073299690879568 
-1.561715578918228 -0.396731415797848 -1.460931659998755 -0.767860124302294 -1.265867822279859 -1.089435666049760 -0.989112336167844 1.340705450882738 -0.648525370112682 1.505453992964166 -0.266086601607655 -1.573046529493702 -0.133502045929730 -1.538941000119830 0.523568446583332 1.400737838481777 -0.862861596935254 1.125940724090927 1.022421488462444 -0.703678892059394 0.866434889522970 -0.383574890248218 0.602942742806991 -0.246646619278316 0.438327736229629 0.191228561778486 0.354832295698525 0.165579824702433 -0.311825024305224 0.153563034673437 -0.290732197451170 
-1.543610102978417 -0.521742747320887 -1.367260198390001 -0.983878937563528 -1.034707503298747 -1.333611771264875 -0.583944536629502 1.530985982698334 -0.066468762812840 1.553452540533523 0.458600660507372 -1.398446072393059 -0.931265471230215 -1.083754402574862 1.296939796656553 0.647259510272290 -1.501738149825334 0.164079642823995 1.437882163158840 0.170716127268616 1.041603407363283 0.220037404341505 0.645102776108675 0.176415861092325 0.443666601521466 -0.143155359961386 0.352081326812754 -0.124663896040849 -0.307209198931026 -0.115463511243537 -0.285672616425006 
-1.522928161729021 -0.641698786738003 -1.252542897834800 -1.169468433446339 -0.759777386151762 -1.489607123593783 -0.132118703393218 1.545276467587156 0.518996733229724 1.326592785344713 1.077968024118614 -0.872386293066830 -1.445560801775137 -0.263572660894314 1.556663998779159 -0.384849410801920 -1.392595482345517 -0.884801633178135 0.990383479648952 0.942663208010419 0.500412226382913 0.675453112059547 0.206208467877233 0.472872970154949 0.108074602976776 -0.371838705540748 0.076678154256705 -0.321722093634193 -0.064249350654638 -0.297722776830486 -0.058878771187931 
-1.499732734514734 -0.755799494077669 -1.118842951887624 -1.319647250099787 -0.453798640302920 -1.548341853385263 0.326497716852300 1.383801329932021 1.023872870355102 0.867814350657427 1.461213423792334 -0.131431322900302 -1.527467742899114 0.638060738438367 1.206584546033089 -1.238430424072801 -0.593554844788417 -1.450841669778065 -0.058892906104532 1.122985740448148 -0.403189680713007 0.664631820101590 -0.402336494049886 0.427973886970215 -0.320047076917519 -0.327896631083805 -0.263924813190887 -0.281629188077441 0.232715261021004 -0.260081842627801 0.217054457446383 
-1.474090382723003 -0.863294461962122 -0.968505829164095 -1.430495583748786 -0.130742466899736 -1.507064326711006 0.751863038379506 1.066739089679202 1.376594031693297 0.260542936331660 1.529179996940685 0.635013428546885 -1.157305255093851 1.312705784211680 0.389323856548519 -1.538284659656157 0.495616406909363 -1.224069223019409 -1.083828581264477 0.586425835820473 -1.054091561385018 0.184312335865851 -0.729438427050442 0.068785251675799 -0.511346554841763 -0.041252541380765 -0.404600590111904 -0.032921316380732 0.351679002567668 -0.029832778372229 0.326288003243585 
-1.446071108064658 -0.963487664246162 -0.804118942657703 -1.499255703256558 0.194804531839770 -1.369461419752696 1.107248724406838 0.631724194180537 1.528153661056462 -0.386453415517479 1.270667635530386 1.233076303797068 -0.449098155408090 1.532480642272858 -0.571612493658171 -1.156059161931908 1.332358849334009 -0.324404956115307 -1.462309411492588 -0.340634461751729 -0.986918564592829 -0.441275735373784 -0.512348823374831 -0.348100990790533 -0.305276378014609 0.278534768347474 -0.226827249085924 0.240934375745532 0.192791499496917 0.222561776747887 0.177412946579136 
-1.415748206596725 -1.055741779470895 -0.628467883918645 -1.524398422662819 0.508295769297159 -1.145355682241260 1.362402340269178 0.129394606389366 1.458893574116880 -0.958521257095381 0.744111697908394 1.513419718637791 0.384477486184407 1.227007445861909 -1.299803938182143 -0.265602698974890 1.501200137541004 0.758909933924406 -0.951955139409201 -1.072069606078307 -0.215470309440889 -0.771950824013772 0.113896166507396 -0.514325668432405 0.154480322721914 0.391435552767974 0.139818393966562 0.333632750771200 -0.125959281031684 0.306784974846121 -0.118138008236493 
-1.383198118743004 -1.139482063357984 -0.444489950245402 -1.505653994033996 0.795871568886875 -0.850013008701161 1.496114407501935 -0.382489775246401 1.181018375257666 -1.355415675687997 0.064423369969273 1.408490684545536 1.095913869784194 0.505864532747303 -1.513381702491936 0.735409793736264 0.920767820488513 1.429971949312206 0.152464357019593 -1.125722014666152 0.748973082168147 -0.555270743460435 0.689757775479932 -0.294718038424119 0.512098429476920 0.205668883255222 0.405844997421346 0.170674583287409 -0.351115716136232 0.155654015719169 -0.324738730383219 
-1.348500275572805 -1.214199747901099 -0.255225728649292 -1.444006905524594 1.044968904170173 -0.503109077773711 1.497972085901150 -0.845676207629022 0.736518894634991 -1.508843330260737 -0.622055012778728 0.948739217203789 1.476317725447903 -0.380605166879885 -1.134189508062443 1.402735277346680 -0.115707190237431 1.312531568781103 1.183300473372463 -0.438790635494819 1.225350211058619 0.081549120262392 0.757805083415069 0.160978019507234 0.467919400400911 -0.144817270430350 0.345781364234115 -0.127753264890531 -0.291822927815299 -0.118328042935362 -0.267462310983125 
-1.311736941602583 -1.279454948066301 -0.063769523584026 -1.341655096509011 1.244867290234404 -0.127424130176390 1.369155498248376 -1.208036297380090 0.190849110275155 -1.394188567853830 -1.169028221795845 0.253926126412287 1.416699592552505 -1.128159860578484 -0.316290263790551 1.442957510793570 -1.087600416406192 0.462620080475068 1.499411373052111 0.568715204796258 0.836090899711434 0.695200659605288 0.220507270851796 0.511538507878508 0.028235900615889 -0.390258764672667 -0.009849381210950 -0.329901695015617 0.016798123394815 -0.301752771885670 0.018001924243648 
-1.272993054389179 -1.334879060668047 0.126780573963417 -1.201935103982924 1.387147232726091 0.252647690986199 1.122217183610406 -1.429420977164713 -0.376694475028109 -1.034413643777506 -1.461395504178744 -0.498030770988535 0.939136249636412 -1.483064976887781 0.616577467936486 0.843142647635145 -1.508724608730527 -0.653598732783343 0.885660653631621 1.240775489137455 -0.195253940185950 0.824078460677788 -0.543587035879521 0.472437726921404 -0.467790719824164 -0.328209535610192 -0.376303654051286 -0.269264885286932 0.324132298380331 -0.243919828033188 0.298577664976703 
-1.232356061186806 -1.380176643616925 0.313372180496188 -1.029215604107331 1.466041756095080 0.612677233568959 0.779874150416895 -1.486096954755393 -0.884479498148508 -0.495524517522518 -1.439441850817367 -1.116578190040809 0.188916530394547 -1.328195466575099 1.299212561994179 -0.125043389409972 -1.171970788170302 -1.412278442290518 -0.296159769188922 1.105726805647458 -1.153297548089106 0.329990761269398 -0.928444902926254 0.045847733565875 -0.596400912619253 0.007752366283585 -0.433257714607628 0.015770982398939 0.360340916022265 0.016674079882637 0.327804519243438 
-1.189915752943056 -1.415126767414100 0.493046896218280 -0.828762683483669 1.478666469982923 0.929765595997559 0.372927530849847 -1.373275760417980 -1.260263124104867 0.125512751372347 -1.110995078899884 -1.446778623966540 -0.609609684951793 -0.721604330114425 1.467972037158925 -1.028343642408235 -0.252542475605741 -1.380784938260008 -1.313567203755469 0.207364048286029 -1.313070009605461 -0.462412088413447 -0.568405477068470 -0.449793459739994 -0.205067599205501 0.353206958771608 -0.103062697739103 0.296539399176462 0.073284529500260 0.269517391357541 0.062941827877505 
-1.145764095911715 -1.439583834470236 0.662986609283775 -0.606580942687699 1.425119165633403 1.183995774072718 -0.062500478338862 -1.105467673429855 -1.451454276498305 0.718197509008204 -0.549082370174959 -1.408082555290085 -1.220075022435470 0.125115667439846 1.062505939476249 -1.466418803538641 0.782970665287670 -0.568280049976789 -1.515981100357894 -0.883908286634996 -0.484118819118429 -0.960372706405511 0.321109888449319 -0.603190276263597 0.412913713686114 0.411238281822029 0.347392993920387 0.330248006371334 -0.298372535226599 0.295923627199646 -0.273412005168445 
-1.099995061162391 -1.453477865527873 0.820557112360081 -0.369235179059419 1.308445811941932 1.359678970691923 -0.488165243780579 -0.714642095891979 -1.432457182187871 1.178134402880824 0.124269921688276 -1.013929072385128 -1.464009945119708 0.920633371022263 0.246970792554285 -1.250046868236226 1.414870076602293 0.569798921769940 -0.756536820018944 -1.420691007223398 0.784668099509350 -0.733010343508270 1.036546475744679 -0.244475009387121 0.713318623396739 0.106047955447429 0.504791967194988 0.070500650084588 -0.409961602534435 0.059420666808024 -0.368560737050609 
-1.052704452268651 -1.456814256140831 0.963348365140254 -0.123657899727872 1.134475779695846 1.446317876042505 -0.867051330965736 -0.246424841439541 -1.208073182968010 1.425400755539308 0.764507207286248 -0.367418664586145 -1.272967544476205 1.394077407261319 -0.656507726583420 -0.482989377974411 1.333151734936094 1.385519771560274 0.494124259164507 -0.986915321219585 1.544245664755769 0.120618328497127 0.917422802626364 0.370634834140514 0.364543411531315 -0.318981398322754 0.181476271018361 -0.267142988783650 -0.127182321627675 -0.240893328213758 -0.108569172004262 
-1.003989731457599 -1.449673009787200 1.089210795856935 0.123051733552671 0.911534898036799 1.439228082532492 -1.166584071512560 0.245216876567647 -0.812512434255698 1.418413503378456 1.235552261941499 0.365611647173122 -0.707652804483310 1.387169628975410 -1.295028205554982 0.488176256916319 0.590038441175763 1.411235034169535 1.435618382952939 0.174984217755979 1.145183673461900 0.970588840143997 -0.056069802292632 0.716061241362519 -0.392596293226644 -0.476549638262708 -0.359214171383918 -0.369969032001490 0.306802011835923 -0.325980716030405 0.278578383012461 
-0.953949844504688 -1.432207457739663 1.196287103298462 0.363831737414583 0.650050285200144 1.339781229657407 -1.361423043202187 0.704183918880521 -0.304200311423003 1.160893424716791 1.438700909920559 0.999090863933125 0.061265195843270 0.907006517727003 -1.422511838802873 1.231677580710648 -0.433676197591762 0.634381671278124 1.456924700447665 1.276179067871065 -0.203034475793576 1.094700552005758 -1.119416927093976 0.426976767216695 -0.861686971697716 -0.180183954892714 -0.584380649766065 -0.114570667215010 0.455680240951667 -0.094715329185501 0.401764762937922 
-0.902685044657800 -1.404642479264654 1.283039097146986 0.591858104272887 0.362065563932014 1.155258012566097 -1.435598514546630 1.078635933747764 0.242836130014614 0.700765538778969 1.333277402640617 1.373911559829968 0.804625370126551 0.121974654644549 -0.994227169710109 1.422962184666659 -1.226463158896534 -0.493115495354502 0.545947290971029 1.508217126018977 -1.492518846681184 0.280788428238418 -1.277306361145734 -0.321496603648129 -0.497886628993217 0.332564721197325 -0.199816508328147 0.277457577660292 0.120213260530117 0.246852934028554 0.096610353770650 
-0.850296715874713 -1.367272239047450 1.348269197374334 0.800736892254694 0.060688870270808 0.898324247340633 -1.383811363731240 1.326836483456582 0.749734086117474 0.121268357314304 0.944732763300867 1.397859996925385 1.303029227145430 -0.697194332688805 -0.182212268560682 0.985510064750219 -1.402518375991558 -1.321977529308831 -0.697364355820374 0.645512134305655 -1.653415201035046 -0.890384778852431 -0.212242186719566 -0.863101023225230 0.475500655867227 0.554170766370156 0.467344029917804 0.405602027648975 -0.388217061201429 0.347367864074565 -0.345333954364106 
-0.796887195657331 -1.320457461921976 1.391136301579427 0.984682236621865 -0.240501167381110 0.586167160962603 -1.211791465235989 1.421794682670352 1.144149762141559 -0.474083558933791 0.358584044864304 1.068265345510469 1.411563560454745 -1.270647943906385 0.693515136121930 0.119523034585467 -0.886665926335069 -1.388938350521899 -1.466026217707598 -0.728509018737878 -0.455433587438100 -1.410947745273234 1.241318700857303 -0.594645566708535 1.100242743341801 0.189148084821460 0.683621161946224 0.090696391384588 -0.491732188257843 0.066837521035639 -0.418183405166460 
-0.742559597765249 -1.264622268001323 1.411165821093746 1.138675361667987 -0.528064676664956 0.239350444092181 -0.935692431212606 1.354188294191217 1.370569149974052 -0.979970825520274 -0.298378225212415 0.471812927945450 1.101901757536317 -1.404925034929611 1.290689433619468 -0.790346166529475 0.058576114950085 -0.680738497420401 -1.289511512725358 -1.601754676007212 1.188438212640160 -0.692215506654971 1.666846530487125 0.370553408967535 0.560824351734300 -0.455722146779617 0.081799382558364 -0.366379479596852 0.011324066244571 -0.316049597262106 0.026096631030320 
-0.687417635089681 -1.200250594138404 1.408253780936144 1.258600257201270 -0.789297793793961 -0.119535969736905 -0.580584616572261 1.133253098058191 1.398107280663209 -1.307881661868755 -0.885490874145559 -0.238213315564763 0.469552096910832 -1.058240328370761 1.378484523649482 -1.344632152662907 0.967246794270387 0.379477688649502 -0.327958234420301 -1.295925142352396 1.897976804963703 0.781293884314999 0.412415167019084 1.115569111100075 -0.792011231287729 -0.656361946730648 -0.749965683945810 -0.422965593886544 0.573740809566539 -0.341969206497772 0.488239045864456 
-0.631565442966960 -1.127882230277816 1.382664973757941 1.341352386174471 -1.012791487253761 -0.467343029590750 -0.178186135758626 0.785557045954016 1.224702263112478 -1.401579594060667 -1.278311009037240 -0.881294134022648 -0.295556068511406 -0.353473277771399 0.927092439750025 -1.302148763293263 1.394722011120079 1.198723214075652 0.781379668849852 -0.028265406338100 1.023325335453370 1.690691161889566 -1.494546813703716 0.715232348519586 -1.466621876605514 -0.042053934268761 -0.720614719844005 0.075908522770093 0.414575450195877 0.082515200798979 0.321384520842581 
-0.575107403208581 -1.048108501673640 1.335025252277459 1.384917588852000 -1.188927475325776 -0.781851588192113 0.235963409505779 0.351818425312560 0.877137354303835 -1.246726684792447 -1.394968501241848 -1.295540540851611 -0.966091359496204 0.465283824233815 0.118014817864201 -0.684230254697536 1.129605085839026 1.350164153332357 1.374884813783617 1.229661074344817 -0.701360136559308 1.039138381163680 -2.055580135153547 -0.653618661247110 -0.356591481516610 0.777159253008710 0.392251540877071 0.551261799175379 -0.406784937853782 0.442634816431005 -0.356269778515866 
-0.518147969121920 -0.961567630128447 1.266308136877420 1.388419220641238 -1.310289783363779 -1.043187804482661 0.625635251014101 -0.117852364536940 0.406927418929798 -0.873019345451669 -1.213202825357516 -1.378414472289076 -1.344819171393053 1.117357211807946 -0.729052339244515 0.233385968007736 0.300259210250750 0.777353081295568 1.151765734121387 1.538389597004283 -1.778409273900346 -0.725439339328399 -0.383195301858452 -1.525480061590091 1.564445330749412 0.667877514462248 1.206547046559694 0.270298834296452 -0.738380516431382 0.175422612150123 -0.564022619785271 
-0.460791491792742 -0.868939809343531 1.177816003593746 1.352132480039784 -1.371974433816032 -1.235075018748940 0.957074323445720 -0.569732567651281 -0.117301652278166 -0.348530391525824 -0.774544482503130 -1.112072731441546 -1.322555191288463 1.381827250198193 -1.283239011293952 1.040612178847771 -0.677699129483592 -0.210782848327717 0.268214196443953 0.750032723936408 -1.352329119791414 -1.891836030933888 1.924264554738672 -0.588212696399895 1.749238511097442 -0.537286336719625 0.219587522725417 -0.532047564747088 0.171420590495448 -0.429272760911589 0.192943354614019 
-0.403142047897010 -0.770942031147600 1.071156201294230 1.277465823626820 -1.371784449342281 -1.345843491760531 1.201917104631378 -0.952622814953485 -0.619815387852706 0.232670906012379 -0.174870917620605 -0.567084256478304 -0.909592455259762 1.172250610876144 -1.331890240401958 1.377577489062245 -1.306214760651794 -1.096594669087134 -0.793222001184349 -0.464211402153916 0.044568521962849 -1.175773468483058 2.191725290667048 1.400598106169921 -0.698140477499554 -1.246009029109563 -1.551524690673502 -0.573862645536440 1.016222517435455 -0.359346171586029 0.734197807220186 
-0.345303269305534 -0.668322700781672 0.948212524154417 1.166910299856760 -1.310302562420463 -1.369135620354553 1.339612734854123 -1.223639138956532 -1.028699085191879 0.767372846082914 0.456524838858377 0.116217070109522 -0.231588369244380 0.564540184534325 -0.861061101899423 1.100295138129882 -1.271172087433173 -1.385318174788771 -1.414296266604905 -1.282967364703837 1.225560645203639 0.718258929486695 -0.051885985785088 1.842935489840354 -2.721580354784079 0.076640883786889 -0.947883307719597 0.559143610550292 -0.080369741845000 0.467587979942333 -0.196990082215928 
-0.287378174740706 -0.561856080554040 0.811112535419671 1.023958536197266 -1.190839527630010 -1.304264301764127 1.359141274693818 -1.353007045338904 -1.286136976597478 1.161532825672689 0.984787930518484 0.763837847286841 0.508607049565230 -0.230457920732494 -0.058253947118815 0.342395103822705 -0.609604240542009 -0.878993632263409 -1.137629433249849 -1.296310748949131 1.520560867293519 1.767369745277715 -2.109625693572909 -0.368985175871830 -0.726376782189625 1.820431380842654 2.032047888226817 0.860242970265390 -1.461005970859274 0.423998533381242 -0.910581569924637 
-0.229469003739751 -0.452336602035106 0.662191299857041 0.852995959630784 -1.019261478691769 -1.156204700775494 1.259886018714678 -1.327322709751481 -1.356574742800002 1.346800601177107 1.298281535791407 1.212411356832299 1.091657157192345 -0.939605666378797 0.760620944868964 -0.557468749030921 0.338533643109006 0.128666193291914 -0.102651767839278 -0.478740797229110 0.834070348021806 1.095435176959868 -1.698115888522452 -2.325421243345824 2.878870846207686 0.385621591992641 1.647105268732536 -1.006984341208915 0.626099759676860 -0.792533693795792 0.750378847128617 
-0.171677053173858 -0.340573087534248 0.503952134351463 0.659167595291493 -0.803705115004877 -0.935223311494756 1.051591704466940 -1.150925227257352 -1.231614763244055 1.292353211159690 1.332156676027730 1.350380517190851 1.346727505324958 -1.321253523807393 1.274467256278283 -1.207233215967991 1.119948159718016 1.020036642053677 0.927977812176928 0.786222065649403 -0.647494546065815 -0.288520203468236 0.075143891988870 -0.870366683694468 1.874747213131188 -2.607356041654143 -3.229134189676768 -0.922704266611029 2.022108806255730 0.076786429756990 0.531184754741449 
-0.114102516567049 -0.227382921887594 0.339025028045447 0.448224451107510 -0.554194406728290 -0.656171378949259 0.753420621348693 -0.845241450912979 -0.930972296645156 1.009995460248023 1.081741523666175 1.145694597109472 1.201397786269823 -1.248388604551612 1.286260139556767 -1.316368747953446 1.339471731552313 1.347972604606450 1.368976785633789 1.460301579041788 -1.654136687251072 -1.482684261541371 1.692524777544008 1.520914588720669 -1.850443852993052 -0.208382816565344 -1.264765888586391 2.688478792455360 -3.548107924987782 1.058592865138093 -1.955362489332644 
-0.056844326452762 -0.113586215587111 0.170123414683608 0.226354039888091 -0.282176759813291 -0.337490978144782 0.392197014922538 -0.446196286165411 -0.499391481392844 0.551686743779792 0.602987875338268 0.653201595973993 0.702234555559150 -0.750047479250620 0.796611243281617 -0.840851410620198 0.883477506666245 0.940665316802993 1.016509481170238 1.071650084486096 -1.235868781668675 -1.438587134707515 1.912670825665706 1.806404797636228 -2.456774833971910 2.846527082157213 4.192679604683052 -2.328891908744044 2.567495696019815 -2.533396515091347 4.006969563740682 
0.000000000000000 0.000000000000000 0.000000000000000 0.000000000000000 0.000000000000000 0.000000000000000 0.000000000000000 0.000000000000000 0.000000000000000 0.000000000000000 0.000000000000000 0.000000000000000 0.000000000000000 0.000000000000000 0.000000000000000 0.000000000000000 0.000000000000000 0.000000000000000 0.000000000000000 0.000000000000000 0.000000000000000 0.000000000000000 0.000000000000000 0.000000000000000 0.000000000000000 0.000000000000000 0.000000000000000 0.000000000000000 0.000000000000000 0.000000000000000 0.000000000000000 
******************************************
ASBF PLOT NODES
75 1
1.000000000000000 
1.006756756756757 
1.013513513513514 
1.020270270270270 
1.027027027027027 
1.033783783783784 
1.040540540540541 
1.047297297297297 
1.054054054054054 
1.060810810810811 
1.067567567567568 
1.074324324324324 
1.081081081081081 
1.087837837837838 
1.094594594594595 
1.101351351351351 
1.108108108108108 
1.114864864864865 
1.121621621621622 
1.128378378378378 
1.135135135135135 
1.141891891891892 
1.148648648648649 
1.155405405405405 
1.162162162162162 
1.168918918918919 
1.175675675675676 
1.182432432432432 
1.189189189189189 
1.195945945945946 
1.202702702702703 
1.209459459459459 
1.216216216216216 
1.222972972972973 
1.229729729729730 
1.236486486486486 
1.243243243243243 
1.250000000000000 
1.256756756756757 
1.263513513513514 
1.270270270270270 
1.277027027027027 
1.283783783783784 
1.290540540540541 
1.297297297297297 
1.304054054054054 
1.310810810810811 
1.317567567567568 
1.324324324324324 
1.331081081081081 
1.337837837837838 
1.344594594594595 
1.351351351351351 
1.358108108108108 
1.364864864864865 
1.371621621621621 
1.378378378378379 
1.385135135135135 
1.391891891891892 
1.398648648648649 
1.405405405405405 
1.412162162162162 
1.418918918918919 
1.425675675675676 
1.432432432432432 
1.439189189189189 
1.445945945945946 
1.452702702702703 
1.459459459459459 
1.466216216216216 
1.472972972972973 
1.479729729729730 
1.486486486486486 
1.493243243243243 
1.500000000000000 
