******************************************
ASBF EIGENVALUES
16 1
39.478417604357624 
157.913670417429699 
355.305758439217414 
631.654681669807474 
986.960440542369270 
1421.223068468539168 
1934.457318488802002 
2526.756951016787752 
3206.838056502559994 
3975.543721627250306 
5138.505357826151339 
6326.152896038696781 
10266.770628714119084 
12854.569002699476187 
38283.229385995466146 
48504.256450054075685 
******************************************
ASBF QUADRATURE VANDERMONDE
20 16
0.021549704004418 -0.043096897467749 -0.064639070924675 0.086173661775877 -0.107692757471360 0.129221697389564 0.151682270178432 0.172718365547065 0.176470486741872 -0.201190415360833 0.434520793991200 0.413209089602907 0.375928446831340 0.384982948474079 4.611447114921198 -3.639662833969311 
0.112115296426183 -0.223871612424091 -0.334911116130937 0.444878324028349 -0.553427099910914 0.660184670917617 0.763816471463861 0.866083939317330 1.010143718122134 -1.105115231133593 1.416193998374011 1.415398757631340 3.866892260215963 3.319716690596104 5.907705720937690 -3.674394606019018 
0.268949972551855 -0.532796403303582 -0.786532594696637 1.025343684691449 -1.244694799031096 1.440423246919864 1.609569385095706 1.748425761113960 1.871564845185489 -1.915693498389841 2.652699712299504 2.449486309616710 2.879666317318764 1.430623869634514 -2.775250111454762 2.303940704107115 
0.480730895377371 -0.930923151358521 -1.321978109192433 1.629053784764549 -1.832641325187873 1.919848145489594 1.885425630168534 1.728109756873562 1.485264136148048 -1.141075058430651 0.635775477128229 -0.302233677265614 -2.990643795060769 -2.380929347119277 0.221482957376905 -0.877074264322311 
0.729723668017899 -1.345113141392865 -1.749748276871131 1.880230347551832 -1.716122709349047 1.283057008582977 0.647703504333893 -0.083968752003787 -0.802121890413123 1.469494038475073 -2.562993671171117 -1.942439680056436 0.421107948614547 1.175008325448697 0.641274228709417 0.226841819791383 
0.991855171297869 -1.668280972556581 -1.814160752767604 1.383101732750454 -0.512176967693390 -0.521537140394932 -1.387213721365266 -1.818387543091848 -1.748662664929440 0.943792118652211 0.904950477130990 1.616112434959750 0.884149066269271 -0.227374428817171 -0.825623510834268 0.086843816469572 
1.238429153231128 -1.781042883241700 -1.322971909862759 0.121585045112821 1.148100377726255 -1.772808034515598 -1.404443334673120 -0.240548923182131 1.169829653283327 -1.785062752899264 0.857819855944410 -0.485987655151127 -1.085954688017648 -0.241350908337759 0.751931909630613 -0.260601148292838 
1.439765117488190 -1.594911755258704 -0.327011614695323 -1.232662038758708 1.692516250467129 -0.642187309945185 0.984119144303258 1.729488928925239 0.837724072829392 0.790408806667438 -1.391506029508119 -0.351975892851986 0.855529768491951 0.452655804695248 -0.568985742122420 0.363829969034120 
1.570202373594016 -1.099830225853116 0.799838919522305 -1.660068174546444 0.362928359811503 1.405868158936615 1.345642980909400 -0.466157693630795 -1.618016703909916 0.568761239333149 1.059942986653634 0.780813615365233 -0.513572421397627 -0.546546818841892 0.342494511484016 -0.423101735665940 
1.613143678453317 -0.386890863650436 1.520353096487134 -0.751527105015110 -1.340107568186419 1.072862644541939 -1.082349992966601 -1.324569743490123 0.754669647640789 -1.353179481028626 -0.390170531520308 -0.936942997854552 0.168305114198744 0.581559882533147 -0.109353915660335 0.449565675400440 
1.564508741440141 0.375226426665241 1.474515717799805 0.728869111824496 -1.299701504720209 -1.040468621143889 -1.049022143737210 1.281714527029016 0.709297397356780 1.295252045282934 -0.319546912579261 0.914267081013365 0.148005651238638 -0.577461630895618 -0.106698972683247 -0.447642857925283 
1.433368197781082 1.003986298332958 0.730137522531965 1.515402912910225 0.331299551246688 -1.283479187671650 1.228034066909899 0.433008598312954 -1.462910569608697 -0.465821316077183 0.895002848854831 -0.716713788637078 -0.423677399312757 0.533972540411951 0.289321088411549 0.417653522669136 
1.239512635553873 1.373080406811749 -0.281528579538710 1.061214608715533 1.457109307510381 0.553026114180392 0.847128229342478 -1.497844498516144 0.723294569704775 -0.770057847102988 -1.123109667355156 0.266702717126913 0.642088306673364 -0.430862291778389 -0.426063148997566 -0.355732302223437 
1.008820059629079 1.450831307538469 -1.077688293867273 -0.099042476850557 0.935240098878884 1.443973203125676 -1.143658221858542 0.202746435995494 0.933330148780988 1.555897668663211 0.681149050517145 0.533358307896189 -0.748026384578206 0.210376597795410 0.504205502346439 0.251054345060918 
0.767984651892058 1.291735143437395 -1.404688561628525 -1.070923606754654 -0.396576266402938 0.403932878267150 -1.074528399725586 1.404516987703036 -1.331788592456519 -0.783415746696491 0.574439992724136 -1.527452818731077 0.576481671975909 0.259989265009899 -0.501823595897840 -0.077098484488383 
0.540171075092098 0.995707339027258 -1.295234688788316 -1.391822692580406 -1.270341751790061 -0.949827813778641 0.479801305736578 0.064069215062725 -0.597078785160971 -1.125968510339816 -1.656703849860396 1.725248838347668 0.203486592989900 -1.174224378658665 0.360487539251090 -0.235344327878245 
0.342562930893331 0.663364402480151 -0.942025361683786 -1.160843733359313 -1.305918733586415 -1.368057685458022 1.343325627048104 -1.231956979893601 1.053230982010315 0.852935224022730 0.395124668498810 0.279447436137058 -1.604961803894493 2.278016783337528 0.103765904389535 0.879693307533654 
0.185954134881184 0.368379640659417 -0.543814847115712 -0.708930785729259 -0.860591803575208 -0.995883488184990 1.112824622383327 -1.211432811289959 1.285097519365065 1.363756068394649 1.619410283580649 -2.065352533262856 1.518896824601201 -1.306304948494769 -1.341481821527050 -2.277590849766677 
0.075872336301249 0.151501738011335 -0.226646047903221 -0.301064591846501 -0.374522742715935 -0.446825072424829 0.517024735275090 -0.584185498752182 0.674761564327120 0.794609922319932 0.867317674336593 -1.119595255115097 1.954639175443755 -3.091143110809124 2.788400901280590 3.577692855991547 
0.014407648900287 0.028813619308464 -0.043216233346301 -0.057613870532715 -0.072001749671506 -0.086348028752611 0.101264583415116 -0.117448668885675 0.120499849185514 0.127153092868594 0.242966420824425 -0.355533791824973 0.210556924974797 -0.321054416697848 2.109177741546656 3.573523318104453 
******************************************
ASBF QUADRATURE NODES
20 1
1.001717850203726 
1.009007018180522 
1.021941392937169 
1.040220757044445 
1.063417023384962 
1.090986579818371 
1.122283249512293 
1.156573477821145 
1.193053537214589 
1.230868369716626 
1.269131630283374 
1.306946462785411 
1.343426522178855 
1.377716750487707 
1.409013420181629 
1.436582976615038 
1.459779242955555 
1.478058607062831 
1.490992981819478 
1.498282149796274 
******************************************
ASBF QUADRATURE WEIGHTS
20 1
0.004418643892439 
0.010334029820000 
0.016363111071259 
0.022527591579154 
0.028817065921542 
0.035170311161961 
0.041466108339325 
0.047519148891573 
0.053082339894569 
0.057856756189582 
0.061509782848479 
0.063700932298007 
0.064113580527526 
0.062489664562924 
0.058663457129420 
0.052590097374327 
0.044364756333862 
0.034229236127323 
0.022564854362162 
0.009885198341233 
******************************************
ASBF GLL VANDERMONDE
16 16
0.000000000000000 0.000000000000000 0.000000000000000 0.000000000000000 0.000000000000000 0.000000000000000 0.000000000000000 0.000000000000000 0.000000000000000 0.000000000000000 0.000000000000000 0.000000000000000 0.000000000000000 0.000000000000000 0.000000000000000 0.000000000000000 
0.094846802451951 -0.189476914630451 -0.283674140833680 0.377223300994883 -0.469914124312344 0.561524332511284 0.651267888347215 0.739830987827745 0.858798727664851 -0.946783221016795 1.258547292340721 1.245607828811703 3.285752118072329 2.897352244170121 6.884413584745916 -4.595820859157673 
0.307597933208400 -0.607500449910863 -0.892204656901534 1.154587823457234 -1.388077911042102 1.586863416383671 1.747509065179618 1.862954102672032 1.932303039754710 -1.935739160917789 2.681385100003111 2.312245748766255 1.487789986599450 0.194661288349671 -3.110628247528103 2.125706488012475 
0.610136704154822 -1.155723977570553 -1.579041396872780 1.835304190767953 -1.897412566931660 1.758736838980851 1.431901948530340 0.956404665613968 0.433686623390677 0.220611009333517 -1.718671533937894 -2.134792308463298 -2.007405656949221 -0.609220067400817 1.615482233816732 -0.978130497212710 
0.955551196249791 -1.633217897257574 -1.835927389209628 1.504729440062171 -0.735926548950232 -0.246811909981511 -1.155281885619545 -1.733329130867640 -1.902253628296151 1.353381549702392 0.311721525477026 1.326678142052475 1.322592715808109 0.196532206828269 -0.992265734995607 0.364567015870887 
1.280336049383017 -1.770587995870816 -1.168225678214388 -0.155038253054859 1.382616593565863 -1.757104486066233 -1.049841021914039 0.313882112150077 1.579775101240289 -1.681908446711792 0.150785727661201 -0.999459074511517 -0.767232813317322 0.186740348727346 0.614397908233007 0.039897054823219 
1.516757868133528 -1.376467501861514 0.267604773013267 -1.619320710709245 1.201948718874974 0.528669444058622 1.683720918958933 0.988851415449234 -0.857588112727157 1.577343992294561 -0.156041039470193 0.936490676139723 0.389660288160874 -0.440297581187968 -0.332211032365848 -0.302757083612355 
1.612453250499496 -0.511121173947890 1.450436241022510 -0.970885500434768 -1.142685917735208 1.332984668306332 -0.721125833705258 -1.551237025772242 0.262216749780549 -1.460030171287313 0.037828924575508 -0.942278791565725 -0.111926979585075 0.566863892479361 0.102660475338801 0.434928995883333 
1.548397798900763 0.490816648772923 1.392816989730528 0.932316688494581 -1.097289125685452 -1.280064565069354 -0.691744533221106 1.491093250644817 0.228201166864970 1.422570967987999 0.091433017259095 0.945481767441085 -0.114845081614434 -0.570740460822948 0.091283395881983 -0.436418712229968 
1.345140973789465 1.220724068582079 0.237326044609534 1.436098947829705 1.065948839538665 -0.468762759901882 1.492556172469446 -0.880776042898050 -0.736788630231564 -1.455296604491103 -0.186047181125481 -0.944228843415064 0.323163166475040 0.452724081325350 -0.260797390846796 0.307278242031928 
1.053463041955657 1.456843316316124 -0.961218406387790 0.127566016853921 1.137621992746817 1.445626063086329 -0.863283736615604 -0.253451253043763 1.275368268043218 1.463544504646828 0.169553653917542 1.000459869219564 -0.547803328020169 -0.210843281254876 0.419596300704371 -0.047647887953767 
0.734975139567310 1.256211657408010 -1.412128407354230 -1.157383267758834 -0.566049672645889 0.189969198700028 -0.888964990181085 1.328616537278962 -1.440828124503945 -1.117504755857235 0.162997167121327 -1.275936571851011 0.834233136323998 -0.152689158442558 -0.594814202287438 -0.353018758767195 
0.443274605722116 0.839652961366576 -1.147200206031868 -1.333379236341954 -1.378500962289143 -1.277864339485774 1.040542655578162 -0.690504588410405 0.305042017596590 -0.133417921951953 -1.071650448321239 1.922428094665609 -1.153315886535332 0.532743746103147 0.864873558414218 0.960672268364328 
0.213825150280338 0.422300870627974 -0.620211562620186 -0.802606038848756 -0.964916100069002 -1.103024822668005 1.214584609225773 -1.299168579608379 1.337257934905370 1.376200751632607 1.632111117879742 -1.977148148080706 0.813993147337766 -0.128295370580911 -1.529010690095285 -2.090609759712390 
0.064037059356460 0.127927817440712 -0.191526306933877 -0.254687182998315 -0.317268360601058 -0.379154132781433 0.439765180905327 -0.498379068202201 0.573496181938958 0.676020805240399 0.763682711472078 -0.988904332924617 1.663182556028224 -2.684936443329229 3.227510457852786 4.487500798869444 
0.000000000000000 0.000000000000000 0.000000000000000 0.000000000000000 0.000000000000000 0.000000000000000 0.000000000000000 0.000000000000000 0.000000000000000 0.000000000000000 0.000000000000000 0.000000000000000 0.000000000000000 0.000000000000000 0.000000000000000 0.000000000000000 
******************************************
ASBF GLL NODES
16 1
1.000000000000000 
1.007607988432446 
1.025199866726632 
1.051997927034546 
1.086902824279377 
1.128485144528216 
1.175042382774809 
1.224668431619513 
1.275331568380487 
1.324957617225191 
1.371514855471785 
1.413097175720623 
1.448002072965453 
1.474800133273368 
1.492392011567555 
1.500000000000000 
******************************************
ASBF PLOT VANDERMONDE
38 16
0.000000000000000 0.000000000000000 0.000000000000000 0.000000000000000 0.000000000000000 0.000000000000000 0.000000000000000 0.000000000000000 0.000000000000000 0.000000000000000 0.000000000000000 0.000000000000000 0.000000000000000 0.000000000000000 0.000000000000000 0.000000000000000 
0.167350357631672 -0.333494952101083 -0.497236706590884 0.657395945727569 -0.812827096343239 0.962360600211651 1.103578735013851 1.239421198794594 1.425876484797933 -1.524154261773764 1.935428622433603 1.949627787943886 4.777542229850476 3.713088575806052 1.962269094830738 -0.468622907715925 
0.329106860626759 -0.648745916077377 -0.949721734023781 1.223375701785922 -1.461825796320595 1.658256732080162 1.808837820879463 1.904997045063141 1.940746801742285 -1.915897812598200 2.616093240447283 2.145249593209355 0.687232530677075 -0.450786600066001 -3.007068553440362 1.835724308940281 
0.484321468636346 -0.937387684213433 -1.329960423710186 1.636705312942652 -1.837825566589164 1.920380121301207 1.879249114689219 1.713841971227920 1.463615571350950 -1.109942399001917 0.566988408216370 -0.369876085183444 -3.012527703692370 -2.363153161945210 0.297624387385244 -0.915483143946988 
0.632111405408006 -1.192007174354871 -1.615721951971357 1.854848519807379 -1.882080009850526 1.694233873505260 1.310633038151397 0.781025527906804 0.212368776932260 0.473695739816406 -2.009416486400228 -2.252869151924977 -1.584489226730151 -0.211120004123163 1.561616020739446 -0.788930530575434 
0.771663097976087 -1.406322799713607 -1.791299705178381 1.858243921330682 -1.595272585993923 1.049014454727214 0.316178107483399 -0.468579064830003 -1.201081749987948 1.760365785503057 -2.393910340264914 -1.444330502402519 1.114506119571681 1.432924474116703 0.100026675872821 0.573286875962872 
0.902235646055224 -1.575328904807483 -1.848333089062313 1.651912737062728 -1.035941136476802 0.156913519843847 -0.759652729580631 -1.486098284356709 -1.935307654404539 1.776018556459650 -0.634315050836035 0.645484423490354 1.743340422045475 0.818652130997447 -1.008257749192380 0.692551280965296 
1.023163806769926 -1.695402173332766 -1.786150314471053 1.264283228873311 -0.308781577658537 -0.752531541850356 -1.554102089111754 -1.829577062662045 -1.531646479444184 0.531725356250107 1.337938996459898 1.725961306612647 0.452704038725345 -0.546940128744074 -0.603329894804181 -0.152051873133757 
1.133860482923842 -1.764367992246810 -1.611622279929247 0.743431523898998 0.454784422162995 -1.451083269782637 -1.804581532414820 -1.359188816420554 -0.253398051804397 -1.019621681433883 1.906885151098600 1.047781000110637 -0.910350924503398 -0.969682910549689 0.372142066466485 -0.635273575191603 
1.233818706128637 -1.781525867448231 -1.338548205109594 0.151220349231776 1.120184952579325 -1.768751312037270 -1.436726778193492 -0.299642931632341 1.115616354289820 -1.779932318148818 0.929789178422252 -0.420265614719740 -1.108502470313805 -0.287893586836620 0.756596298547022 -0.291184720084899 
1.322613109254799 -1.747634100217259 -0.986622241201491 -0.443961210699950 1.573242338642963 -1.634948790421085 -0.588485743248856 0.866174432787249 1.789669424374047 -1.296895581437236 -0.570405487567717 -1.284808222932423 -0.289110917953276 0.551961006200342 0.326529004767673 0.326140669063522 
1.399900885815379 -1.664855020487493 -0.580055172836095 -0.975014938069186 1.739614424397893 -1.093871045643338 0.440439816246492 1.620429380788381 1.437238958540253 0.008346589241307 -1.424717033414316 -0.948800645135494 0.615679144116280 0.714827406898211 -0.340804344652563 0.523665516029455 
1.465422237029419 -1.536663104723603 -0.145945081179256 -1.383623125952480 1.596847230277213 -0.290762439092380 1.295245204039351 1.642475911418515 0.320355073268118 1.220636976197453 -1.145716137255629 0.116894902066237 0.850714553630389 0.176231845125913 -0.606226680374086 0.169423170589151 
1.519000310415357 -1.367719256257240 0.287495647210947 -1.626582645776767 1.177100565935830 0.566836218602884 1.689362694258558 0.943828755424684 -0.907093498185326 1.569285832018126 -0.101590259659904 0.959155790955131 0.356473025818510 -0.462487368009303 -0.309369223400262 -0.320850225818145 
1.560540636816856 -1.163715370552976 0.692743008965548 -1.680302817928808 0.560275817983625 1.262542117281152 1.500565191011800 -0.149020320585939 -1.583388492365325 0.893479660229890 0.890798315770034 0.945529518357282 -0.357544789909760 -0.617599491411847 0.217970965552064 -0.470119755345006 
1.590030075746169 -0.931194026385097 1.044680446680133 -1.543006327265369 -0.141039897935632 1.625528323422478 0.807679739212338 -1.148238087754345 -1.383929002421362 -0.316827541368101 1.168030922575207 0.179570282935414 -0.706399090185540 -0.205409663004977 0.513419878694013 -0.171147735160197 
1.607535281825083 -0.677348719333570 1.322128615800654 -1.234438723293515 -0.801998840242776 1.572232045940288 -0.142120194608224 -1.621454313808379 -0.460536386252152 -1.273360442728300 0.619142815781219 -0.676630966607936 -0.466760361212462 0.365030758909964 0.363371843415866 0.272594017295824 
1.613200707893558 -0.409810473461379 1.509094242125100 -0.793174133510547 -1.307599059314930 1.125270580635094 -1.021555774508172 -1.376329391171592 0.669842026051227 -1.387889989002328 -0.315121934354810 -0.951031908357228 0.118313266305522 0.587856021816546 -0.071248712993008 0.453992014039343 
1.607246163024922 -0.136426921983158 1.595665916132884 -0.271870994260751 -1.572576822897841 0.405398071141895 -1.535405453755936 -0.536235478809730 1.408978386233610 -0.616854620458126 -0.979894516003691 -0.456987856807625 0.573339685938497 0.284668504650961 -0.422826346986793 0.219704684888204 
1.589963946218203 0.134959965830910 1.578508217945448 0.268947352882913 -1.555666057973941 -0.400864879559303 -1.518582238303632 0.520819425304776 1.383542163514237 0.534459399510275 -0.940085440569182 0.397346474847881 0.556753054379070 -0.268515090295107 -0.415806896481292 -0.212616703412196 
1.561715578918232 0.396731415797404 1.460931659562250 0.767860013663826 -1.265864175707899 -1.089324392600689 -0.988241376950864 1.330280031405462 0.625372551310664 1.333336397919736 -0.245880823603144 0.932925416570422 0.100233060086048 -0.585198608597363 -0.070600084106741 -0.452685977956592 
1.522928161729028 0.641698786738558 1.252542898884860 1.169468494590527 -0.759785930332559 -1.489613179854896 -0.134036289162597 1.542940476021746 -0.455047400868939 1.271024568319106 0.616364888745752 0.714484396588701 -0.429950623340450 -0.378581943569432 0.324665694220842 -0.278223169197539 
1.474090382723012 0.863294461963197 0.968505830772244 1.430495763948908 -0.130755622149941 -1.507183204152416 0.748864457941237 1.074687999002189 -1.283370191946499 0.379127487115091 1.046728138058348 -0.109277522685675 -0.611119435532749 0.186450566777229 0.443821983147879 0.163143637284012 
1.415748206596737 1.055741779471562 0.628467884704693 1.524398564729663 0.508289239866105 -1.145482350610232 1.360857861169686 0.140602446491397 -1.417807007651544 -0.778593213418653 0.729314234978770 -0.891298773551678 -0.286529824983310 0.609633378794021 0.183212946685479 0.466526990195585 
1.348500275572818 1.214199747900786 0.255225727968599 1.444006883641646 1.044974244707584 -0.503129405819545 1.499079435065462 -0.841311093048874 -0.781290229374206 -1.446063491085694 -0.141000153915799 -0.963627939369235 0.297453054106140 0.474061165330937 -0.243112634256603 0.325036726198468 
1.272993054389194 1.334879060667060 -0.126780575441954 1.201934940395765 1.387159077477908 0.252750507521704 1.124822154644001 -1.435708015110588 0.289293683614515 -1.156533694006818 -0.958326898122801 -0.185629080618094 0.655525401279999 -0.153300504160669 -0.461007620613158 -0.160861842054592 
1.189915752943073 1.415126767413376 -0.493046897096894 0.828762535848215 1.478673627314402 0.929889522474081 0.374590656734047 -1.383877828043504 1.210713663436490 -0.062601772521080 -1.098740152970194 0.858246025217838 0.441569670937192 -0.701258506192022 -0.250051466664648 -0.518649217660642 
1.099995061162409 1.453477865528106 -0.820557111824048 0.369235193362996 1.308441774162791 1.359698937665816 -0.488885211046164 -0.719096849456242 1.463677446983020 1.117474378397632 -0.379149315732455 1.241467752898828 -0.223324992786138 -0.564009659841483 0.226802083354949 -0.330084765376014 
1.003989731457616 1.449673009788114 -1.089210794522349 -0.123051576475591 0.911524488440655 1.439127290032099 -1.168724107300123 0.250738019506104 0.888949168620020 1.551353063931415 0.731741007125923 0.472558347651146 -0.760937945271252 0.256542999295017 0.506315296883575 0.281577803362917 
0.902685044657817 1.404642479265212 -1.283039096492796 -0.591857983352544 0.362060340770964 1.155155851159398 -1.436776283691141 1.086987631161371 -0.199420001596725 0.884714453453321 1.363375198558759 -0.918161721078152 -0.578517362679324 0.949511468596340 0.238607476524818 0.630547830005526 
0.796887195657348 1.320457461921517 -1.391136302317920 -0.984682294792779 -0.240495655163539 0.586187621867468 -1.210833742240478 1.423037012592656 -1.172573610280791 -0.440797778082954 0.884885511569609 -1.612332978691126 0.313046362064125 0.567797040606705 -0.371196804911717 0.159226550389963 
0.687417635089696 1.200250594137547 -1.408253782041448 -1.258600410224571 -0.789289377907051 -0.119427588026738 -0.578989042613093 1.127362183680575 -1.455479426028949 -1.448951273391215 -0.470453015902400 -0.662520330855650 1.062356557967161 -0.765792036737875 -0.592197404744373 -0.681198410263503 
0.575107403208594 1.048108501673596 -1.335025252184972 -1.384917610946010 -1.188928029267456 -0.781819863324556 0.235904065775156 0.349110835384227 -0.893241244138714 -1.375531919265123 -1.571924066478141 1.261221590513083 0.618045935204637 -1.408707734505450 0.060280240080179 -0.575652209881567 
0.460791491792752 0.868939809344272 -1.177816002571355 -1.352132346478405 -1.371981988584466 -1.235164125928698 0.955711478879671 -0.564918156884095 0.144973601645319 -0.327387037795290 -1.260710191485908 2.026849220744102 -0.926709054880411 0.147733179126242 0.843007644445102 0.771462517280317 
0.345303269305543 0.668322700781703 -0.948212524170484 -1.166910278295009 -1.310302543829978 -1.369161703959346 1.339640578731626 -1.222243522480492 1.038172813349850 0.831554253920995 0.353205285837963 0.339802563847917 -1.619551852206343 2.259330336746564 0.143404227469265 0.917147463654181 
0.229469003739759 0.452336602034466 -0.662191300643881 -0.852996072519496 -1.019255791508082 -1.156127106608652 1.260954601951262 -1.332908475203885 1.348572812174080 1.363549829898510 1.591273137235607 -1.846044047216911 0.401283960136448 0.485632818002813 -1.490706198549579 -1.799711160395687 
0.114102516567051 0.227382921888076 -0.339025027401411 -0.448224365944841 -0.554198970874570 -0.656226709609288 0.752664163471804 -0.842770571114283 0.958903937964711 1.099732949093957 1.195555839038488 -1.565244189116084 2.429621242292001 -3.478257132310323 0.959214577948051 0.423667717866962 
0.000000000000000 0.000000000000000 0.000000000000000 0.000000000000000 0.000000000000000 0.000000000000000 0.000000000000000 0.000000000000000 0.000000000000000 0.000000000000000 0.000000000000000 0.000000000000000 0.000000000000000 0.000000000000000 0.000000000000000 0.000000000000000 
******************************************
ASBF PLOT NODES
38 1
1.000000000000000 
1.013513513513514 
1.027027027027027 
1.040540540540541 
1.054054054054054 
1.067567567567568 
1.081081081081081 
1.094594594594595 
1.108108108108108 
1.121621621621622 
1.135135135135135 
1.148648648648649 
1.162162162162162 
1.175675675675676 
1.189189189189189 
1.202702702702703 
1.216216216216216 
1.229729729729730 
1.243243243243243 
1.256756756756757 
1.270270270270270 
1.283783783783784 
1.297297297297297 
1.310810810810811 
1.324324324324324 
1.337837837837838 
1.351351351351351 
1.364864864864865 
1.378378378378379 
1.391891891891892 
1.405405405405405 
1.418918918918919 
1.432432432432432 
1.445945945945946 
1.459459459459459 
1.472972972972973 
1.486486486486486 
1.500000000000000 
