******************************************
ASBF EIGENVALUES
11 1
39.478417604357318 
157.913670417453915 
355.305758803592369 
631.655729455827782 
986.993078215369223 
1426.081116239786752 
1953.835763044099167 
2888.915030435390690 
3888.743383273694690 
10116.455516346222794 
13977.977711034098320 
******************************************
ASBF QUADRATURE VANDERMONDE
15 11
-0.037607487783107 0.075201665506629 0.112763944670938 -0.149871303532870 0.187848015609626 0.255269173735801 0.289446956219128 -0.262081071088360 -0.315123262729834 2.962214289476723 2.523731892033155 
-0.193705132495008 0.385531183745552 0.573620598478048 -0.756503292749833 0.931769364741828 1.095524231333982 1.240669071992407 -2.318418375372050 -2.340765998467248 4.650615959468134 3.037052287291481 
-0.455097189925053 0.884443534627993 1.263748744456775 -1.571617968513080 1.788986580036863 1.942421571010871 1.979387404178242 -2.409946725412980 -1.443808145089533 -1.459935864447568 -1.654749343234921 
-0.784903943945280 1.425008708040583 1.802216723162521 -1.846389958104208 1.553305545818154 1.015351718726917 0.145134091231198 1.646601158651421 1.871828553205909 -0.663046209561206 0.363069066616223 
-1.127200222508312 1.761552965059628 1.625713627570304 -0.780032863639376 -0.410834623740266 -1.521908636293162 -1.808235721307276 0.694285127283904 -0.540957785227601 1.038517572981017 0.191715206730041 
-1.414519402461697 1.641770781783960 0.491000950867907 1.072881292187314 -1.733893656348396 -0.855059165078630 0.723066177941914 -1.369307545349671 -0.408567016037537 -0.801087709499116 -0.432041732863236 
-1.584519558805649 0.984938324188467 -0.972279097970119 1.588769102474726 -0.013813034744606 1.542219163730416 0.863029119279985 0.869904898129820 0.815430544999811 0.404165828571547 0.537880099340373 
-1.599999999996653 -0.000000015466010 -1.599991797016580 -0.000126791049525 1.594962962613930 -0.011708399687733 -1.437909259946096 -0.028918423647723 -0.904679640968735 -0.000926263151891 -0.566118039473526 
-1.461933871267083 -0.908738966089851 -0.897076317500336 -1.465704337171438 -0.007676488496281 -1.406997697016894 0.743155031942472 -0.728610047629569 0.767626983606030 -0.344151276389963 0.530146220395686 
-1.207801165566058 -1.401841966537795 0.419271426070826 -0.916048759840391 -1.487330420444022 0.733230870362604 0.722225589153270 1.079088897369713 -0.327808053608662 0.589944405834701 -0.417446754571128 
-0.896145411961534 -1.400467812215479 1.292450115388127 0.619985570805681 -0.321851540629925 1.188275780416181 -1.550810312731207 -0.543391314377486 -0.589347432539930 -0.672825422101621 0.171729154053077 
-0.586246766524853 -1.064342632850666 1.346092756765391 1.379215877259689 1.158354224195782 -0.743402864653226 0.125773484367809 -1.012033870032881 1.757711536626510 0.397311557336318 0.382890021456173 
-0.323085289497837 -0.627889397063662 0.897167831315860 1.115666565638227 1.270151993062753 -1.371725160051934 1.484257305030676 1.458353840392721 -1.258143831685054 0.735105922945972 -1.640952970018549 
-0.132547542255456 -0.263809280454282 0.392505790606433 0.517622991877591 0.639650471648615 -0.746900652810349 0.869292509230891 1.338769590865030 -2.054692065028175 -2.290070938640833 2.919034466827354 
-0.025197346499053 -0.050385765550030 0.075562199748580 0.100477387725888 0.124010664981691 -0.165660758121356 0.222469358070760 0.172285284789447 -0.230457683329854 -1.383625829924829 2.457255142110716 
******************************************
ASBF QUADRATURE NODES
15 1
1.003001870494879 
1.015681651899824 
1.037948354147393 
1.068895567159958 
1.107256956847865 
1.151462163230609 
1.199701476500641 
1.250000000000000 
1.300298523499359 
1.348537836769391 
1.392743043152135 
1.431104432840042 
1.462051645852607 
1.484318348100176 
1.496998129505121 
******************************************
ASBF QUADRATURE WEIGHTS
15 1
0.007734538405021 
0.018147565805844 
0.028861642538805 
0.039866191505000 
0.050962258484466 
0.061706093846825 
0.071399797261799 
0.079132125752172 
0.083875810671472 
0.084635971637275 
0.080629474010474 
0.071462277088645 
0.057265753874237 
0.038757635818034 
0.017229529966596 
******************************************
ASBF GLL VANDERMONDE
11 11
0.000000000000000 0.000000000000000 0.000000000000000 0.000000000000000 0.000000000000000 0.000000000000000 0.000000000000000 0.000000000000000 0.000000000000000 0.000000000000000 0.000000000000000 
-0.203609929831869 0.405033450412185 0.602111793696851 -0.793144863235295 0.975197317082200 1.141488961998268 1.292085457009011 -2.428592864954275 -2.426246761574825 4.446271046309861 2.817540824888036 
-0.630249324054733 1.188956674831105 1.612691183387094 -1.852564807602154 1.883992881960468 1.784943834949474 1.366752881893361 -0.128526717270150 0.863004063024651 -2.082000233475003 -1.074352183948958 
-1.138398334500913 1.766177226666751 1.601766096828661 -0.719845359119465 -0.489281244341165 -1.576620608342811 -1.789063854163191 0.568724503944231 -0.639645668431529 0.986924525643972 0.115497032740445 
-1.520349905542957 1.362366169703744 -0.299565619624788 1.631490080719995 -1.156419858481135 0.661793996044702 1.564278433229319 -0.288793293244909 0.812695090811986 -0.403710767106749 0.395861765832485 
-1.599999999996653 -0.000000015466010 -1.599991797016580 -0.000126791049525 1.594962962613930 -0.011708399687733 -1.437909259946096 -0.028918423647723 -0.904679640968735 -0.000926263151891 -0.566118039473526 
-1.350532537744821 -1.210194963927611 -0.266090062884860 -1.449036615379340 -1.030554593533322 -0.565359693909157 1.457776177628589 0.295430912120130 0.833862230132042 0.324552625080479 0.404492822208073 
-0.907154580377874 -1.407412270370092 1.276375888474708 0.573459619358779 -0.385347367441306 1.234018654830713 -1.534558912770063 -0.458342168846104 -0.680359339165004 -0.643072156830829 0.096191693663215 
-0.459302278804787 -0.866467413990034 1.175288695875788 1.350173537599649 1.369286400423976 -1.283267975002525 1.088194797964743 0.129042883332279 0.865259667177358 1.143569450342012 -1.033490967378478 
-0.139514237266953 -0.277530344725396 0.412559393961759 0.543422028852065 0.670557803020273 -0.779855221197288 0.904855783745976 1.401710598629235 -2.135347073591655 -2.197921185887417 2.703201146475703 
0.000000000000000 0.000000000000000 0.000000000000000 0.000000000000000 0.000000000000000 0.000000000000000 0.000000000000000 0.000000000000000 0.000000000000000 0.000000000000000 0.000000000000000 
******************************************
ASBF GLL NODES
11 1
1.000000000000000 
1.016499642397985 
1.053879131584214 
1.108691168250949 
1.176060466103265 
1.250000000000000 
1.323939533896735 
1.391308831749051 
1.446120868415786 
1.483500357602015 
1.500000000000000 
******************************************
ASBF PLOT VANDERMONDE
25 11
0.000000000000000 0.000000000000000 0.000000000000000 0.000000000000000 0.000000000000000 0.000000000000000 0.000000000000000 0.000000000000000 0.000000000000000 0.000000000000000 0.000000000000000 
-0.255724784747934 0.507073945710196 0.749754539937986 -0.980260592836428 1.192617713371704 1.370348221118603 1.542082653047511 -2.882054936633068 -2.711406068454115 3.152718083873403 1.565112329111042 
-0.496932566598679 0.960000028062356 1.357645189379183 -1.662573681247570 1.853313107677136 1.972031690063085 1.924942803787225 -1.943678313810300 -0.883154928446143 -1.924494789642051 -1.757754780331299 
-0.720345284464533 1.331024654307537 1.739055508834709 -1.881541076280834 1.740729705467947 1.403820056121149 0.705078272103568 1.023736855051688 1.640089617871042 -1.361992115037637 -0.210006703673415 
-0.923076923075076 1.598816097521642 1.846152891582337 -1.599105264917694 0.924984730176961 -0.037716093025366 -1.047616584095062 2.123468219897806 1.420157506439968 0.708051617230436 0.990221879391653 
-1.102662211020833 1.749601355651434 1.673455389691373 -0.906675629931480 -0.238449988297189 -1.387279421048991 -1.824563215683846 0.960730510891033 -0.309941385660210 1.128921189815296 0.355877849723893 
-1.257078722103063 1.777777728977324 1.257088258054373 -0.000301833252758 -1.260940708238358 -1.820020520241572 -1.124499770618186 -0.739685369220957 -1.264102693951326 0.159534403039725 -0.577116178286000 
-1.384762193971993 1.685979727850577 0.667949655765667 0.873556160688173 -1.730798434848011 -1.166573384695024 0.347952814553621 -1.426298103884169 -0.717699038769983 -0.715496911988020 -0.585670875238315 
-1.484614977930051 1.484615110586782 -0.000016175207604 1.485631713931939 -1.480070181127137 0.096553971235891 1.430366899574691 -0.808613859983365 0.438755088148001 -0.676896810641407 0.104928848722848 
-1.556007633706763 1.190916701552161 -0.644527386422777 1.684322697261260 -0.639953294789832 1.212528637643976 1.390505146536203 0.350704864993217 0.988828087990547 0.009932590376697 0.585792332903904 
-1.598773781433764 0.827586095641513 -1.170374575361143 1.432535900260457 0.427624444768792 1.585138984641117 0.354901386641636 1.062763439170215 0.511923837880561 0.582946824636753 0.365381589280646 
-1.613198418493129 0.421129169770898 -1.503244384151835 0.812581239126660 1.285031015358679 1.066759872291771 -0.880697892907406 0.847300131847257 -0.426057168619799 0.541987172043876 -0.245096242804968 
-1.599999999996653 -0.000000015466010 -1.599991797016580 -0.000126791049525 1.594962962613930 -0.011708399687733 -1.437909259946096 -0.028918423647723 -0.904679640968735 -0.000926263151891 -0.566118039473526 
-1.560306667089776 -0.407321673568549 -1.453983448907806 -0.786088083522015 1.249745422299558 -1.045011883442505 -0.941124987303171 -0.836894911095906 -0.477371095129768 -0.509358575695839 -0.256687513235655 
-1.495627085879682 -0.774193434287910 -1.094892240779588 -1.340044595751356 0.407179389108354 -1.474809247817896 0.246542367257120 -0.938306964988212 0.451388623370340 -0.511714610717504 0.353641846514066 
-1.407816430496260 -1.077496035293563 -0.583144233376700 -1.523690977865826 -0.578184289849192 -1.074454381305049 1.267900760105595 -0.244878447509014 0.972645954624187 -0.005156682797861 0.586313798835126 
-1.299038105667062 -1.299038201150997 0.000009916237146 -1.299750516217178 -1.300886049309858 -0.066806147383492 1.352803627347670 0.700547150338316 0.489385303552806 0.525746315652208 0.118460393255782 
-1.171721856419099 -1.426598236738408 0.565209802602340 -0.739179619331620 -1.470635349501344 0.983896615048392 0.383244733147732 1.092424794193770 -0.634737722939415 0.516002483813441 -0.573295439480920 
-1.028518954453624 -1.454545439473683 1.028521602149276 0.000071253814180 -1.031673886331786 1.467385599162560 -0.945414196833390 0.486763647204383 -1.225186681548344 -0.116135602567363 -0.582529842727114 
-0.872255181873931 -1.384013029124503 1.323754499149020 0.717085572191871 -0.183504789899920 1.077548728232389 -1.563525475532066 -0.720736212705725 -0.374682974512830 -0.722526385904414 0.334885082837305 
-0.705882352946244 -1.222624063522656 1.411755889721602 1.222901927411343 0.709956904178809 0.030100748783763 -0.878013779556158 -1.402410616402282 1.280548754668852 -0.410825483382911 0.982859430948877 
-0.532429123282423 -0.983800810729902 1.285407195665029 1.390844547327496 1.283403118412812 -1.019764863436137 0.578073052636360 -0.595380564788105 1.564847705976725 0.779581888498574 -0.178354475029094 
-0.354951833279842 -0.685714310972321 0.969752567515057 1.187523577697296 1.322629230877918 -1.398395131694226 1.465547833422033 1.197962482892270 -0.740563209749822 0.995869970794370 -1.731003590012725 
-0.176486119065325 -0.349952453965089 0.517421485462267 0.676428072362342 0.826429358080634 -0.945097425327669 1.084501324012337 1.666180452291708 -2.409007523099958 -1.594783268229145 1.475782400139373 
0.000000000000000 0.000000000000000 0.000000000000000 0.000000000000000 0.000000000000000 0.000000000000000 0.000000000000000 0.000000000000000 0.000000000000000 0.000000000000000 0.000000000000000 
******************************************
ASBF PLOT NODES
25 1
1.000000000000000 
1.020833333333333 
1.041666666666667 
1.062500000000000 
1.083333333333333 
1.104166666666667 
1.125000000000000 
1.145833333333333 
1.166666666666667 
1.187500000000000 
1.208333333333333 
1.229166666666667 
1.250000000000000 
1.270833333333333 
1.291666666666667 
1.312500000000000 
1.333333333333333 
1.354166666666667 
1.375000000000000 
1.395833333333333 
1.416666666666667 
1.437500000000000 
1.458333333333333 
1.479166666666667 
1.500000000000000 
