******************************************
ASBF EIGENVALUES
28 1
39.478417604357027 
157.913670417429330 
355.305758439216788 
631.654681669717320 
986.960440108936268 
1421.223033756869199 
1934.442462613512134 
2526.618726678873827 
3197.751825953005209 
3947.841760438755045 
4776.888531713761950 
5684.892158652060061 
6671.856473511795230 
7737.793418395125627 
8883.915969058209157 
10110.525128083429081 
11477.971170530236122 
12927.430948869357962 
15092.831092462927700 
17050.692177974244260 
21722.741689403395867 
24737.284910189486254 
36352.731921154991142 
41663.916381265407836 
78507.449331336363684 
90373.358021878462750 
306634.261490146920551 
353887.074229911842849 
******************************************
ASBF QUADRATURE VANDERMONDE
32 28
-0.008589929240804 0.017179699807997 -0.025769153030889 0.034358130244665 -0.042946472793282 -0.051534022032625 -0.060120619360934 0.068706105780193 -0.077290295221876 -0.085873161613967 -0.094459121069306 0.103034358526743 0.111386622296469 -0.120048386460629 0.132715678655758 0.140333884643352 0.129680675059218 -0.141415371192195 -0.289323961067289 -0.261322785632366 0.204476767154615 -0.200725053982216 0.940407831379375 -0.731334768411530 -0.733781258548412 -0.617655630712537 8.599668674509878 6.323016696396387 
-0.045036917997579 0.090050831099142 -0.135018746159544 0.179917693529542 -0.224724738788582 -0.269416994459664 -0.313971631663148 0.358365892345660 -0.402577136764299 -0.446582614389150 -0.490353664881237 0.533885275964088 0.577450971431161 -0.620325987116957 0.658764339748033 0.701549095428556 0.818845604822489 -0.844181696158860 -1.008826288553780 -0.978115850724047 1.979008429460942 -1.687702067342150 2.675713569519735 -2.164329381757403 -7.538554728952817 -5.676277436908959 8.384869446176431 5.122086931933296 
-0.109679901670941 0.219023855291901 -0.327696941817174 0.435366297057902 -0.541702131240514 -0.646378739148520 -0.749075497789525 0.849477847953702 -0.947278221963253 -1.042177200391227 -1.133890354480854 1.222121846976902 1.306311322160863 -1.386796792492632 1.470937295328545 1.542165907046258 1.650940470682676 -1.687040693571761 -2.378825760710622 -2.214868210554285 3.126197951607796 -2.586676240469721 5.362746244056613 -4.040765740752216 -3.155317866591748 -1.308258456483699 -5.228798688475020 -3.629864312962347 
-0.200873532212782 0.399648777052222 -0.594249365462685 0.782642536069344 -0.962860369023584 -1.133020342525696 -1.291344997268525 1.436180503725492 -1.566013965401641 -1.679489103535442 -1.775415639556857 1.852798454537963 1.911094258068176 -1.949310555353942 1.965614453949709 1.959318335509300 2.062497723508061 -1.986732777803020 -2.236330414189702 -1.851991085351371 2.548270247007355 -1.782581645533390 -0.347534051031396 1.221154751988781 5.152038611641755 3.313635963286647 1.995125504145632 1.804839771298145 
-0.316085925675347 0.623806867610536 -0.915019215265818 1.182016246021834 -1.417732077978997 -1.615928663374146 -1.771360873981600 1.879915309683988 -1.938719143721072 -1.946216115926171 -1.902210321160855 1.807871935917371 1.665564583043213 -1.478907609191476 1.257833483617723 1.002381867316292 0.714079051666787 -0.348586581643755 0.052494004303862 0.434138620758021 -2.303188126599479 2.512783508862804 -4.136564811070294 2.295645115164416 -2.499347440462295 -2.160076371143563 -0.571249293031589 -0.933926884331923 
-0.451808072394737 0.878439183091534 -1.256119354179300 1.563802394183113 -1.784342695074712 -1.905450669643079 -1.920377587577127 1.828291647310945 -1.634324321357488 -1.349284628867924 -0.989057260546383 0.573694599498109 0.126336971986349 0.327399137554179 -0.764896548176203 -1.167138662434656 -1.578536702781494 1.764941791227910 2.497199260691083 2.327650705961890 -2.206362713885490 0.663012919752481 3.143432617715226 -2.475386785786792 0.570340736618580 1.077120256879199 -0.069544248980046 0.494037521927165 
-0.603485558415732 1.144622932134397 -1.567505343516314 1.828443344947891 -1.900478527100417 -1.776168685634287 -1.468356701092677 1.008843697357260 -0.445103586161093 0.164622050044201 0.757345138689253 -1.271791700877742 -1.654637730586872 1.867637066729717 -1.893591359658559 -1.704045501568221 -1.374884930230888 0.874317240060758 -0.000043161190935 -1.035993278427325 3.287216428340789 -2.285554293229496 -0.975723160482521 1.470627349127648 0.287516836359301 -0.476042509390369 0.382202277227173 -0.237043098203001 
-0.765520880931008 1.397547861953176 -1.785866122483607 1.862759522707854 -1.614819153569502 -1.085281623822004 -0.366489326463235 -0.416212514840545 1.126333984469574 1.640041406587683 1.867744073347563 -1.769786885079001 -1.363650251089271 0.718173246227203 0.060245014138885 0.808071527218224 1.472998054636335 -1.906351583764825 -2.433532485820469 -1.274493337250224 -1.665968636274667 1.935333698918294 -0.320467808334350 -0.637697272489486 -0.607401114883611 0.156474205628128 -0.531219031799366 0.069085736617783 
-0.931380701282119 1.607873004648600 -1.844343119835163 1.576076920027913 -0.876490079171606 0.062963393838430 0.985185847895858 -1.637795195944952 1.842193557669781 1.542444382260293 0.820591717366414 0.125879721666436 1.038551292372617 -1.665226280079688 1.828168942116221 1.511788118493596 0.840459545085002 0.310665816822456 2.189062731299647 2.061920729066311 -0.024420945646418 -1.029711236522605 0.809466827937886 0.154308836537193 0.696239694523697 0.027217177628061 0.584810659292065 0.048993586754380 
-1.093829234234767 1.744712669071975 -1.689075265250303 0.949447371695280 0.174658932089571 1.228037157052263 1.784122127010139 -1.617727412402361 0.796234586400847 -0.347693707578701 -1.350839447440854 1.806913019671720 1.530474737301774 -0.636051935586683 -0.503198268006107 -1.467305551932034 -2.020106062727657 1.394557396219175 -0.633426503624611 -1.568355656365649 0.894226410921984 0.308016824825644 -0.892868346288552 0.103892926261903 -0.680855093242436 -0.143035474761318 -0.577152402602069 -0.135731378204760 
-1.245289913290080 1.780089558130701 -1.299273245174866 0.077166902562769 1.188966403354928 1.776744372028724 1.350814952352882 -0.154188789973920 -1.130408655785101 -1.770059950264842 -1.399800172114687 0.230938899261363 -1.068765433040723 1.760270639521938 -1.466905210643700 -0.304301330893167 1.267818414206914 -1.837074358384812 -0.678108776944993 0.717838767241019 -1.116482107327747 0.124072882847065 0.812922165773971 -0.244615857624745 0.613199911447660 0.221285507682399 0.528526860054963 0.200857610270769 
-1.378314584882020 1.694176980153695 -0.704109610265253 -0.828709614212320 1.722731024440298 1.288812232117487 -0.138567264418968 1.459134356368307 -1.654950514012299 -0.575074362697156 0.948071538976822 -1.740440722677006 -1.192188206681202 -0.276139285525440 1.554888413028047 1.611293141224087 0.203309392607634 1.259203745912721 1.273947891779370 -0.013113582939842 1.017357296827139 -0.354266007207155 -0.674969913600371 0.325724404810138 -0.517263997492634 -0.276188793471568 -0.452630275733034 -0.249890357852823 
-1.486116707087722 1.480190466464371 0.011828848965500 -1.491972145106730 1.474193705578782 -0.023657134372385 -1.497756501481128 1.468126710808946 0.035484213283888 1.503469593863577 1.462005331558416 0.047303706571372 1.510033364954948 -1.456411986122099 -0.081719047830066 -1.532361388215385 -1.270250968516227 -0.334245603325766 -1.305672893245213 -0.440070766353193 -0.800990782258074 0.471326025693659 0.519929879511906 -0.374835162852097 0.406144525041960 0.314929381246876 0.359545126223740 0.286137848560383 
-1.563107132716723 1.147581744076070 0.720590435190187 -1.676615494272601 0.510325407230875 -1.301951398243463 -1.466175217591105 -0.225533872054878 1.631754812442389 0.972446777949713 -0.917828180556296 1.646300114840008 0.290106057242542 1.434020654978979 -1.325667821217928 0.475977052414862 1.558393521497146 -0.487318084069239 1.035354541963633 0.692664854769393 0.559585788802619 -0.529550814376709 -0.363503740797989 0.404925518965026 -0.288174141004296 -0.341380586416600 -0.257080849225507 -0.311654861688661 
-1.605362519457397 0.722391204920742 1.280296344919311 -1.298507071618882 -0.695985899960146 -1.611691219614314 -0.029253133554040 -1.598527709439866 0.748568734562459 -1.261682265937496 -1.316301785568602 -0.669401875438804 -1.617096147901192 0.056583572196594 1.581788556537706 0.736363678283078 -1.189394960228426 1.033567647017023 -0.645398541521280 -0.816283958408530 -0.326290475713036 0.556999264944957 0.212113736834292 -0.422198477851637 0.169246361852275 0.357714224707120 0.151445418563409 0.327730344015681 
-1.610960152683123 0.244249602089112 1.573927661208195 -0.482884433824022 -1.500713975183666 -0.710418796283190 1.393002118980668 -0.921622165459746 -1.253268151075777 -1.111638974611056 1.084723328428921 -1.276045341235121 0.891182203741064 -1.408747057511586 -0.676045009289438 -1.469214677179017 0.444321138983847 -1.281502207841138 0.228039360195616 0.860734241516127 0.109350073689128 -0.566802991529613 -0.068727876118574 0.429606697059099 -0.053785624639817 -0.365131852164121 -0.047627151937184 -0.335143717272282 
-1.580129335844831 -0.239575113566067 1.543805578201597 0.473642913164125 -1.471993067581763 0.696822686068755 1.366342618345791 0.903984010408513 -1.229282882977142 1.090364086324452 1.063960051987583 1.251610525397247 0.873908531445936 1.381349989537073 -0.657877922100374 1.436206744249821 0.397977562985770 1.249885790760527 0.178296614200003 -0.849428082598177 0.091940195279039 0.563974447366107 -0.065086941376342 -0.428354863063071 -0.054786495858316 0.364199690702917 -0.050351668965325 0.334295234381701 
-1.515195880793803 -0.681817449175014 1.208387342114319 1.225575246869196 -0.656895222062752 1.521169123779811 -0.027610104821531 1.508744955433142 0.706524678795296 1.190819194192378 -1.242367570146833 0.631842344767448 -1.526103148672724 -0.052204968495754 1.488929984518543 -0.680932901694455 -1.087768068258733 -0.951601424052196 -0.553997881012418 0.782568361271102 -0.280543871779856 -0.548280888113013 0.188410002459925 0.418448441051194 0.153774768926628 -0.354978290594514 0.139236014772937 -0.325258407642653 
-1.420327492340399 -1.042757637466814 0.654769199369775 1.523467605486795 0.463710510149137 1.183026630683367 -1.332249675380641 0.204932821934835 1.482704663950061 -0.883620790100287 -0.833992308542230 -1.495977121855057 0.263519849318006 -1.304736828518256 -1.202675582660443 -0.454042336874315 1.389041370865664 0.394646632352720 0.870011782948254 -0.638288945412882 0.458080125040327 0.514261335170980 -0.300570219271115 -0.398679148420635 -0.240993854935984 0.337015432255844 -0.216357586638197 0.307773795189281 
-1.301117596570171 -1.295929083501345 0.010356335718939 1.306244120890794 1.290678828879031 0.020712178034793 -1.311308412156232 -1.285367080896071 0.031066961252535 -1.316309487794795 1.280008106276830 -0.041349792280451 1.322058844092790 1.276980511220090 -0.070932204033460 1.366979032281695 -1.101372397683750 0.373371425992265 -1.061362411520418 0.372178726483795 -0.620241404934126 -0.448491321662683 0.400629756693006 0.366049006504259 0.314538931541886 -0.309202655146022 0.279449289905370 -0.281184744464830 
-1.164067405656987 -1.430831701008320 -0.594661811105940 0.699893813241278 1.454947264043254 -1.088477425891731 -0.117028171773052 -1.232324439653978 -1.397702656421491 0.485683115314717 0.800702830412403 1.469837193309975 -1.006807386144916 0.231482361440461 1.310554562952364 -1.384089278672495 0.186691410772468 -1.177460737877556 1.005800631249238 0.074926265131034 0.747122159358229 0.323335807401842 -0.486163224742909 -0.314253992617166 -0.372462512503675 0.269427815744079 -0.326430791029605 0.244297028107485 
-1.016036665880554 -1.452381682618361 -1.060081866886375 -0.062960762437291 0.970082104910876 -1.449652332851047 1.102134937216286 0.125803209126483 -0.922304611905968 1.444199319383594 -1.142104002977721 -0.188361822256688 -0.872116171699489 -1.434756264017237 -1.193612609146528 0.263059596871718 0.991582911771595 1.625948102088217 -0.540610027522761 -0.734282487699442 -0.783742992626886 -0.087240256630811 0.549998796621420 0.230208426921990 0.412193900311244 -0.213834340191608 0.355126601409736 -0.195115662017566 
-0.863731389383825 -1.377695028225647 -1.333761504965784 -0.749721685830523 0.137917690769662 -0.969707342498241 1.408814315228644 1.277422379344010 0.628738719243144 0.274552162607073 -1.066674557695374 -1.426863144275034 1.208651722811280 0.501054264381162 -0.399722000305184 1.154135911033310 -1.541280728738533 -1.192098407518355 -0.399183532112895 1.488039323635129 0.612392366616111 -0.340172615466412 -0.571670101288076 -0.086470141334000 -0.429279791169445 0.135211093946158 -0.362838836768155 0.130355110456984 
-0.713283647751825 -1.231364919091283 -1.412461935716605 -1.207014374581147 -0.671246505354038 -0.048219551005725 0.754489495349622 1.254280372957616 1.410815740081872 -1.181256852446653 0.628435101250896 -0.096364094079580 0.795226042046295 1.276229420706050 1.401583001627171 -1.156782308161177 0.613490130193376 -0.238472261390484 1.450540072381640 -1.875776134533203 -0.055205554015108 1.029452690220790 0.497185318243693 -0.173295915096171 0.414259680604874 -0.019296414553320 0.345598290308219 -0.044487703123328 
-0.569958113060271 -1.040525166787755 -1.329642222314210 -1.386892152904343 -1.202291538517828 0.808031605486593 -0.272864620889950 0.309885340197926 0.838596567251267 -1.221070791802020 1.390605549459718 1.317646182428769 -1.015173272409526 -0.535244936004469 0.042874591642996 -0.607837472858708 1.084901739364456 1.500230107386374 -1.581056067203853 1.120072760944651 -0.957056871016850 -1.859398266441476 -0.203561744779589 0.650958461701832 -0.344273208508900 -0.164107222040109 -0.296652643626933 -0.072241863591552 
-0.437997306435256 -0.830743593061299 -1.137662879763672 -1.327046271262986 -1.379327912988092 1.289106407326322 -1.065702850717422 -0.732197838877085 -0.323046945018887 -0.119479094558637 0.549663736348847 0.923050684515466 -1.200977742416637 -1.355392208705087 -1.372104628258317 1.243224847115009 -0.983594928358949 -0.675689617020141 -0.013501250156381 0.896810094303338 1.879084308107342 2.130585372728637 -0.505758987674811 -1.456334912141078 0.160593142087601 0.482067796755475 0.202959878627277 0.238369116484366 
-0.320596916024909 -0.623328599513237 -0.891325356305843 -1.109653092717355 -1.266145516481030 1.352082102223784 -1.362674041910579 -1.297331100441198 -1.159694507118874 0.957434179866411 -0.701820735033952 -0.407084123528594 0.089689984756596 -0.232227444620727 -0.543049776193951 0.833839903035078 -1.092850594929579 -1.319154180076272 1.573599157675475 -1.965756533214913 -1.239709521885532 -0.587526370646701 1.637041608281676 2.397576984228530 0.280321403419110 -1.076031169451443 -0.035817712581326 -0.492906505093370 
-0.219987190637599 -0.434152580545558 -0.636828438709105 -0.822651096200427 -0.986702891769193 1.124642314164655 -1.232818897078726 -1.308369826554855 -1.349295690405425 1.354513234857685 -1.323886791591994 -1.258241404714443 1.159175877145708 1.029021453012056 0.874879347834733 -0.704250715418761 0.487025515824919 0.244833797600846 0.036645810924200 -0.335813605353452 -1.265839965070855 -2.284856116945066 -2.123676290695182 -2.173431413790075 -1.223050335142563 2.133828335716085 -0.277615439209217 0.928989485011938 
-0.137587649215509 -0.273738083563047 -0.407029101052549 -0.536068368627974 -0.659507966218260 0.776058466858570 -0.884502405784787 -0.983706997240207 -1.072635988476283 1.150360649784842 -1.216065310925414 -1.269049952772709 1.308973436162334 1.335699810056004 1.345884195773499 -1.344249580747432 1.378434994538499 1.457025097796723 -1.367006152347574 1.474339245684899 1.372223343944568 1.605039819924200 -0.160575249018617 -1.182668240475703 2.480400167183255 -3.233979184787617 0.942192340650992 -1.791601516711993 
-0.074199852410124 -0.148172431679521 -0.221691160802017 -0.294530852908260 -0.366468401010085 0.437283461373887 -0.506759128453119 -0.574682599906693 -0.640845803497721 0.705045875205538 -0.767090541755250 -0.826802205349003 0.883771770305215 0.937735672496576 0.993735782877266 -1.052785268607073 1.097803035379616 1.195465124419691 -1.412859381588526 1.791044952661081 1.695367903285422 2.234083610104542 2.648966321781781 3.795961605186848 -1.509877237179175 1.242209963691991 -2.418485186683107 3.592115076515322 
-0.030205048359101 -0.060394667953795 -0.090553437900718 -0.120665953074508 -0.150716831976809 0.180690724593310 -0.210572320212851 -0.240346354665160 -0.269997641983754 0.299511219119228 -0.328867869773442 -0.358042463404066 0.387236439333770 0.416528185174995 0.442302450439394 -0.468683067612897 0.531918061575105 0.613079952105594 -0.612286325335838 0.754634652527508 1.037147436875241 1.485856959055345 1.336787661097462 1.974174144753655 -3.514222384417554 5.505383475317898 3.833384614600742 -5.042169627834916 
-0.005733151148320 -0.011466196393574 -0.017199029834664 -0.022931545574386 -0.028663637721427 0.034395200392098 -0.040126127728332 -0.045856314313875 -0.051585637813311 0.057313864378625 -0.063043886293419 -0.068782458051027 0.074375931775778 0.079791370863159 0.087921709617983 -0.097010441620098 0.088693180790529 0.091065022276267 -0.161548744109684 0.219512362122063 0.120407377790819 0.156846654313426 0.448407014000759 0.690408295908030 -0.355529279746523 0.574237467430994 3.880259065183136 -6.248432544868130 
******************************************
ASBF QUADRATURE NODES
32 1
1.000684034537630 
1.003597122113683 
1.008809436103123 
1.016273481015565 
1.025919711058487 
1.037658096566858 
1.051379051008014 
1.066954470314928 
1.084238933267446 
1.103071060689810 
1.123275022766943 
1.144662180967341 
1.167032849429468 
1.190178159436966 
1.213882009604301 
1.237923083578065 
1.262076916421935 
1.286117990395699 
1.309821840563034 
1.332967150570532 
1.355337819032659 
1.376724977233057 
1.396928939310190 
1.415761066732554 
1.433045529685072 
1.448620948991985 
1.462341903433142 
1.474080288941513 
1.483726518984435 
1.491190563896877 
1.496402877886317 
1.499315965462370 
******************************************
ASBF QUADRATURE WEIGHTS
32 1
0.001757053809201 
0.004097921820081 
0.006460353860949 
0.008849612411063 
0.011271316180953 
0.013727840233773 
0.016217318554195 
0.018732870353204 
0.021261959805930 
0.023785913855079 
0.026279637965007 
0.028711571771359 
0.031043923233645 
0.033233212092111 
0.035231141445944 
0.036985800602423 
0.038443183827871 
0.039548989412544 
0.040250642941543 
0.040499469385959 
0.040252922159774 
0.039476765091135 
0.038147096565736 
0.036252104812301 
0.033793449894639 
0.030787181475996 
0.027264121452735 
0.023269666688316 
0.018863000749575 
0.014115762049008 
0.009110493942023 
0.003944368222595 
******************************************
ASBF GLL VANDERMONDE
28 28
0.000000000000000 0.000000000000000 0.000000000000000 0.000000000000000 0.000000000000000 0.000000000000000 0.000000000000000 0.000000000000000 0.000000000000000 0.000000000000000 0.000000000000000 0.000000000000000 0.000000000000000 0.000000000000000 0.000000000000000 0.000000000000000 0.000000000000000 0.000000000000000 0.000000000000000 0.000000000000000 0.000000000000000 0.000000000000000 0.000000000000000 0.000000000000000 0.000000000000000 0.000000000000000 0.000000000000000 0.000000000000000 
-0.030381664287356 0.060756283226284 -0.091116813102099 0.121456213467344 -0.151767448774326 -0.182043490006728 -0.212277316299918 0.242461916675654 -0.272590301045726 -0.302655457150458 -0.332648766915342 0.362566025371382 0.392484553814212 -0.422263117653549 0.451205929306155 0.480016353603222 0.546315251402563 -0.570384944187623 -0.733659290965935 -0.696506106360494 1.283756011963700 -1.124604217948473 2.065256430649072 -1.635759608696603 -5.134316226264396 -4.016334352509276 12.391048630888761 8.410352626363419 
-0.100851186464404 0.201441597975487 -0.301511133876124 0.400801040358173 -0.499054579532493 -0.596017693286523 -0.691439660235341 0.785073743754144 -0.876677807256698 -0.966015053556682 -1.052858489688220 1.136976346440963 1.217963495961748 -1.295912442977970 1.376427522420195 1.447952549310151 1.565704983821951 -1.600338091152241 -2.229049909416792 -2.097271052671070 3.088874588892928 -2.556562593765738 5.229392519649751 -4.035161144635393 -4.667168775053792 -2.493925662059326 -4.944106315734960 -3.685447118755514 
-0.208676031241533 0.414996157924910 -0.616631073114379 0.811304364837985 -0.996818216256920 -1.171078218513542 -1.332117016089521 1.478116518272495 -1.607428462818962 -1.718592822611976 -1.810347884693501 1.881671110947192 1.932103457168307 -1.960445032794215 1.963641822556722 1.944936071112387 2.041635178397454 -1.944326151473135 -2.113609129654140 -1.726622693184182 2.360025986898397 -1.567513142667726 -1.087477795937033 1.754408262867093 4.872396733340801 2.949913123259090 2.331574932087115 1.900450513723187 
-0.349656216706629 0.687908192034222 -1.003723640585693 1.286802057366668 -1.527910674761647 -1.719185594633357 -1.854388273998507 1.929108998027885 -1.940910652532413 -1.889408519794297 -1.776291816693797 1.605228462745505 1.381340391919190 -1.112821460874906 0.817728895479705 0.485594899826436 0.062339814550808 0.318233945917857 0.789343962674488 1.148783464300791 -3.481353187726148 3.111706560270518 -2.235149733672758 0.514024830528792 -2.970912535521128 -1.886823851362307 -1.520649286767815 -1.221093243412469 
-0.517682067595167 0.996879588939830 -1.401968963512170 1.702835799203297 -1.877113619795125 -1.911846591452506 -1.804452660879760 1.562915506454669 -1.205191097015776 -0.757872415460882 -0.254201262170545 -0.268348160864056 -0.770345459930086 1.215776465441150 -1.584837715872228 -1.821026055949742 -1.933698883337322 1.855182053682667 2.255323035268509 1.462247051065497 1.083044349659554 -1.913221011259376 2.463137687871048 -0.920106229742449 1.834286049502069 1.140865167084365 1.147172043572071 0.835453035826906 
-0.704597941079770 1.307054671579900 -1.720035761199835 1.883673892735075 -1.774247457197679 -1.407619328921859 -0.836937322747186 0.144929682378393 0.568087598739028 1.198752413361988 1.655627290270036 -1.872524353583304 -1.818705764361632 1.500181100421543 -0.951896520622483 -0.278713400980595 0.392930846473079 -1.112968914631931 -2.612635123324890 -2.382800658661302 0.556330576403814 0.818270854912706 -1.839480095825751 0.674936679592629 -1.250767284384442 -0.685307418506750 -0.909739776237738 -0.555474790137058 
-0.900291627590212 1.573084264280200 -1.848366725647664 1.656576571862725 -1.046178172817887 -0.171416015048038 0.746662074279291 -1.476062556938502 1.832469656008865 1.725821666682815 1.183083109268611 -0.341346792099749 0.587445267624501 -1.366390286316607 1.788669601587348 1.776659125316117 1.448696862811134 -0.474039218589017 1.561145805517949 2.074476645414444 -0.998023903586438 -0.374546053833861 1.283302358932275 -0.365887426977614 0.912825594649206 0.377918126908032 0.729569886935734 0.329879164525503 
-1.093098658945692 1.744294837806046 -1.690332146953748 0.953025860540510 0.169556254281970 1.223592562494413 1.782972159121824 -1.621556966601011 0.804601725003472 -0.337627056021732 -1.343380703121283 1.806001568718918 1.537710903799050 -0.649544610105815 -0.488350590731032 -1.457352959931077 -2.021726144509163 1.409184186810410 -0.611228386295396 -1.559461006350851 0.911076656930092 0.293512458419523 -0.900090703395980 0.114085427805941 -0.684562661548901 -0.150392487649901 -0.579859933562660 -0.141929340508497 
-1.270555960982210 1.774050038001119 -1.206512058043696 -0.089423128087910 1.331371653885441 1.769542557566702 1.139402666963681 0.178619052759039 -1.388804703604301 -1.760538555574458 -1.069382200095081 -0.267323166992022 -1.441866601510374 1.748091196568007 -1.013401836374026 0.372151940518212 1.725246404336352 -1.671810283263113 0.108413995172807 1.200455922761227 -0.698180884528863 -0.341863986753832 0.635513472948423 0.077665634457973 0.511355949052837 -0.025413004517326 0.449422939084939 -0.014076225218427 
-1.420458143914117 1.631581124102312 -0.453625211468380 -1.110533506036408 1.729217536307608 0.875697981173071 -0.723364387787057 1.706576161938869 -1.236860458595561 0.285880208888167 1.565217459193117 -1.512043812236736 -0.172260184357568 -1.316710304891964 1.699128353120139 0.589142648059988 -1.194456264850645 1.619019414863139 0.077936249046286 -1.006605731432648 0.492220642064245 0.418430587900618 -0.440870768213509 -0.221005319586961 -0.369723965363176 0.161051380867388 -0.332888161521932 0.139698811513696 
-1.532083906021353 1.312807452269548 0.407169402343749 -1.661701545884247 1.016704423568183 -0.790510915416310 -1.694075040605154 0.661103015070237 1.127591016526712 1.627310514079379 0.266824950995703 1.398746908574324 1.465955806777064 0.145378018840742 -1.603087150751186 -1.179605191020858 0.728404137041176 -1.488804579688694 -0.106207121467274 0.914905688290872 -0.318778505631274 -0.487308845449331 0.287763718202990 0.324178482524093 0.248496691420093 -0.261232487926573 0.227398850193614 -0.234876510867505 
-1.597394019566127 0.845955078178476 1.149389340989502 -1.454653832464781 -0.379027250301532 -1.655380781003406 -0.497636716707537 -1.391840101675084 1.234733671667918 -0.737944987387412 -1.625545553951046 0.122846047637195 -1.560899272341788 0.946620555063230 1.068742542763537 1.464115155276903 -0.384525194782679 1.378024127137509 0.068874511889681 -0.876026656511317 0.174206125389136 0.536701500318393 -0.160552577912137 -0.391614210261236 -0.141772433326710 0.327769287453423 -0.131280520993744 0.299011283263302 
-1.611978986975495 0.288863560166308 1.560215187902339 -0.568451146260504 -1.458349826618972 -0.829784653885764 1.309653999192267 -1.064472151522145 -1.118902640110091 -1.264976773931181 0.892225073629330 -1.424794007937273 0.637119499632812 -1.536210484061138 -0.366704847317989 -1.555788427073516 0.129588386113109 -1.313352793202453 -0.009353212781081 0.862694424345029 -0.050017279707634 -0.562867899636527 0.050198740383610 0.425433492181381 0.046051520162759 -0.361272413567535 0.043421151707276 -0.331493985665416 
-1.575566304512002 -0.282338476913634 1.524971787913349 0.555610512944538 -1.425407443631083 0.811040808364878 1.280070477556446 1.040426995723777 -1.093627944991400 1.236402563661970 0.872067037288629 1.392617127975908 0.622504575600968 1.501676222413244 -0.353059394447085 1.522754835992848 0.088441984032064 1.297622705575125 -0.052809564268952 -0.863306780726001 -0.061621116586919 0.564795176414270 0.049166761656576 -0.426490291486426 0.041069818501140 0.361904422040870 0.037055231560579 0.331966103299259 
-1.491980390750971 -0.790129656577363 1.073539988937901 1.358659771342880 -0.354014863010295 1.546140547811320 -0.464797172096826 1.299991180470957 1.153252343529271 0.689246955586162 -1.518270610195946 -0.114760889686390 -1.457682421230833 -0.884625346444466 0.992999942744573 -1.373329853105779 -0.319968048611196 -1.327778863844577 0.105823108721255 0.877319990187442 0.167534868155461 -0.542684719301409 -0.142153371871616 0.394846758008357 -0.121589821050934 -0.329676521551167 -0.110984090743387 -0.300430984042634 
-1.368561601260682 -1.172688951279897 0.363711417544331 1.484344897505253 0.908189576601355 0.706138142934066 -1.513263105981645 -0.590542198753730 1.007241044359506 -1.453624014684826 0.238342874603633 -1.249422241002665 1.309297611613049 -0.129137056229209 -1.427011740576154 1.062021697325456 0.608482324164672 1.395348899272304 -0.134668370987762 -0.914699847749966 -0.274128096309510 0.497994489558650 0.233409627411522 -0.329795340015986 0.197565858271889 0.264451315263269 0.179299950139546 0.237254301320862 
-1.215162710434828 -1.395772588972788 -0.388063839720480 0.950030742549988 1.479297842990875 -0.749135436960827 -0.618818255110788 -1.459928774518133 -1.058099977279575 -0.244563225863652 1.339003346334072 1.293468514891692 -0.147192479367001 1.125492306914310 1.449059282859637 -0.512911989000769 -0.974600207707991 -1.471503571294623 0.109278507882186 0.999051133479397 0.387288650616693 -0.435007841714560 -0.328927054701260 0.229442300034326 -0.271575081937424 -0.165653077615421 -0.243166170828745 -0.143053866203031 
-1.042920621147617 -1.456207695211467 -0.990350951582118 0.073401902123466 1.092840453225787 -1.452507783960056 0.935265012830979 -0.146617304806574 -1.139983668971519 1.445117644350948 -0.877792271006781 0.219478656932920 -1.183686236480995 -1.433829119752431 -0.828215795157142 -0.298118259001695 1.363273520881831 1.471195932299891 0.030938498395597 -1.171529396028120 -0.509020100119754 0.366011637471698 0.437936736692722 -0.089781143923282 0.347410652473928 0.031526704608831 0.304142127409922 0.018439374908571 
-0.863028143919539 -1.377163464615485 -1.334558599495575 -0.752437241413235 0.133868812504129 -0.966056274502071 1.407700156401057 1.280258909034214 0.635252741349499 0.266564100219770 -1.060629566916764 -1.425934991990381 1.214187147575131 0.511624495459315 -0.387938550036136 1.145957584136960 -1.542321181912262 -1.204632494607195 -0.383501412503054 1.480308893674998 0.623048131534556 -0.326238546152658 -0.575994815392299 -0.096563050744193 -0.431490842583832 0.142525225644897 -0.364469646389290 0.136510106128810 
-0.685703300881770 -1.198132959949152 -1.407800679441117 -1.261724522008685 -0.796817169489661 0.130558281051493 0.568692002988165 1.124236790247880 1.395692754414126 -1.314464042416302 0.901088216293538 0.260037103730450 0.447313988641375 1.041996922723049 1.363632348398726 -1.349095137329906 1.063122005890017 0.412448894172441 1.014446950641515 -1.903349524300604 -0.650998797987646 0.410552563145068 0.768322267046221 0.339412222632550 0.536236780770566 -0.367798744220842 0.427675448532483 -0.323328116722114 
-0.519486038577130 -0.963665395476795 -1.268148133426856 -1.388795270971894 -1.308117337928497 1.037809715828911 -0.617057230765285 -0.106853772471601 0.418839671308111 -0.883816954223630 1.220662702224788 1.380527174213718 -1.340801878931110 -1.107265624604231 -0.703137592094235 0.196355855948286 0.296833835554068 0.839454159263552 -1.673468324024576 2.116604381308841 0.366981239284143 -0.828471005141042 -1.040790114280377 -0.632826301562854 -0.688996089860216 0.671740989270114 -0.500070292926040 0.547665370339636 
-0.370908122036122 -0.714242890327355 -1.004480757513675 -1.220045406155152 -1.344911734727311 1.369797165567860 -1.292851712755643 -1.119795509116820 -0.863493620673816 0.542999934019930 -0.182131063981087 0.192307149048552 -0.552004535949894 -0.870127835836439 -1.133358834105594 1.319925255980566 -1.365958204883517 -1.381014982228185 1.404901750360035 -1.278374648554593 0.581930861671163 1.819815850164172 1.333642489894888 0.855320013443079 0.955459171161987 -1.120483539645679 0.595220179863807 -0.826144688445798 
-0.244505007360984 -0.481035341345387 -0.701876427198537 -0.899825404141342 -1.068426050874340 1.202179358999397 -1.296722886419901 -1.348973041921761 -1.357225619064482 1.321211131667502 -1.242111210135352 -1.122525399493061 0.965982322915392 0.777409757177387 0.570411763976940 -0.348430174096256 0.050486129858792 -0.259380674136129 0.509165285935672 -0.912183135168078 -1.906311630461016 -2.853927990428484 -1.176969577968976 -0.448698778877567 -1.480291331354333 1.849468656545401 -0.750550670018929 1.209688541838065 
-0.143084914699308 -0.284554433510841 -0.422811397996118 -0.556294918718555 -0.683497997327486 0.802984540224270 -0.913405571705155 -1.013514462849065 -1.102181033413880 1.178404503233210 -1.241319409505270 -1.290200150633309 1.324765218767617 1.344886490356190 1.346231281602498 -1.334767952698944 1.364220195088877 1.430675744643324 -1.297791143020094 1.370322898920742 1.266438816951952 1.421003743337743 -0.528607819564931 -1.692922968095081 2.354313497960935 -2.873057617301302 1.104981033882927 -1.884607977402591 
-0.068146025212308 -0.136115842517023 -0.203733699634407 -0.270824754362263 -0.337215526672457 0.402734347284964 -0.467211801574871 -0.530481168091611 -0.592378833143278 0.652744592421749 -0.711425276375078 -0.768279091864554 0.823006181911925 0.875363585341645 0.929052140982693 -0.986248820328308 1.038071539361230 1.135847833756373 -1.326323865827760 1.689420910424140 1.667331909484264 2.211825961015980 2.585988366144938 3.778904698096457 -2.215241518121147 2.401345242928162 -2.278458823676052 3.651275142237136 
-0.020336391379856 -0.040668066857314 -0.060990311623590 -0.081298413056800 -0.101587661814863 0.121853352927550 -0.142090786881605 -0.162295270518043 -0.182462124898513 0.202586738137008 -0.222663249537704 -0.242682793256964 0.262706139050535 0.282806359371847 0.301981624502033 -0.321534418791238 0.356510543834675 0.409186493920201 -0.438346130325368 0.543205436420769 0.677763406284370 0.981145706791366 1.020904704141599 1.499136952852730 -2.396254995910340 3.878531972849494 5.631680786807244 -8.298822642590984 
0.000000000000000 0.000000000000000 0.000000000000000 0.000000000000000 0.000000000000000 0.000000000000000 0.000000000000000 0.000000000000000 0.000000000000000 0.000000000000000 0.000000000000000 0.000000000000000 0.000000000000000 0.000000000000000 0.000000000000000 0.000000000000000 0.000000000000000 0.000000000000000 0.000000000000000 0.000000000000000 0.000000000000000 0.000000000000000 0.000000000000000 0.000000000000000 0.000000000000000 0.000000000000000 0.000000000000000 0.000000000000000 
******************************************
ASBF GLL NODES
28 1
1.000000000000000 
1.002423649345386 
1.008093928535717 
1.016918708219611 
1.028782245697174 
1.043529757485915 
1.060968951498607 
1.080872467767606 
1.102980827540706 
1.127005811517105 
1.152634215605909 
1.179531933344599 
1.207348311172999 
1.235720719576622 
1.264279280423378 
1.292651688827001 
1.320468066655401 
1.347365784394091 
1.372994188482895 
1.397019172459294 
1.419127532232393 
1.439031048501392 
1.456470242514084 
1.471217754302826 
1.483081291780389 
1.491906071464283 
1.497576350654614 
1.500000000000000 
******************************************
ASBF PLOT VANDERMONDE
68 28
0.000000000000000 0.000000000000000 0.000000000000000 0.000000000000000 0.000000000000000 0.000000000000000 0.000000000000000 0.000000000000000 0.000000000000000 0.000000000000000 0.000000000000000 0.000000000000000 0.000000000000000 0.000000000000000 0.000000000000000 0.000000000000000 0.000000000000000 0.000000000000000 0.000000000000000 0.000000000000000 0.000000000000000 0.000000000000000 0.000000000000000 0.000000000000000 0.000000000000000 0.000000000000000 0.000000000000000 0.000000000000000 
-0.093050121051424 0.185895697742260 -0.278332635344765 0.370157737408654 -0.461169152430907 -0.551166817569262 -0.639952898432504 0.727332223928344 -0.813112706173589 -0.897105776840181 -0.979128467762568 1.059000641614603 1.136467772490923 -1.211375044977339 1.287438215386618 1.358065920097847 1.484585234287718 -1.517355730236068 -2.076849236695719 -1.971526366728511 3.038989185878052 -2.516349440488761 5.007269549790657 -3.932293200143492 -5.905439840387277 -3.510771383982771 -4.282388219281174 -3.444587549663002 
-0.184528817611808 0.367435989339495 -0.547114120381257 0.721984192860956 -0.890509442294007 -1.051208862728842 -1.202670221878675 1.343562471718893 -1.472647448700042 -1.588790820672659 -1.690971263330799 1.778283798280492 1.850024719177297 -1.905725889032773 1.946740757924874 1.963626128831468 2.071337422609748 -2.035898704881956 -2.456017604586800 -2.084230441517153 2.847424980317273 -2.144871364410886 1.243065436114627 -0.004517171232965 5.280612496128699 3.786808307260664 0.917412581564248 1.301623995070813 
-0.274269385193763 0.543120586655844 -0.801242456716666 1.043535805336615 -1.265214134457017 -1.461898195129781 -1.629702499408720 1.765312078969316 -1.866048014806278 -1.929919962801107 -1.955658863702642 1.942788099307659 1.891903634695634 -1.802783408019853 1.674840439451747 1.521545232517725 1.429502555598422 -1.141166979580379 -0.846589665662675 -0.465227463521178 -0.280363960376835 0.982765091423502 -4.865787933033535 3.636521075503300 -0.061001833475621 -0.999943950575814 1.366910715507313 0.318981767238212 
-0.362110830073702 0.711520653833988 -1.035973951674752 1.324090551996496 -1.565764789749258 -1.752519961768041 -1.877805646471561 1.937227458395993 -1.928701119166373 -1.852525969174279 -1.711384783052035 1.510198396378437 1.255500040175475 -0.957416446435244 0.636274937288705 0.279670182615384 -0.179641576219252 0.554737868728422 1.058794007068178 1.396691384160285 -3.738306232981454 3.141921564027515 -1.390900187237584 -0.154769698895127 -2.822221309353375 -1.581562855340053 -1.654376850195926 -1.154132900033136 
-0.447898097684718 0.871289814043038 -1.247009614536744 1.554500294858965 -1.776937751703064 -1.902151499936830 -1.923290570844492 1.839198356734427 -1.654475881771778 -1.379230320743760 -1.028523332277617 0.621519572822029 0.180436903076198 0.269793135531486 -0.706324412158979 -1.112748705800104 -1.536873857138424 1.736099824181498 2.467966611252853 2.333256017689509 -2.378084153784229 0.832757334784011 3.069387664214607 -2.494832099957128 0.422657999480363 1.006487621499688 -0.177021795719899 0.429553802773652 
-0.531482288370359 1.021174323793693 -1.430571805234421 1.727483962313858 -1.888564703508540 -1.901148310567916 -1.764245339116788 1.488620419485204 -1.095945909724874 -0.617097288663784 -0.089713419523127 -0.444698344036353 -0.943500842970930 1.369058588328264 -1.701634623993055 -1.881734342186045 -1.921171207067351 1.777272369347018 2.018762753031941 1.117139372842956 1.703771435190840 -2.255613698509408 1.966665992740550 -0.442126345746549 1.774607730318289 0.929434663890808 1.191214012646082 0.730388285644884 
-0.612720860192833 1.160022341671950 -1.583469804434718 1.837852334782029 -1.896009853512882 -1.751732960898551 -1.420425905885958 0.937461896023777 -0.354406364940899 0.266488945694363 0.858934553233351 -1.359643738020236 -1.715088303351939 1.888387113557730 -1.863847470382810 -1.622530696349195 -1.251115381279726 0.708640716690336 -0.307564635322899 -1.293547354320813 3.247745019487981 -2.089191626728879 -1.273904809573856 1.572247957533365 0.045301091699592 -0.616261114959152 0.210560096481189 -0.352180573534180 
-0.691477818514718 1.286792226588150 -1.703153202281267 1.882657671445869 -1.800342053932125 -1.467653933886614 -0.930860051079239 0.264612011772343 0.438435537195699 1.080509877440330 1.572305121810657 -1.845461208638802 -1.862662244719440 1.620036206836636 -1.140680058206117 -0.511790242702128 0.134565104684451 -0.867619614268319 -2.438946718323417 -2.433499243958783 1.093479508022414 0.411904119320016 -2.025585132638958 0.957024556709550 -1.240823636575709 -0.815135081303605 -0.868968572401191 -0.637181048985751 
-0.767623892099186 1.400559809320424 -1.787752249359153 1.861264080276664 -1.608196850451321 -1.072953962440367 -0.349449612291362 -0.435369480650442 1.143798307240254 1.651534821435086 1.869482713803731 -1.759452353193785 -1.341126217131446 0.685953537523481 0.096911771319685 0.842847421856214 1.503085034010448 -1.919868459266896 -2.398507099838384 -1.216021743250752 -1.722360063074505 1.945386596013723 -0.260454699949992 -0.673503814095635 -0.571343566760846 0.185162428309047 -0.505481242452790 0.092101214243265 
-0.841036695499876 1.500524590176371 -1.836104572855500 1.775337303183051 -1.331340193273580 -0.599955842271988 0.260936845679816 -1.065502893149718 1.640066120210718 1.860599558241398 1.679507027098390 -1.135874856054859 -0.346560468179765 -0.517678037611772 1.262692348800884 1.734265772807567 2.003549245299896 -1.649352429289129 -0.334189054344714 1.013195030950389 -2.312218123573069 1.140272977037726 1.326590128770043 -1.098230151171906 0.649192797675383 0.731337128820327 0.453927004803590 0.576151603175977 
-0.911600877538200 1.586014824927852 -1.847767928340882 1.628755366264820 -0.985961416076685 -0.086632871323217 0.835236442510153 -1.539787877558603 1.843706046136734 1.667915868157062 1.058170368639401 -0.173058252888459 0.757851367785200 -1.489988621296393 1.823869842642427 1.702812054465120 1.248278176871488 -0.192490991626808 1.831910913404740 2.119235905424349 -0.648543605474385 -0.638945457652272 1.138042628439680 -0.175274928761912 0.859082769442027 0.255270973940337 0.698423709307157 0.233332191441504 
-0.979208255692583 1.656491470711931 -1.823018927942202 1.427444237067429 -0.591737269090344 0.426423531357638 1.313102656397190 -1.794905115505744 1.723273907246304 1.120295903182892 0.171892828165584 0.829551078034972 1.575295659276634 -1.833895514496279 1.529404890146792 0.766576979679246 -0.322300580406770 1.402928043719986 2.326407488598240 1.277745416217671 1.259546365995776 -1.443222486798505 -0.158500339683832 0.748884847342748 0.074806265988525 -0.449528623822530 0.098749877681888 -0.355168560122756 
-1.043757936251126 1.711550973257848 -1.762837953770503 1.179145145718429 -0.170720538742904 0.899198144510154 1.645222821182669 -1.798633051524926 1.304170059130636 0.339940733405642 -0.746749926175871 1.564446591627746 1.817899454885228 -1.416982433609743 0.520292658096243 -0.577283988213741 -1.691621545088910 1.978072990132766 0.967000923101646 -0.530420362690877 1.702090079905572 -0.733266924355139 -1.033013530478544 0.706021331762725 -0.657210822125482 -0.538886415814799 -0.526633821328034 -0.458493624888142 
-1.105156420106383 1.750926886515318 -1.668880726261640 0.893122481371881 0.253884498456392 1.295358025887253 1.798383536945231 -1.553865877206529 0.663445018015657 -0.502753945782208 -1.459985260335493 1.810282585161050 1.407363534148560 -0.421372308579316 -0.729179973873286 -1.606144753357786 -1.969264905234509 1.148677934527923 -0.963176377673204 -1.677136986188063 0.621880289838789 0.522156801674525 -0.764843444159405 -0.053400181288063 -0.609615862222205 -0.027418571569933 -0.523121458018041 -0.037718872012475 
-1.163317694098050 1.774490325444255 -1.543437245735135 0.579823095887175 0.658992283416709 1.585030389989063 1.758766087176481 -1.097739263726261 -0.084307151887470 -1.226339269477176 -1.786314402602846 1.498410790689120 0.499381312107045 0.735231389840939 -1.627486708487650 -1.762351381422026 -0.999388398015392 -0.443804821813256 -1.948716617039157 -1.334790615109662 -0.778571627375287 1.094512760848690 0.158299905507100 -0.643263408322183 0.026581293253258 0.453391310627804 0.002482058621735 0.383683964349725 
-1.218163307836782 1.782249262302093 -1.389379057412282 0.250499371810306 1.022882777526093 1.747040979934432 1.533147664170401 -0.496050135128742 -0.807395307677817 -1.677319865493049 -1.646613841404276 0.731794681819695 -0.575134534314281 1.573827005638890 -1.746974450556844 -0.964032714391656 0.561554745988795 -1.656489392002060 -1.401258187633176 0.014577067185862 -1.310536208370014 0.612933717067074 0.792387101168847 -0.530753772070207 0.556399201919213 0.425149522707660 0.468812406897086 0.374068002496925 
-1.269622435969498 1.774346686155165 -1.210096001162341 -0.083190505575790 1.326357965118014 1.770446287055658 1.147909512800148 0.166198141923972 -1.380177958858763 -1.762653573017402 -1.083183420685697 -0.248803073191759 -1.430112782711395 1.751988721122661 -1.033070734887934 0.347183111831617 1.712995261827557 -1.683729514882941 0.079196081856602 1.187022149036343 -0.716754651999705 -0.325833135802710 0.645083483823449 0.065770834342355 0.517621922963857 -0.016066018224984 0.454565614374289 -0.005859424179381 
-1.317631925873820 1.751057654470814 -1.009423793611263 -0.409591023540625 1.553746895449995 1.655249954400948 0.645985856782920 0.796771607248886 -1.704849875808887 -1.468876155205279 -0.247201302868876 -1.140309883152967 -1.762614096853919 1.203895911197849 0.166995970337188 1.452900191496242 1.766107222410551 -0.582548539878643 1.328414273033750 1.314797074901172 0.345819700639052 -0.859532200931391 -0.028549739195789 0.534697234929600 0.026425381033010 -0.404315257071758 0.034840949827588 -0.353086780260419 
-1.362136330796377 1.712785274445152 -0.791563948705741 -0.717452395883554 1.693707053622666 1.412258437812743 0.082103047919760 1.309019951987141 -1.728098347865928 -0.863935501180889 0.641749490326517 -1.670893501039679 -1.460095219194987 0.164839188105063 1.273787806789759 1.757223609409159 0.749154780947731 0.839842024737005 1.512853165378618 0.438020283548830 0.991924493982537 -0.609575271316663 -0.594513617714510 0.478355560042858 -0.438202104887965 -0.390259799020994 -0.378608487708125 -0.349106765455485 
-1.403087928476609 1.660055660119219 -0.560997670696011 -0.996314393694250 1.739781490970335 1.062098377763949 -0.483165716787527 1.633753200136889 -1.449800180220891 -0.081570410566595 1.353273185163073 -1.682746477956806 -0.638592430068588 -0.929367876167107 1.758938837488810 1.110879004917583 -0.664008446731401 1.626340341534489 0.640705617908513 -0.669823143311224 0.802425731506827 0.111279882721033 -0.613935151210865 0.009454659193926 -0.493548581703503 -0.027132723089431 -0.438624044917083 -0.029196011560630 
-1.440446725324496 1.593511919269194 -0.322395448710752 -1.236857986008992 1.690684819291030 0.633482904703381 -0.989886558929425 1.728557092910900 -0.922350966625032 0.708194393634694 1.705793906863938 -1.178924278914451 0.401348870519555 -1.625291216347115 1.400117304841865 -0.118155217768963 -1.608554695638209 1.307597790419582 -0.572528898653595 -1.170798767763332 0.038205432406808 0.665495414398971 -0.143727228721848 -0.428705327583857 -0.141258321030986 0.336805777316461 -0.132564064685828 0.299365378203197 
-1.474180446247044 1.513907231464092 -0.080524143217567 -1.431213092469842 1.550306120025266 0.160871276892474 -1.385099621653315 1.583297099340741 -0.240864834259859 1.335941271837602 1.612818309219821 -0.320355357926187 1.284498983277776 -1.640097307166507 0.382628301346321 -1.257719488615299 -1.555431001619091 0.162258380983061 -1.278016034304340 -0.768662500937704 -0.666126753914651 0.634960083656889 0.392826725919390 -0.474212445050427 0.295884822045541 0.391239778528416 0.258744727346716 0.353390195413259 
-1.504264510244584 1.422097085511436 0.159846619077763 -1.573212404374043 1.327432220457613 -0.318288500318989 -1.628334851237679 1.221101834783087 0.473933151873695 1.669147855980907 1.104059551018267 0.625441534220277 1.696401450440083 -0.976605590590937 -0.798008079503491 -1.701533018992885 -0.594662639925835 -1.023296976492811 -1.064305729114335 0.154829563934903 -0.810333183904407 0.106271739208142 0.579882017853215 -0.125058961922434 0.468805190939117 0.113854565348084 0.419872985320323 0.105867511797724 
-1.530681991923682 1.319030750707874 0.394036934039107 -1.658583208798151 1.035209811238883 -0.766514456657580 -1.695736389873659 0.694748207849921 1.097052696987592 1.640109379390307 0.316286446103605 1.367629405170905 1.495433316486703 0.081749065098339 -1.579535589049821 -1.230761191891472 0.663510482881578 -1.492194967256419 -0.165605499107659 0.891231604400001 -0.356179108894781 -0.463815574868964 0.313001691656952 0.305117570524657 0.268558894571866 -0.244953421026644 0.245270410434424 -0.219968948373355 
-1.553423569098909 1.205742061832660 0.617546227855930 -1.685071381191379 0.690378720567197 -1.149210667770471 -1.582377314915393 0.079004820363244 1.521055080428799 1.259623332316917 -0.543360310461095 1.681413991272125 0.761415898284332 1.092189606849981 -1.601231782177856 -0.117837529806063 1.476415437989289 -0.988922499553652 0.766554963564133 0.934538096469104 0.311532651422212 -0.635413291262723 -0.167415162248811 0.467819958588495 -0.122957337727127 -0.389744356450703 -0.106726517431466 -0.354364633326931 
-1.572487456680647 1.083339602628800 0.826138295269009 -1.652494115569960 0.312320590938579 -1.437325935091322 -1.302542866403085 -0.539960259046373 1.674539773318380 0.613686334069579 -1.251767768260049 1.476051429402678 -0.235886696493924 1.637982487501835 -0.868852178643672 1.033022973534334 1.400761900453747 0.117359749547981 1.124349023565450 0.308858533299150 0.703295653465442 -0.309211267078059 -0.491140837892776 0.251949580928372 -0.399530359862380 -0.216246600123921 -0.359655748345721 -0.198577666187154 
-1.587879327070565 0.952996376577102 1.015920187427000 -1.562720453844116 -0.078023393428215 -1.609547696921569 -0.887977672944930 -1.076610787086908 1.534126471701858 -0.155875933663768 -1.627695485494913 0.820947859767010 -1.135962184119558 1.500166028263474 0.257769572292597 1.613907160342956 0.523782538346718 1.102476143737065 0.723118348486402 -0.498701811542538 0.570179694182339 0.234797572439855 -0.435565063882436 -0.153095750530866 -0.365286392011465 0.123566392720374 -0.332418861758045 0.111364318313508 
-1.599612217310292 0.815939057055786 1.183413505132076 -1.419581170460114 -0.459305681307706 -1.653866355614132 -0.384307627047969 -1.457836594584820 1.127929012918629 -0.882496920185121 -1.578082148576482 -0.077607465358911 -1.617877132965463 0.744946119860791 1.242435359847391 1.331956876179442 -0.618062359378720 1.355028615784867 -0.122766311588633 -0.910745404951694 0.046343940274926 0.575825632492837 -0.067427518886977 -0.425060443458920 -0.064701214459845 0.357085685159409 -0.061446238148698 0.326174186771581 
-1.607706423252205 0.673436911473505 1.325616815861349 -1.228711979955951 -0.810933295969564 -1.568396145143115 0.153962694501186 -1.632888119278189 0.530022280625717 -1.410872150762355 -1.120997447842424 -0.941324455967353 -1.514587628100073 -0.307814530618149 1.627270592731433 0.353674067962636 -1.364752078587841 0.746119842307735 -0.840140107726240 -0.660341330551729 -0.478346420023810 0.469610851833442 0.330337532352569 -0.360574102048256 0.269485594443533 0.306732402463416 0.243119858142963 0.281419909259877 
-1.612189381043869 0.526790495653580 1.440058098221960 -0.997336281559416 -1.114173757167786 -1.361397819665822 0.669330588929623 -1.580104749611972 -0.153023994845636 -1.630105510746719 -0.379601675602848 -1.506021954972607 -0.870582013725981 -1.220037382271806 1.243915472711092 -0.793713030243528 -1.307675295201765 -0.314519432333027 -0.975887092154800 0.047316023774689 -0.642169397467362 0.014028266464728 0.473166174288418 -0.020310309984518 0.395088574422524 0.019482836123973 0.359547584912378 0.018531623797952 
-1.613095536239785 0.377320215625292 1.524836321629728 -0.733995661527160 -1.353146923789676 -1.050511129821279 1.107421189000628 -1.309548731401061 -0.801103866183169 -1.496934707725779 0.450967403204849 -1.602344419163244 0.076886032479931 -1.617440335503110 0.285109001531357 -1.505200041256352 -0.506102654846034 -1.151691969436814 -0.472366249583666 0.700604674093079 -0.352051094978643 -0.440769669052045 0.272429572469190 0.329326881501147 0.231545551888030 -0.278680120108315 0.212186282260260 -0.255392009846531 
-1.610466200875390 0.226354854045442 1.578651487892230 -0.448238074529216 -1.515650560656038 -0.661266364880492 1.422708000640557 -0.861231356724532 -1.301659871239762 -1.044182352429742 1.154894611278199 -1.206454560568825 0.985140211656177 -1.342681441804064 -0.792313825012552 -1.414415496448210 0.564261559522127 -1.247609104201486 0.319497931866725 0.843925666918557 0.171360441308474 -0.557203806607559 -0.115240033403170 0.422648640287257 -0.092916353535185 -0.359301271508119 -0.083345985639367 -0.329822002412960 
-1.604349398858867 0.075220157736182 1.600822690690510 -0.150274965240757 -1.593777026823727 -0.224999435758177 1.583227895084064 -0.299229309667287 -1.569198403402157 -0.372801651164140 1.551703426501737 -0.445564179992366 1.529858493590581 -0.517253029472527 -1.484145793993757 -0.579989399514918 1.290152450932365 -0.555279781942384 0.880007017432051 0.386948243481057 0.558695363279354 -0.254602771932342 -0.409067750045319 0.192343900804007 -0.341397435783410 -0.163273158448059 -0.310692697752449 -0.149825517575282 
-1.594799700056136 -0.074772418702059 1.591293984198303 0.149380471400038 -1.584290258806917 0.223660153401404 1.573803919510853 0.297448179895265 -1.559857928767745 0.370581645124667 1.542465555227047 0.442836190837727 1.520661120931606 0.511977532273527 -1.473137239624929 0.551250789161412 1.266308176532885 0.481991958815811 0.853742359410460 -0.342188203558650 0.546723190962441 0.238001089145101 -0.403899897885194 -0.184348037833901 -0.338764964743072 0.157785501706589 -0.309066236161865 0.145145600387021 
-1.581878043463402 -0.222336720541699 1.550628088698871 0.440281185632247 -1.488745521117762 0.649527908698900 1.397452829014855 0.845943225322212 -1.278553464622094 1.025646304406993 1.134389950716742 1.185016215844922 0.967440200682791 1.318173691132093 -0.773162184032534 1.381669802751794 0.517254861885538 1.210020897193075 0.268801682722658 -0.828008791123391 0.152499467251403 0.552510508951870 -0.110224266648720 -0.420488245796841 -0.092664630321491 0.357754361947848 -0.084889017613545 0.328455362773563 
-1.565651549879793 -0.366222562224570 1.479988194522960 0.712407553835184 -1.313348484854682 1.019613743650777 1.074849977544651 1.271032594106702 -0.777541971430261 1.452907812879652 0.437700450586873 1.555263167919741 0.074430701760825 1.571156305676945 0.281415766089600 1.476070082523133 -0.522922073563581 1.169464210111662 -0.488381823289392 -0.724347573417699 -0.344399649373722 0.451553408080170 0.258100273351592 -0.334635045843054 0.216093904226217 0.282205546658427 0.196616754289515 0.258319915991581 
-1.546193324509910 -0.505225972439714 1.381108351511104 0.956509650150550 -1.068564305119981 1.305668084359049 0.641931091134291 1.515422102201933 -0.146759851367505 1.563377065519679 -0.364063137687255 1.444452930895159 -0.834994189844366 1.172416422717180 1.194273183741791 0.788447104223421 -1.257918626443023 0.381551091405715 -0.922297706506422 -0.096349905952117 -0.595528787490381 0.004786382730452 0.436503652846781 0.011343483576196 0.364084358480014 -0.013400573571530 0.331245910932093 -0.013373591662971 
-1.523582249942496 -0.638198933547589 1.256253145263934 1.164418911237326 -0.768500739785112 1.486328904991074 0.145906507009014 1.547446301230306 0.502288544914618 1.337048148397008 -1.062338391347591 0.892126416729438 -1.435212730672419 0.293434450673487 1.539203540312436 -0.314899073521873 -1.265779231320500 -0.660671687071875 -0.745598754721198 0.617272830429505 -0.422983217959973 -0.456276691590868 0.296729315039307 0.354543796899568 0.244820539650206 -0.302500926652969 0.222191277205082 -0.277716483939963 
-1.497902769966861 -0.764058538977116 1.108167559719032 1.329318783899067 -0.430101273825716 1.548707223176073 -0.359871881958663 1.365141781796309 1.056210964620930 0.826384281447409 -1.477738072062485 0.072666056540957 -1.514795251991403 -0.697632574723366 1.158269335085748 -1.248072078150743 -0.538551974039330 -1.294204246710523 -0.066742158364888 0.902551648052147 0.055477196947530 -0.578110578202816 -0.060874467199080 0.426574193735227 -0.054240836582810 -0.357841663177813 -0.049885895055622 -0.326619939997862 
-1.469244664703222 -0.881795497867339 0.940018104458292 1.445965477407490 -0.072194059436453 1.489294133357469 -0.821634513460810 0.996174346336619 1.419507814700499 0.144229192108169 -1.506083546921562 -0.759677240606611 -1.050934706210880 -1.389824197062990 0.234493917108374 -1.514511940153255 0.509111059005674 -1.101415649660465 0.672139410073436 0.533118617933143 0.502275113806969 -0.251902595352678 -0.375699917755509 0.161252023388525 -0.312747385100747 -0.128831287087497 -0.283739842835892 -0.115685493596206 
-1.437702817536590 -0.990481922403493 0.755326441388782 1.510851762806826 0.285550254572417 1.314126569225278 -1.190896334999307 0.493677948266869 1.531007794804424 -0.561085575470452 -1.144473664105363 -1.349606558358550 -0.215668322847565 -1.499720505262703 -0.794637736271862 -0.970972294998549 1.270952040353959 -0.183947674433262 0.974927527965920 -0.251872819749146 0.591535480762588 0.289226786014331 -0.412342261846923 -0.243171251867911 -0.336516656295326 0.210344784770173 -0.303603050265135 0.193518690360143 
-1.403376974356399 -1.089278339951113 0.557896876301636 1.522308804599038 0.623694412330596 1.038207364633202 -1.429534051556757 -0.071373673874553 1.374135002403113 -1.137955491163980 -0.490879444166267 -1.519033046338332 0.687718525050456 -0.987684155114539 -1.442976917786253 0.093451989768527 1.294991418362258 0.882715478075178 0.618312173685601 -0.891984295987974 0.243319641871978 0.627692463463894 -0.135525616471512 -0.465264508783112 -0.103194826913554 0.387698327869717 -0.091379307671473 0.352348392524379 
-1.366371495615490 -1.177439879162977 0.351739184057478 1.480543203333952 0.924085594213243 0.684233243796653 -1.513708189846156 -0.620170714937311 0.979289995084797 -1.464051925092318 0.282331506576829 -1.220784676124821 1.334714283871935 -0.072151937297892 -1.405021019203994 1.108214880974685 0.550842327454967 1.401263315622014 -0.183996893571463 -0.894042325776478 -0.303786441883747 0.475563155815940 0.253313032899462 -0.311170638646283 0.213455419481894 0.248459029297255 0.193502239270310 0.222593192159421 
-1.326795101732582 -1.254321586658977 0.140988310085412 1.387608693745655 1.170825048381152 0.280737609832997 -1.436227930591781 -1.077039255830762 0.418019696801838 -1.472224980335551 0.973803929499423 -0.551581201946209 1.496167379665257 0.863323921492641 -0.700889853070805 1.525681357075886 -0.538515364811718 1.003364597254212 -0.898688292803738 -0.206201405974826 -0.646162049916235 -0.082269177342406 0.455084814601464 0.114763375076581 0.367074051811213 -0.107396313625926 0.328729405428405 -0.100531157326126 
-1.284760612371724 -1.319382838594417 -0.070177465597466 1.247314203493281 1.351104774994080 -0.140200665894456 -1.207125927242893 -1.379856688067167 -0.209915729831191 -1.164283398249740 1.405586124075830 0.279242652276097 1.119514729800436 1.430890216288110 0.332521972957016 1.118003830055174 -1.330083548546732 -0.087065396567233 -1.016293660703852 0.699090478262705 -0.504627287283426 -0.616613617550006 0.298716392429715 0.467924756727944 0.227879186669517 -0.386946191256119 0.200798672610230 -0.349494986381863 
-1.240384680140536 -1.372190819370706 -0.277618303056515 1.065072154618863 1.455867483278376 -0.545499167939321 -0.852402314618177 -1.488479719590132 -0.794246682472128 -0.609834253362152 1.468881230437956 1.015173859808662 0.345774567630401 1.399530107189666 1.201640382955174 0.104830599003542 -1.336308528364405 -1.166072852294622 -0.409131372963225 1.130643731549247 0.049172928876337 -0.668722731476974 -0.111174272863881 0.432136090269093 -0.103848767741444 -0.338324760015505 -0.095682785159374 -0.300107512964154 
-1.193787519256339 -1.412423047836252 -0.477312935288353 0.847692909552020 1.480256075190218 -0.903663813126134 -0.411091272836024 -1.390044161860317 -1.233531657134444 0.069401626243595 1.151406086982631 1.431667826418155 -0.543191108415755 0.789273809348374 1.492432418378304 -0.962292629102763 -0.527370543743412 -1.494378626780872 0.541513158911150 0.692960118477516 0.608710212318781 -0.136686072483107 -0.450926876974334 0.001644424538572 -0.359697784332766 0.020820941051229 -0.319010120320775 0.024280800513230 
-1.145092629735414 -1.439868939506100 -0.665435627208706 0.603133058077936 1.423830654968494 -1.187228247173109 0.069020694128000 -1.100439852049127 -1.452742015677284 0.726274702975317 0.539492478064020 1.404593548581962 -1.227436183836006 -0.140172383262849 1.069491808790910 -1.500656813362850 0.627526626689103 -0.803499721986926 1.166427560434133 -0.358328125249541 0.714401410109305 0.580083704379532 -0.422641249590090 -0.468755349907834 -0.313176687255047 0.384435429642513 -0.271799551181605 0.344063066165374 
-1.094426517665685 -1.454430401527680 -0.838428506168951 0.340206751793306 1.290543869444795 -1.374852421141739 0.536556558626029 -0.661799367753207 -1.416050155911192 1.220050113168732 -0.205328241750261 0.947136846564564 -1.464155410005830 -1.000331297605765 0.140847521167422 -1.218467435016804 1.424375697477296 0.480299122591443 0.966705681928304 -1.228746155994376 0.222673863970621 0.851189107881625 -0.014497248650268 -0.535755406013881 0.017284007543448 0.404287793945818 0.021151020079794 0.352351014299084 
-1.041918412127141 -1.456121465268650 -0.993067913997389 0.068270469249693 1.088478547460969 -1.452920594267625 0.942034437122041 -0.136390864202502 -1.132646028210655 1.446526182907155 -0.888919525029635 0.204231151571416 -1.173771542910023 -1.436682217603420 -0.844169220572031 -0.277227469786559 1.353092400314208 1.482138640035820 0.009350828975026 -1.159676421832049 -0.521534694338516 0.350550059255768 0.444199931455414 -0.078028765343218 0.351533138424807 0.022260101092899 0.307551851834361 0.010296130433353 
-0.987699979327119 -1.445066969434138 -1.126523560064044 -0.203107598765119 0.829364414210333 -1.416519713459454 1.243092700677511 0.402202814632305 -0.654644842231936 1.359989836492210 -1.335092796250468 -0.593288798016179 -0.466363634821757 -1.274630950412104 -1.414316504440863 0.800125696387661 0.431981066202368 1.471199525968393 -1.046404101596603 -0.079392558141275 -0.894661995239510 -0.570629188905498 0.526145663606235 0.517749751861743 0.369719450143538 -0.418310725870592 0.312562377642328 -0.368397194476327 
-0.931905034519404 -1.421500314468791 -1.236409406529790 -0.464481942404251 0.527902420586490 -1.269728645743865 1.408904016082784 0.879371775968431 -0.067536386120685 0.982390150564483 -1.430970214527480 -1.200329529730928 0.400141455196813 -0.588603972894442 -1.304480374792228 1.424557092199033 -0.776405252793659 0.406211712211355 -1.378158643154121 1.209744535615367 -0.494922001789400 -1.070664426207971 0.094989887198255 0.643006317058213 0.017431963586492 -0.452853071538285 0.004243710877367 -0.382302094061517 
-0.874669252276708 -1.385760316600362 -1.320825387629564 -0.706856295417329 0.200935324981517 -1.025203143483761 1.423319590750266 1.229797590534696 0.525079465578647 0.397900874441705 -1.155493744098420 -1.432783023001881 1.113986409731805 0.332462476068396 -0.579470046298128 1.269183823330483 -1.505622266569442 -0.980688146120929 -0.633782834611914 1.580347792508156 0.438655994113457 -0.545123919869088 -0.493929097658493 0.068950924127111 -0.386111846468061 0.020423549493882 -0.329823677789296 0.033119685368290 
-0.816129875685719 -1.338287197175020 -1.378389251086539 -0.921991151173466 -0.133488931889408 -0.703096421506066 1.286424227203066 1.406377968994854 1.019749990694008 -0.265805404393031 -0.583894314551709 -1.223316299940053 1.421479842769518 1.106685846098965 0.405421459189856 0.440744889007767 -1.282437844147794 -1.681422886769879 0.703385541124690 0.549607859012904 1.099872327390190 0.673254246436526 -0.639891295599361 -0.688616475823916 -0.405998244680557 0.531404312714207 -0.326601498175983 0.452492863839525 
-0.756425425032365 -1.279617749862126 -1.408258007828395 -1.102681791597077 -0.457109213159743 -0.329406537450761 1.014354432973186 1.386540459787522 1.331206309982312 -0.865413737420801 0.132782966810468 -0.640818429620929 1.216796413802145 1.416589278521210 1.182202821590273 -0.598192176587595 -0.251053395750638 -1.167194739150313 1.582530868643735 -1.129900659725374 0.764733906396461 1.397470039124704 -0.083503263228628 -0.750162089798308 0.046371251421218 0.450536000374686 0.057509611166171 0.354548258700115 
-0.695695406542312 -1.210379734813361 -1.410138682154910 -1.242997516360008 -0.752444238584837 0.066114559694894 0.637417285062331 1.175101277206065 1.407038836795334 -1.272882483788194 0.807548808662938 0.132119501654977 0.578237553121430 1.138299714801171 1.393338827486939 -1.296307649376700 0.915144425565013 0.180513314808147 1.199889048615173 -1.938835972282772 -0.439392037709359 0.661732359854954 0.686834078658543 0.150922302510304 0.506985159477714 -0.245654603033927 0.410677728571645 -0.227342538678932 
-0.634080021738126 -1.131285554897367 -1.384288264351815 -1.338474197164204 -1.003732920583232 0.452322729252725 0.196727255383121 0.803311083191461 1.236489639265072 -1.402755221427597 1.266225264487329 0.856402757413221 -0.261286269984361 0.391266827422136 0.951739784796024 -1.304265670218899 1.472063062909562 1.351711322374555 -0.242508725645551 -0.953568143275413 -1.410228371566491 -1.050175200906448 0.763988332312794 1.075292893475000 0.371574413633682 -0.724811541939051 0.262118144015088 -0.570742788017634 
-0.571719877969707 -1.043125274650105 -1.331502977387309 -1.386253976456076 -1.197771612575733 0.799127169942090 -0.260267159142651 0.324259559901608 0.851891435196409 -1.230049721008136 1.392377341963547 1.310402540032414 -0.998747185286244 -0.511390753122382 0.070215051753266 -0.633696760017689 1.106871952748115 1.512666922763642 -1.559413815944356 1.067159860860178 -0.991944476013767 -1.867508688008247 -0.169461045950562 0.685543940479097 -0.324280467085886 -0.192413257978234 -0.282388333755296 -0.095004495505267 
-0.508755700668859 -0.946759047541537 -1.253097174735461 -1.385167820442057 -1.324603998229858 1.079828282962439 -0.684881488352915 -0.194688632447703 0.322579507835406 -0.794987169400745 1.156826800439258 1.357754406851214 -1.370380786132635 -1.193138773632070 -0.840184166966405 0.368159652056066 0.108600488575066 0.644767116767808 -1.559602791998849 2.159965573548642 0.677017356653713 -0.445298575777016 -1.136436149209688 -0.912060945605823 -0.679646947909273 0.802074740664173 -0.475898474228941 0.629359894558357 
-0.445328047872109 -0.843109021524454 -1.150872383635562 -1.335758655692112 -1.378027780130496 1.273166739622282 -1.032371405832683 -0.681351171533700 -0.257583999057783 -0.193685189879448 0.624275735171125 0.988197891962628 -1.246596925090679 -1.372568423318030 -1.352685594158940 1.183831339134150 -0.895076095325261 -0.554075036761206 -0.206692693784852 1.126510899670726 1.865136797607319 1.940528704343749 -0.672368344102448 -1.550758484887971 0.031083333080686 0.619528772625518 0.111811627665454 0.352076222753226 
-0.381577027547948 -0.733150796569826 -1.027077193501654 -1.240244896020224 -1.355892607647157 1.364926992203357 -1.266637679374315 -1.068753119716089 -0.786832951844336 0.443044806384547 -0.064411287980646 0.319313788236383 -0.677470092892447 -0.981945539493756 -1.219212216651343 1.366399572168601 -1.361444502350213 -1.325678355685735 1.254710775925901 -0.985718162123171 0.934100863524577 2.137406974757989 1.077114793181050 0.388482411915026 0.930220225565568 -0.908827616227478 0.620614320827800 -0.721124386921896 
-0.317642018255997 -0.617904510979499 -0.884358859288832 -1.102426229517345 -1.260175242279219 1.348974788220405 -1.363966272174121 -1.304329447069647 -1.173327289939710 0.978127582412416 -0.729410875969242 -0.440772868565554 0.128011938222124 -0.191315111222904 -0.501348664481632 0.793949861559311 -1.062469115279598 -1.298755332409919 1.556436637798227 -1.966340838411804 -1.333019092425431 -0.746208046318157 1.594679755431615 2.419000654703575 0.204087145351237 -1.007325326338050 -0.090435832189905 -0.429230962836957 
-0.253661393655688 -0.498425635680661 -0.725707641274715 -0.927535513581319 -1.096830157286284 1.227653577278478 -1.315417153359089 -1.357042586753537 -1.351069826758570 1.297708033511558 -1.198836743573769 -1.057942607484833 0.879553933763348 0.669832789671230 0.444098846558585 -0.204661390979008 -0.113480932336034 -0.436521612362412 0.680932684657173 -1.117993591833376 -2.048285599696567 -2.886919114772030 -0.748745819531870 0.196565645643865 -1.414628064099748 1.544451382822957 -0.819942707111509 1.142008649333545 
-0.189772251371442 -0.375795557433586 -0.554395033182754 -0.722042451167264 -0.875425941518233 1.011515417842736 -1.127622436467813 -1.221453306100582 -1.291154426073460 1.335348972211433 -1.353159354589873 -1.344231346780645 1.308969888496019 1.247915332719764 1.159305912948888 -1.054205236222771 0.959979055506694 0.846537680937658 -0.535657717835254 0.367799956046806 -0.174227746038063 -0.865025014502815 -2.453521174479119 -3.481404853584849 -0.007700221108217 1.011037904608606 0.663593264694097 -0.309862957942881 
-0.126110146709580 -0.251112032915429 -0.373907137546996 -0.493416332809501 -0.608589367597912 0.718414097141354 -0.821925377764289 -0.918213548368687 -1.006432429203760 1.085806844395070 -1.155638347362089 -1.215305044509765 1.264347049649456 1.302614697250089 1.329405162464883 -1.346884586207773 1.385209009078365 1.481307235201984 -1.487699199089966 1.670267748157076 1.543076575327237 1.907424811629723 0.626435827139669 -0.010682402648746 2.523497200690112 -3.708204169879137 0.427532952704612 -1.296621499468246 
-0.062808831709721 -0.125479595976031 -0.187874528857731 -0.249856472750855 -0.311289177890883 0.372037601859159 -0.431968206442115 -0.490949251429253 -0.548851076629277 0.605546310715003 -0.660911697167966 -0.714832276683470 0.767115885163786 0.817550693876208 0.868363779643174 -0.922786250734334 0.981303760938504 1.079743696778263 -1.238888108815955 1.580800144412279 1.632587054198780 2.182308939744845 2.479774686290875 3.670628872757137 -2.789985049883240 3.395650123903959 -1.966074218981746 3.416921403401396 
0.000000000000000 0.000000000000000 0.000000000000000 0.000000000000000 0.000000000000000 0.000000000000000 0.000000000000000 0.000000000000000 0.000000000000000 0.000000000000000 0.000000000000000 0.000000000000000 0.000000000000000 0.000000000000000 0.000000000000000 0.000000000000000 0.000000000000000 0.000000000000000 0.000000000000000 0.000000000000000 0.000000000000000 0.000000000000000 0.000000000000000 0.000000000000000 0.000000000000000 0.000000000000000 0.000000000000000 0.000000000000000 
******************************************
ASBF PLOT NODES
68 1
1.000000000000000 
1.007462686567164 
1.014925373134328 
1.022388059701492 
1.029850746268657 
1.037313432835821 
1.044776119402985 
1.052238805970149 
1.059701492537313 
1.067164179104478 
1.074626865671642 
1.082089552238806 
1.089552238805970 
1.097014925373134 
1.104477611940299 
1.111940298507463 
1.119402985074627 
1.126865671641791 
1.134328358208955 
1.141791044776119 
1.149253731343284 
1.156716417910448 
1.164179104477612 
1.171641791044776 
1.179104477611940 
1.186567164179104 
1.194029850746269 
1.201492537313433 
1.208955223880597 
1.216417910447761 
1.223880597014925 
1.231343283582090 
1.238805970149254 
1.246268656716418 
1.253731343283582 
1.261194029850746 
1.268656716417910 
1.276119402985075 
1.283582089552239 
1.291044776119403 
1.298507462686567 
1.305970149253731 
1.313432835820896 
1.320895522388060 
1.328358208955224 
1.335820895522388 
1.343283582089552 
1.350746268656716 
1.358208955223881 
1.365671641791045 
1.373134328358209 
1.380597014925373 
1.388059701492537 
1.395522388059701 
1.402985074626866 
1.410447761194030 
1.417910447761194 
1.425373134328358 
1.432835820895522 
1.440298507462687 
1.447761194029851 
1.455223880597015 
1.462686567164179 
1.470149253731343 
1.477611940298508 
1.485074626865672 
1.492537313432836 
1.500000000000000 
