******************************************
ASBF EIGENVALUES
12 1
39.478417604357453 
157.913670417429984 
355.305758471186095 
631.654699558984362 
986.976358381134901 
1421.435514589904869 
1950.774859676165306 
2576.339340884627745 
3849.832695739244627 
5086.247083243582892 
13700.930305903253611 
18519.499714994475653 
******************************************
ASBF QUADRATURE VANDERMONDE
16 12
0.033208411956975 0.066407624739916 -0.099590626465095 0.132720140524654 0.164420388039952 -0.198274482735326 0.283488345040393 0.310602958810353 -0.280159650053774 0.325845561229571 3.290822965842484 -2.746837917876714 
0.171526110323388 0.341752924385680 -0.509389065326048 0.673182674302282 0.833293646855641 -0.986025919623576 1.141530980412119 1.263307717932071 -2.620094703269866 2.534293048740304 4.923659796549679 -3.167865137440071 
0.405386913142107 0.792781244246896 -1.144989013848466 1.446397181706461 1.683648737934680 -1.842833165358342 2.018970116181092 2.034171795012273 -2.528635159178001 1.442287260278487 -1.745831289773392 1.794265184784227 
0.706454517259119 1.309900752208823 -1.722352598909386 1.883606393558817 1.768800658440654 -1.403349239901370 0.883167278391367 0.018082962623528 1.951907499478942 -1.986767140951950 -0.483808763962670 -0.478383805742590 
1.031170102954675 1.701844924678681 -1.777553264570848 1.231918442035814 0.258799581604890 0.815526121970396 -1.782860510350703 -1.827781000934561 0.450438258321175 0.698647049139973 0.984904373330361 -0.096618431962968 
1.324826682571506 1.746047085921784 -0.976370030307474 -0.459321799915271 -1.585824883551071 1.622388118603233 -0.386295144649732 1.025047727825261 -1.303265611348787 0.240561372321653 -0.853186220736030 0.354996339588691 
1.532303134011855 1.311826352907848 0.409233477487096 -1.662150012072788 -1.010694215952145 -0.797659088308120 1.598349200534722 0.442758135349144 1.016725085220346 -0.664293319597062 0.531189940973277 -0.479702854823270 
1.612862139302983 0.479638961430862 1.470224476976937 -0.916819367979010 1.196830597746643 -1.262216303374785 -0.802961807831814 -1.275140984444717 -0.364670774244900 0.805380355845191 -0.171684391431652 0.531011552742501 
1.552708379294903 -0.461750204597538 1.415389594492298 0.882568255139318 1.151294146755687 1.209294136184757 -0.737324376603029 1.205966806700972 -0.300691737208370 -0.789370617029922 -0.159739403932312 -0.527764195829336 
1.368905029909864 -1.171938946658021 0.365594988924118 1.485045421615720 -0.902661999879148 0.726751289851832 1.408602776201583 -0.320722583639461 0.822460134255106 0.616961539132302 0.426639206264251 0.470445790628077 
1.102477476687935 -1.453003310979058 -0.812502890647625 0.382073426528463 -1.319240307063558 -1.364471598340602 -0.336092369467008 -0.991141162706963 -0.980925196694628 -0.173320074490720 -0.598099219516516 -0.340918584434796 
0.804345771895800 -1.327493673825054 -1.386549344638610 -0.960813787819014 0.201253034203184 -0.629053766328028 -1.345327464830201 1.571235694229477 0.355971820716916 -0.730881135528807 0.614329315729571 0.079326033969330 
0.521008345704265 -0.966048345451771 -1.270229830919418 -1.389210081008138 1.304903101612948 1.033746691908648 0.627272728400511 -0.018390101846594 1.157242911811765 1.873001056771925 -0.285282366802758 0.493551638833153 
0.285735489809284 -0.558788972711447 -0.807041592399872 -1.019499992128127 1.186519039145242 1.299315718808811 1.400004548425095 -1.561483981924217 -1.473026863619096 -1.272244954112532 -0.871447730963283 -1.776843251654849 
0.117016148219267 -0.233145916386940 -0.347508468295167 -0.459196439734139 0.568314249629786 0.677504097150699 0.770164863774255 -0.903394809929728 -1.455881854392566 -2.262250882686611 2.395687695845131 3.055464799701034 
0.022236886024296 -0.044467603882685 -0.066687170790822 -0.088925554054958 0.110312133321829 0.129373659975974 0.179899041590888 -0.245464988857602 -0.177591080978272 -0.246618128838822 1.527528882970201 2.680684204893558 
******************************************
ASBF QUADRATURE NODES
16 1
1.002649766252087 
1.013856244231692 
1.033592199403042 
1.061148897911249 
1.095530938899339 
1.135495805585693 
1.179599112305185 
1.226246872540591 
1.273753127459409 
1.320400887694815 
1.364504194414307 
1.404469061100661 
1.438851102088751 
1.466407800596958 
1.486143755768308 
1.497350233747913 
******************************************
ASBF QUADRATURE WEIGHTS
16 1
0.006824136349371 
0.015997669099830 
0.025414764839550 
0.035084207713514 
0.044885829080813 
0.054525520209075 
0.063521066071077 
0.071218339430765 
0.076843395052517 
0.079590369215161 
0.078736933938142 
0.073770769001965 
0.064504605930758 
0.051156070116160 
0.034373645290686 
0.015219345327281 
******************************************
ASBF GLL VANDERMONDE
12 12
0.000000000000000 0.000000000000000 0.000000000000000 0.000000000000000 0.000000000000000 0.000000000000000 0.000000000000000 0.000000000000000 0.000000000000000 0.000000000000000 0.000000000000000 0.000000000000000 
0.170538791968137 0.339800827800460 -0.506517024052179 0.669456664943371 0.828776475958412 -0.980875319111924 1.136297453000055 1.257451822841981 -2.605818311800187 2.523394633612084 4.949285557415160 -3.194505292567293 
0.535942079676505 1.028984408042763 -1.439665012662764 1.735062959831534 1.889070382280827 -1.895246133906336 1.906095336872849 1.556414074855080 -0.382817650356144 -0.655540959392621 -2.317317072311537 1.327122781327254 
0.998810556531786 1.674564268287535 -1.808689584058373 1.357889489426823 0.471365744278599 0.577036385068731 -1.628969832608021 -1.891115202408019 0.853971692731790 0.387892456662750 1.149314238455423 -0.330212665988204 
1.407595342646848 1.653049049686226 -0.533713095802894 -1.026372190720136 -1.742247227845215 1.004873611440269 0.711660385477499 1.566024915676125 -0.502690710664960 -0.616474468908715 -0.560759788169373 -0.228719790123670 
1.607228130660789 0.684215751357119 1.315951332140511 -1.244338605499133 0.787784890532197 -1.564083617596971 -0.189319245267506 -1.383055312758207 0.135486736814419 0.788068592987207 0.162686066072660 0.500690374054395 
1.521773267106255 -0.647836626492287 1.245982354648632 1.178224175199054 0.744927113971209 1.484511540602604 -0.141929625911606 1.352867763348937 0.167577713804766 -0.797343377426931 0.146371773354309 -0.503941768051843 
1.199289140536112 -1.408418805120023 -0.454729472626713 0.874368356802063 -1.483597981922034 -0.864638123865450 0.568311881719671 -1.450728062102338 -0.430876828169853 0.646705963803500 -0.413401078756803 0.238885680266716 
0.774369839053790 -1.298276308817552 -1.402263222097223 -1.052626332226924 0.364886974972893 -0.438722473810491 -1.220675254239818 1.627570135387269 0.615450959382426 -0.441382627966447 0.706224168767561 0.310976144888861 
0.385034642790074 -0.739248979728275 -1.034292158644410 -1.246622129076324 1.357428131797534 1.355951798858825 1.332974012808291 -1.252298219985664 -0.273592430351414 0.677252897667081 -1.230442660634470 -1.287665288040437 
0.116326946472481 -0.231783006908235 -0.345502664861058 -0.456594013325642 0.565160769333002 0.673836080052693 0.766434533097162 -0.899293374157738 -1.448038008465546 -2.251925544830432 2.407229787505460 3.081690153414539 
0.000000000000000 0.000000000000000 0.000000000000000 0.000000000000000 0.000000000000000 0.000000000000000 0.000000000000000 0.000000000000000 0.000000000000000 0.000000000000000 0.000000000000000 0.000000000000000 
******************************************
ASBF GLL NODES
12 1
1.000000000000000 
1.013775181944280 
1.045180169588998 
1.091780961742035 
1.150117264758663 
1.215861766786268 
1.284138233213732 
1.349882735241337 
1.408219038257965 
1.454819830411002 
1.486224818055720 
1.500000000000000 
