******************************************
ASBF EIGENVALUES
22 1
61.799288466093969 
241.918631617102278 
542.089029190660312 
962.323891063660085 
1502.624846644917397 
2162.992296196713141 
2943.426376601506490 
3843.927152079540974 
4864.494901348962230 
6005.138070906327812 
7266.413518838276104 
8648.558439485053896 
10204.303423643628776 
11931.217811874663312 
14272.939686650617659 
17695.630702155645849 
21469.817823743087501 
33086.791848632819892 
38941.922587653338269 
76803.661341698272736 
137133.419176973926369 
305561.594039498246275 
******************************************
ASBF QUADRATURE VANDERMONDE
26 22
0.017724395276774 0.035382202680478 0.053053440619148 -0.070724833960472 -0.088393111463729 0.106056482150017 0.123713222610792 0.141349157725359 0.158891668411055 -0.176781393951669 -0.198358089051084 -0.219409580690126 0.209420552049434 0.215716571757882 0.285352834007436 -0.752322334989456 -0.443503732155596 0.462340223185606 0.619872274398791 -0.841708486939140 -8.313949162183505 1.344854258480059 
0.092683993751870 0.184864367356600 0.276804648200815 -0.368280925429089 -0.459122449321104 0.549167187558207 0.638256989328141 0.726252253616060 0.813097061835689 -0.898089623160337 -0.977553651247097 -1.056410004795946 1.197954548367978 1.493566381397989 1.286894985991100 -2.234442255259499 -1.586779224512207 4.494459324828223 5.785397684110094 -1.954691601724920 -8.085307972266357 0.575585287256073 
0.224512006897384 0.445879412144773 0.662842066221123 -0.873003411476043 -1.074164555232943 1.264238296831491 1.441256880232618 1.603375281768118 1.748820853038721 -1.876508516727041 -1.990929206859731 -2.088515221897439 2.148418379042321 2.381367044742518 2.163755544058270 -4.166864404039391 -2.462830820892680 2.431671037592828 1.739457088997678 0.551252446206462 5.134838875871989 -0.680249229741159 
0.407497823037667 0.799407145127954 1.164018862373176 -1.488422889092825 -1.761335402507747 1.973290066765070 2.116940734263750 2.187316981902502 2.182059646594196 -2.101233708511297 -1.945822666163333 -1.718477828580427 1.471859491152887 1.326841834101378 0.612107092983045 0.574283929755593 1.187783831094644 -3.426310904354628 -3.783144948167429 0.372684856574535 -1.995470367334383 0.596120338619488 
0.632416886034961 1.208415195956626 1.681520914707855 -2.010740988436763 -2.167781847382174 2.139156826404790 1.927301444489077 1.550357775292937 1.040573534682706 -0.441218413668333 0.195715151080006 0.807775600016035 -1.394608700392456 -2.158693193250556 -2.206739087647270 3.307919981384360 1.149797168686012 1.316103303963066 2.299558969152751 -0.597966968165145 0.578524547206841 -0.525854208718926 
0.886162554939470 1.614207255187670 2.060674656060427 -2.146713142127797 -1.857107532710308 1.242482099065165 0.410378595411346 -0.493597501110081 -1.311257858195125 1.898516628869957 2.152141168548735 2.044696953529192 -1.606780212898702 -0.792118397215571 0.648456425837932 -2.868950966172529 -1.692083919093203 0.141939486701016 -0.937756420526048 0.597442515803640 0.075028756042552 0.457398849950537 
1.151974547534884 1.940001539781956 2.122664671240118 -1.641788496928348 -0.647500675607642 -0.549352049910772 -1.574505628292524 -2.107325921174872 -1.981065586219649 1.236692116526402 0.112572437058465 -1.066750522516587 2.038537928646012 2.444050145205572 1.013478159835239 1.022962549368029 1.272490034429444 -0.723579430896278 0.191131408028292 -0.530139310224928 -0.404391140030409 -0.379730923278849 
1.410503943028960 2.104231753642475 1.736570685378258 -0.491751886976454 1.001681692584669 -1.989291140983089 -1.972065150067032 -0.958651223679842 0.538870645871615 -1.765895411950607 -2.114346500559689 -1.378556077343947 -0.247430813573348 -1.877153048664806 -1.563058061620244 0.333878899423938 -0.721204649100717 0.862317116013025 0.188299887431197 0.432923209316755 0.569933474834124 0.289000620191081 
1.641680059637886 2.041629845155102 0.904739933057741 0.914190548810273 2.044588958609870 -1.634351686485464 0.007569397746865 1.643879572068590 2.041579982978322 -0.898855307420946 0.938773749449637 2.064311516591652 -1.422234225103255 0.446723167526712 1.314141993540832 -0.980087547786288 0.279059348708918 -0.811694467092016 -0.389382926552879 -0.315093346658229 -0.637443718178950 -0.185190713320952 
1.827067899335795 1.725205633101388 -0.192000521880481 1.907666144218924 1.614685873571202 0.378834164865302 1.973427173544384 1.489475021077335 -0.563648331682703 2.021714104448653 1.332548173302598 -0.770529854647972 1.870807486201452 0.805533759616256 -0.740746998711984 1.166596740778976 0.053608726939119 0.674946517149688 0.502183995482244 0.181063003627614 0.639091871574227 0.070438578349185 
1.952214639783010 1.179815154766577 -1.235148070003755 1.930342088726018 -0.063533415480451 1.968975616839018 1.131068813734298 -1.282802753847121 -1.908954161244344 -0.124182496889663 -1.969479518111550 -1.046369473463174 -1.187461229047303 -1.517215701395610 0.094679862562277 -1.108024523165091 -0.318714414014783 -0.491732091130341 -0.566641211678892 -0.035003692963357 -0.593590499974347 0.051716079214082 
2.008454053375034 0.480317915734334 -1.891896987532096 0.938510165017482 -1.665130834239238 1.340667770766219 -1.341509702456048 -1.664456478873594 0.939652420280720 -1.890965110212080 0.474172675399579 1.972212946248871 -0.088984215812046 1.652388934996510 0.530088071219198 0.915004464463536 0.548391713512883 0.278651372563101 0.600854597152305 -0.118286684988407 0.513614710594974 -0.176699460189523 
1.993778682824288 -0.266274004875279 -1.958982711554305 -0.521974485942821 -1.890593195752003 -0.770014860849294 -1.789485414114783 1.005091262421959 1.657532785062855 1.221920120105013 1.498842078276984 -1.384108941192732 1.328291714170565 -1.250305188169235 -1.085391287206200 -0.627307698873531 -0.758727028832421 -0.044034279469958 -0.613027008124500 0.273258044283644 -0.408825683012220 0.299094458507198 
1.912642800156289 -0.948203817659848 -1.445648066526271 -1.660247793522541 -0.626901277309418 -1.969454931624162 0.344845857125784 1.799284066231656 -1.232807769318358 1.192410811372379 -1.815582483963967 -0.324380240513959 -1.896266683796867 0.374782263272367 1.486516908259930 0.245888956265937 0.948207184601272 -0.206836422391076 0.605836122806869 -0.423546945875182 0.287177395463718 -0.412717321159843 
1.774828654380734 -1.475741066779096 -0.552819340729136 -1.933195957820727 1.049172500517459 -1.063505638384631 1.930722757182974 -0.537104870184997 -1.485512835823655 -1.770407678102876 -0.029276986222441 1.809402702847702 1.298509750453301 0.786650711845234 -1.552427880572061 0.241105592860833 -1.087183717672701 0.468983626537101 -0.577006534179212 0.561720593665635 -0.155465487256531 0.510573438430663 
1.593705565200139 -1.798436674840358 0.429303680253658 -1.314813221119068 1.908917202508376 0.833903947801555 0.970144754290807 -1.925956678902434 1.198181920530837 -0.575458986107650 1.859764748941258 -1.518550906055374 0.385414718530341 -1.745289652271366 1.000158000868711 -0.815149139415832 1.090312940061244 -0.732983568381160 0.516526066101690 -0.678479521578058 0.019491001948422 -0.584625810201340 
1.384288728303340 -1.908999505671896 1.241121740710345 -0.201163078684327 1.517629715983869 1.886943642008049 -1.078836533296808 -0.402415501760076 1.632363464436469 1.842511437773710 -0.915467134022404 -0.591687971060605 -1.953122681578542 1.688055510174718 0.370849392298646 1.334737405440871 -0.773495175677932 0.970816736847516 -0.398288848247874 0.760453320633442 0.116020287297372 0.625213564283094 
1.161465238117292 -1.835534489635819 1.732129768210824 0.896029970286640 0.318887703780468 1.398795610528175 -1.887062452729041 1.577315802846356 -0.600365697907076 0.631496067265101 -1.586446413856007 1.881531985252350 1.500528286180602 -0.116373236751099 -2.128347603699824 -1.406782129167630 -0.146277543943701 -1.096233814050318 0.161466682402000 -0.784115812006521 -0.247717303461690 -0.619741651390868 
0.938638294068752 -1.627390740798272 1.876276683473904 1.618896360871843 -0.924885536154906 0.018505780306270 -0.956835814262628 1.637031550592138 -1.875872262663550 -1.609499228494245 0.900739539502699 0.041057476922260 0.977563271029214 -1.756086430321624 2.639146759928803 0.462594117670718 1.786086437394167 0.879624349225113 0.317569287332506 0.698566616961459 0.374167488354110 0.549692804484562 
0.726898560316318 -1.340384468112072 1.739143519278113 1.859992636074592 -1.683778859711860 -1.238698741834856 0.595847794589183 0.142135424167387 -0.857273797433558 -1.435223731000798 1.790298010129133 -1.849916686829593 -1.631359473738178 1.123440918531429 -0.290335089076562 1.381978510998247 -3.257071370027170 0.121401081729550 -1.206266752569980 -0.377810273110282 -0.496432107782155 -0.383315407193346 
0.534707187382007 -1.025461817481899 1.427564709184231 1.706768282996850 -1.839154371823711 -1.813375674267131 1.631666559073031 -1.309669362135010 0.874997048226401 0.365079276479050 0.174180175915819 -0.706732988770607 -1.246366251668217 1.541424185384240 -2.436871928077508 -1.994976770348417 2.085052554378264 -2.161824031952243 2.393171780149779 -0.487292640329506 0.616137423436251 0.055676342268919 
0.367991780228062 -0.722413735838126 1.047090423564321 1.329004969190449 -1.556724699846944 -1.720991207047033 1.815120801583919 -1.835284056639712 1.780683530755201 1.653353632762951 -1.459419149251591 1.210283437265058 0.921519565023436 -0.506661921781094 0.110960525439320 -0.585528324839762 2.282514631206802 3.593530885135351 -2.520562601019132 2.440305812856302 -0.713725175785974 0.592425682050675 
0.230518931746479 -0.458242571471336 0.678427000748456 0.887668427739108 -1.082641287334726 -1.260228364700459 1.417585504864224 -1.552183007648085 1.661889196610336 1.745324729107823 -1.799563675780307 1.823674314319286 1.916660658300567 -1.820357444990924 2.189029307891103 1.609900584918164 -2.465344724457888 -0.327633079182798 -0.778053128986782 -5.146900533068370 0.626990669023279 -2.003884567833229 
0.124405937394553 -0.248718362794181 0.371764686302706 0.493036150484791 -0.611980200607272 -0.728044236830578 0.840685382061758 -0.949387454923919 1.053585387814171 1.152431526105323 -1.249626463755334 1.341274769798339 1.452260384254529 -1.500621034137569 2.232184087188916 1.783774972170075 -2.944386706082895 -4.100243920426273 3.766075572901372 3.227304160547583 0.249800606050023 5.175598914232570 
0.050655177679286 -0.101470948522373 0.152167710613957 0.202733823042113 -0.253136577861913 -0.303338956817354 0.353303241883644 -0.402978755321804 0.452391404771896 0.501875216360824 -0.547954156225014 0.594934907325375 0.700787230490385 -0.711234367107634 0.921989498153159 0.935641807411649 -1.861074481665747 -1.994522760688619 1.946645422006361 7.369589475280902 -1.893093185140719 -8.233465422595515 
0.009615194751041 -0.019268133848590 0.028913009232752 0.038554858553207 -0.048194703991098 -0.057832719268901 0.067468463336286 -0.077111014381902 0.086709668864618 0.096006614357222 -0.107850379233333 0.118615455822250 0.111208075867260 -0.133179949418778 0.269797116223656 0.149055714894357 -0.187368524137968 -0.684063337230965 0.653833323830410 0.701631835637915 -0.544891474351997 -8.454160453606690 
******************************************
ASBF QUADRATURE NODES
26 1
1.001028574713596 
1.005403638510882 
1.013210233334571 
1.024340534503923 
1.038638514302876 
1.055903512794830 
1.075893184895011 
1.098326926745596 
1.122889821293874 
1.149237061219128 
1.176998790128511 
1.205785294910777 
1.235192476642672 
1.264807523357328 
1.294214705089223 
1.323001209871489 
1.350762938780872 
1.377110178706126 
1.401673073254404 
1.424106815104989 
1.444096487205170 
1.461361485697124 
1.475659465496077 
1.486789766665429 
1.494596361489118 
1.498971425286404 
******************************************
ASBF QUADRATURE WEIGHTS
26 1
0.002643272382618 
0.006170613639512 
0.009742998000608 
0.013371896046551 
0.017064535160675 
0.020816941379836 
0.024611136784117 
0.028413045913608 
0.032171128327638 
0.035815932569544 
0.039260772273940 
0.042403684842377 
0.045130759262864 
0.047320818163389 
0.048851318722728 
0.049605209475329 
0.049478359352831 
0.048387076084276 
0.046275166717306 
0.043119974029962 
0.038936855279110 
0.033781655708535 
0.027750867908771 
0.020979377853528 
0.013636260555313 
0.005927010231703 
******************************************
ASBF GLL VANDERMONDE
22 22
0.000000000000000 0.000000000000000 0.000000000000000 0.000000000000000 0.000000000000000 0.000000000000000 0.000000000000000 0.000000000000000 0.000000000000000 0.000000000000000 0.000000000000000 0.000000000000000 0.000000000000000 0.000000000000000 0.000000000000000 0.000000000000000 0.000000000000000 0.000000000000000 0.000000000000000 0.000000000000000 0.000000000000000 0.000000000000000 
0.068061753638522 0.135808353867378 0.203487766122516 -0.270989769641750 -0.338242738593858 0.405180873846654 0.471740311049296 0.537863948578443 0.603532308929505 -0.668515481677584 -0.731545673717720 -0.793559747802589 0.886988340551879 1.098555891886187 0.994348537512199 -1.811018296294311 -1.239495058074198 3.336951251813524 4.427527493159923 -1.988244819243694 -11.463018156765209 1.308118195649363 
0.224323054612131 0.445508082531981 0.662299836164868 -0.872307459189331 -1.073337355361963 1.263307214590479 1.440253692156179 1.602335682548186 1.747784083985585 -1.875513774056869 -1.990001208740692 -2.087709760158831 2.147960227198309 2.381272061492861 2.163552599475028 -4.166745181282557 -2.464066521533398 2.441146751249189 1.752261332454111 0.548221347494030 5.134238364505926 -0.682088672368109 
0.457993819439354 0.894192158562846 1.291502047611310 -1.632128167148536 -1.901032257290966 2.086369305684179 2.179980578815234 2.177767986769177 2.079979373718627 -1.890136650242224 -1.610743457054133 -1.259196134076026 0.925301665839014 0.615815274609787 -0.238372786895735 2.354646099502826 2.034283436808859 -2.900320516197606 -2.470444071757114 -0.188483680190658 -2.661410272364621 0.334658445513608 
0.750735914563297 1.406658140997584 1.890602140620290 -2.142564796841905 -2.131485153085750 1.858677579760068 1.357620180975779 0.689800495182741 -0.062968009061923 0.807088184774287 1.443201402821944 1.905211008137026 -2.274433244846885 -2.611322583245267 -1.491287273240184 -0.011090399104167 -1.007814364289878 1.960414704427201 1.589639997351294 0.219932543873114 1.672541679992214 -0.097711437200520 
1.075356631079645 1.859335644320283 2.146805215870694 -1.859871619071514 -1.075119803087075 0.002531711744728 -1.070803668941351 -1.857529910324454 -2.146830727490673 1.862792361779639 1.092735485014152 0.022440848350962 1.239455963187759 2.401690522645688 1.791840609052942 -0.667367915631281 0.627376215789196 -1.306649329493766 -0.848958726617740 -0.310081933928357 -1.094680461314068 -0.089478413856370 
1.397325319015292 2.100777458938941 1.768962632707160 -0.564176482188420 0.919249075102604 -1.949161606307465 -2.017144288009312 -1.089592431159488 0.375538351097960 -1.657011935897361 -2.135231371753237 -1.546753219563971 -0.007109754672866 -1.711830956680750 -1.606601465980356 0.587154272844396 -0.597362118286522 0.926173953219714 0.337754802568148 0.392420296014299 0.673977809369832 0.238343112942645 
1.679189618835700 2.003083822648409 0.717479018520910 1.145551615193406 2.087557079524250 -1.350528581299580 0.472886285612195 1.915993944430691 1.818018254939169 -0.255574651831817 1.526718767342075 2.062326430211419 -0.745393330633114 1.236673368000689 1.411653391343156 -0.331502664659151 0.672112774078603 -0.678176938444012 0.026490617219339 -0.449885180830024 -0.340969825282548 -0.347831429203108 
1.887012449098117 1.523162780198041 -0.652264747887096 2.052144462998747 1.009760540722614 1.234602125107313 2.009392611832078 0.392142416056774 -1.692086014411381 1.759924198799329 -0.279292728439167 -1.961648653200212 1.144763573919491 -1.004159326730518 -1.297486396455732 0.074003434444472 -0.757160923986194 0.488623519653265 -0.290398255317048 0.474012595413799 0.073320335883177 0.413601304777374 
1.996845304756457 0.736868763045620 -1.722387476378308 1.377782371144984 -1.210505056069617 1.827402788712938 -0.532011307274343 -2.024896287862389 -0.219572696878206 -1.941501781584275 -0.931908169451313 1.566322056172836 -1.395584815485342 0.914371058025376 1.255569106222334 0.153714442419699 0.820692717582148 -0.322756368826110 0.473520833087208 -0.458498387429537 0.136705031562474 -0.430902910025018 
1.999063905471528 -0.180303463619676 -1.983283011501840 -0.353199377996609 -1.952325462688377 -0.524700522372784 -1.906179173436653 0.692452688500089 1.845235647075391 0.853412290074654 1.765989379808222 -0.976869574356714 1.618487633902087 -0.882142639411665 -1.276674380371583 -0.355116715669794 -0.852837302001362 0.162094315505140 -0.583413601547274 0.398032400839093 -0.292008403924106 0.395687203866604 
1.899227224660878 -1.019201113083800 -1.355617805013824 -1.742269113802294 -0.425222952354278 -1.969358626829494 0.626953037090895 1.634340601500320 -1.500390160901213 0.833608583994732 -1.945841310386884 0.174260999001405 -1.847647007563560 0.833104550905666 1.373460659910067 0.540296281238706 0.854623516330853 0.006183454113232 0.622891374886694 -0.287733714601605 0.394257828980986 -0.305003195505584 
1.715486446921438 -1.613482093256038 -0.203555581541312 -1.803760935560914 1.487717155759188 -0.408457346745446 1.870765134846464 -1.346256939309579 -0.607795810345134 -1.916879325274872 1.193574452253372 0.825945662904769 2.007598616533773 -0.667826250718814 -1.585722619151116 -0.716986935688620 -0.840361484316783 -0.194808554340606 -0.593090198374931 0.122154304826110 -0.445381964248415 0.156930454072561 
1.473742687327290 -1.887678029444691 0.937160600990443 -0.689882362366510 1.818427772556761 1.633810528331534 -0.269530876056873 -1.289330530239710 1.917107629434938 1.160717866789032 0.428020293723202 -1.730363213860631 -1.842000577983543 0.231775416705566 1.966207126824496 0.875297695346637 0.853649703110437 0.420592140865077 0.495063638656827 0.106958153416197 0.448161435366182 0.050012568115041 
1.202241826018619 -1.860464705837771 1.669562181041825 0.717649701607254 0.561167483838433 1.584082039780128 -1.885010832060516 1.326929847363407 -0.163997489383831 1.074196866085638 -1.815465815164816 1.744701545596151 0.923384685134713 0.621526426079622 -2.484585833620870 -0.940450255051256 -1.007793911735278 -0.706312478273521 -0.333431440708444 -0.415897134640816 -0.406314411093572 -0.318365863635318 
0.927061631685993 -1.613684900282331 1.875215838785832 1.643622736321389 -0.979994446985606 -0.058836985455985 -0.877717771624112 1.583491756298475 -1.873208249489996 -1.671400243008498 1.021394651829842 -0.111826405980313 0.817692183836886 -1.659032109222035 2.733319122622742 0.673062308193471 1.543717600440469 1.063646451567317 0.134640202186716 0.841825336676552 0.324239116445394 0.655322025233528 
0.669291161144475 -1.250643726349407 1.662420354595651 1.849431709142857 -1.786540503422759 -1.482294596776042 0.977819342649432 -0.341244713902030 -0.341261791936536 -0.976781323554883 1.489673038696587 -1.796061755982792 -1.851862592469861 1.654920931988367 -1.636134225034944 0.332553894113678 -2.716842834114212 -1.377149798616820 -0.026936846013980 -1.473268283355652 -0.206897867746344 -1.082470122217344 
0.444005574770777 -0.863396373027841 1.231227235967469 1.525958016385792 -1.730187917149574 -1.831838254119717 1.824896099868982 -1.709804976970936 1.493256305805258 1.187383224794170 -0.818347626197359 0.397341459319314 -0.135777943867909 0.556542522233508 -1.213076691158144 -1.828584912036616 3.824710266522994 0.999614338893308 0.476025063815450 2.491398532074411 0.064174026920321 1.668343090369571 
0.260656364422193 -0.516989970856391 0.762515582380450 0.992348062533729 -1.201813467320101 -1.386631859845671 1.543022029317441 -1.667763524039032 1.758396181066047 1.813695059978436 -1.827558114630775 1.805385656231351 1.865459071270389 -1.678549948232774 1.805684413802354 1.294165773126278 -1.764396892213457 1.461329539112347 -2.305691862243490 -3.908482541836392 0.045588931867669 -2.667368725561507 
0.124298700992532 -0.248504975203099 0.371448240029425 0.492621153489059 -0.611472586085064 -0.727451326228227 0.840015832116571 -0.948651142744884 1.052793652617562 1.151597924326290 -1.248751095902785 1.340380910000114 1.451439985014894 -1.499745362374031 2.230743361452018 1.783212084529074 -2.944040578285360 -4.099199219981537 3.766169406323493 3.243233155716776 0.246244303691154 5.174976973895109 
0.037106267390114 -0.074343631914128 0.111520738105261 0.148642475652840 -0.185698254676016 -0.222674260352105 0.259555935732344 -0.296323419625794 0.332984008170202 0.369696971824469 -0.405172827427180 0.440577366063707 0.509848470330883 -0.527599625536663 0.715147367108585 0.679442486916787 -1.335222099126229 -1.618084939308035 1.554406996090519 5.505436217012480 -1.733440028059932 -11.660892766541515 
0.000000000000000 0.000000000000000 0.000000000000000 0.000000000000000 0.000000000000000 0.000000000000000 0.000000000000000 0.000000000000000 0.000000000000000 0.000000000000000 0.000000000000000 0.000000000000000 0.000000000000000 0.000000000000000 0.000000000000000 0.000000000000000 0.000000000000000 0.000000000000000 0.000000000000000 0.000000000000000 0.000000000000000 0.000000000000000 
******************************************
ASBF GLL NODES
22 1
1.000000000000000 
1.003961890385589 
1.013198929000193 
1.027484427452274 
1.046512768097020 
1.069878190009699 
1.097082640428935 
1.127546281202525 
1.160619822465270 
1.195598353710179 
1.231736364997275 
1.268263635002725 
1.304401646289821 
1.339380177534730 
1.372453718797475 
1.402917359571065 
1.430121809990301 
1.453487231902980 
1.472515572547726 
1.486801070999807 
1.496038109614411 
1.500000000000000 
******************************************
ASBF PLOT VANDERMONDE
53 22
0.000000000000000 0.000000000000000 0.000000000000000 0.000000000000000 0.000000000000000 0.000000000000000 0.000000000000000 0.000000000000000 0.000000000000000 0.000000000000000 0.000000000000000 0.000000000000000 0.000000000000000 0.000000000000000 0.000000000000000 0.000000000000000 0.000000000000000 0.000000000000000 0.000000000000000 0.000000000000000 0.000000000000000 0.000000000000000 
0.164132429935165 0.326758293689874 0.487734936959389 -0.646064780514561 -0.800857686468596 0.951256525608790 1.096432433664472 1.235596730565236 1.368024385775808 -1.492537650734940 -1.607703231374022 -1.719106006151427 1.872181561738036 2.206082040174134 1.927122310944718 -3.587098725058300 -2.426628948590765 4.857318936515690 5.382726064096873 -0.677951562751423 2.203750302568530 -0.851166411678427 
0.324274965468148 0.640313816588052 0.942726324312983 -1.224711125542976 -1.480096147768773 1.703315031453915 1.889507737416544 2.034601636243924 2.135348968304202 -2.190405672092381 -2.204845170598171 -2.167589871811048 2.051357212437463 2.099783147366092 1.728403487649945 -2.514144857254825 -0.789768597274614 -2.154935233421206 -3.497291063604450 1.111167766143137 1.497918507901080 0.416490108869494 
0.479690463388165 0.934454075149287 1.344486169018508 -1.689618255443385 -1.953097819421974 2.122162201723743 2.188626650211392 2.149299360364603 2.006245094680603 -1.765393654909385 -1.431612839730785 -1.029180777880890 0.655034284378289 0.266717135897920 -0.604237432461154 2.968141843461630 2.249375845496959 -2.459874621659540 -1.736986615461120 -0.393106316694921 -2.599222343032938 0.180273275964659 
0.629710164837654 1.203722825512308 1.676159973405237 -2.006448547875571 -2.166455968456749 2.142563756620520 1.936783940832606 1.566582235648989 1.063352134025686 -0.469381535947322 0.164500900583554 0.776226658406198 -1.362609302005847 -2.127203183249342 -2.201701805175497 3.360990157693676 1.198599892190143 1.268291559459005 2.274659662000982 -0.612155160630506 0.521678926013679 -0.526459598267154 
0.773732861896542 1.443482371352923 1.925053589438443 -2.154807040726394 -2.102539949876006 1.775045964211247 1.215173595529385 0.496171037009507 -0.288028044911444 1.033438766812221 1.634539254156151 2.027826367260427 -2.295352557177482 -2.463142385474515 -1.175113044408803 -0.694497410660300 -1.313428008919162 1.777185128287577 1.164782631503585 0.359810603588916 1.551622446375383 0.030044000232304 
0.911223679087659 1.649952497264851 2.082919204613626 -2.128893651595765 -1.779164265105915 1.098682461009907 0.213923883930745 -0.710648559818271 -1.503120235446164 2.015499851703980 2.154716311183143 1.908711615550810 -1.294828873872200 -0.283943610639459 1.018804877307206 -2.979711392610092 -1.521034673495969 -0.251035278037786 -1.247223501444308 0.538824457488466 -0.295533647320569 0.470916027082245 
1.041712519973733 1.820227645274227 2.146012504436163 -1.936932673676673 -1.244913837210328 0.242435443036478 -0.820555154948730 -1.678960116004413 -2.118503660632248 2.030822539589164 1.449381429962212 0.505335882856897 0.743619524149624 2.076794846223411 1.916521508733684 -1.429542987149641 0.180743912245355 -1.364034267874394 -1.226519148539164 -0.135462264794587 -1.216897149628315 0.073215987736168 
1.164792225685147 1.952274241636182 2.114942293650683 -1.599551957304711 -0.571145551663959 -0.640527036181236 -1.646864124891713 -2.125059553593736 -1.921645364532107 1.103237498341914 -0.063592540963598 -1.231272702215506 2.111110021149158 2.352631071100533 0.832827348828602 1.257235757405833 1.313031983219388 -0.584007089515511 0.355714673273668 -0.535632766454208 -0.258150057302669 -0.407085902977560 
1.280116488907231 2.044910294698713 1.994340830698523 -1.147346286095044 0.158034058663520 -1.400433745489744 -2.083550061930781 -1.934472752559167 -1.012886984363266 -0.313539938062526 -1.525536023520041 -2.144274095287240 1.796765635158530 0.530574833700551 -0.902308858036869 2.107206263284348 0.772893814249714 0.668217847403473 1.133703547914453 -0.195466498940202 0.836844755412991 -0.288964789984554 
1.387397563597861 2.097769520249072 1.792387850485473 -0.617894752006803 0.856428671157938 -1.915606059094115 -2.045890098165660 -1.184049179267230 0.251792350007903 -1.567171575444370 -2.137718665728068 -1.661329854656969 0.173850511182156 -1.569420013561023 -1.621886711782596 0.773987741639894 -0.494900382637236 0.962550004934405 0.447219843454485 0.356193121013445 0.743427736234865 0.196633256825257 
1.486403807525997 2.111252316931410 1.520223838541168 -0.052511683868722 1.445751539505228 -2.110465730865867 -1.558148745902564 -0.107239060909004 1.405558753139537 -2.108949648677883 -1.598376229859094 -0.137782244509863 -1.477253477309462 -2.186421182852664 -0.842729399265727 -1.017178066195435 -1.061423949617664 0.230778417753090 -0.604866844053164 0.461745015158405 -0.165960045817199 0.424619563553550 
1.576957091639914 2.086465919900032 1.191288775103547 0.507002057954589 1.863893083463432 -1.964601529595829 -0.741053999425718 0.982095179760524 2.043513310161509 -1.726773503023707 -0.232209943618796 1.436751309046931 -2.002107225003117 -1.015843265043049 0.578560295395810 -1.590627273284047 -0.501363317930874 -0.614319527465499 -0.852780327326668 0.058071547063259 -0.768988436964557 0.162195763232780 
1.658930107305936 2.025156014732273 0.820621547468305 1.021371555244439 2.070704220797885 -1.512333216279031 0.220380032658521 1.782058138494379 1.960172967567043 -0.614207842766754 1.225228020757954 2.102025322416227 -1.136631627068199 0.829870541367539 1.395624981323932 -0.699165339574063 0.474880909855989 -0.773391778924287 -0.203710040550851 -0.389124690871728 -0.517266464886588 -0.268207732525722 
1.732243599616935 1.929632004443494 0.424152824638121 1.456432390222930 2.050904374895542 -0.833772783305401 1.119960937753385 2.084357066311636 1.207324811755627 0.737732810964924 2.034396380166830 1.502447057792176 0.439584371724681 1.897209554307126 1.017818754481458 0.650520949355872 0.911949790267875 -0.215300160382739 0.563824196311916 -0.434237998681458 0.205032857407662 -0.414019977779533 
1.796863552262923 1.802687998511131 0.018020706451777 1.785147864019458 1.814080801655092 -0.039587612472356 1.774329547115468 1.824177040051477 0.060061619180360 1.763336323420748 1.820395666125097 0.043607755324145 1.656409295956307 1.492002559918429 -0.144578782875206 1.289196036872772 0.484142849820487 0.476437082636326 0.715021852263469 -0.061797193724926 0.658236058339616 -0.148898774031107 
1.852798346890063 1.647521441888858 -0.382065795024612 1.988974861681709 1.392061333079125 0.747616975654773 2.058781511979797 1.088091862947757 -1.088903102156389 2.057043885020468 0.727081135849099 -1.404137213859745 1.765718580963396 0.045897912186393 -1.132081782434545 0.817005585720709 -0.344825771120181 0.703765032798113 0.194885685299335 0.361832084811449 0.473574289498486 0.255783395548728 
1.900095917452497 1.467651131218997 -0.761395120927579 2.058548539113124 0.834187953047396 1.412196017299049 1.928467889836632 0.081939809930503 -1.865053338065284 1.525087229104914 -0.691032689019592 -2.030431233239291 0.763125717260974 -1.340751755674393 -1.209728002771411 -0.249971404642744 -0.830403844281255 0.329662408531687 -0.456875622604253 0.455575820773834 -0.108635239368777 0.423102445388284 
1.938840917785115 1.266836181291843 -1.106738011312085 1.993705374613931 0.201177787096395 1.861845081822927 1.422158039093273 -0.929304755087122 -2.031281898107993 0.402398547539052 -1.758027615048971 -1.523644588809217 -0.681895962093290 -1.723187861907110 -0.371185965813900 -1.025604510747133 -0.588766358225595 -0.290359925909152 -0.661731276162204 0.149209667320479 -0.549762121987420 0.210982451747882 
1.969151918494505 1.048997312997299 -1.406738403855808 1.802905970503202 -0.441673361396392 2.039335474073251 0.649467056624249 -1.691855560864375 -1.554222779224766 -0.858814638460789 -1.994896344039054 -0.200403047873227 -1.679157599701773 -0.914160551445470 0.727297494809528 -0.956829298796599 0.140206597115667 -0.648276249950919 -0.285101316803845 -0.286046905828887 -0.498723603039064 -0.187260641346449 
1.991178647277928 0.818141639583432 -1.652204686408711 1.502151539884124 -1.031206256812671 1.928372209424797 -0.234463958107794 -2.025215359868122 -0.601959425151954 -1.774442382982279 -1.321775903092841 1.206523777134086 -1.651480794116909 0.476659449891223 1.280501960401215 -0.171678902268403 0.742817477107830 -0.482821826542156 0.313581097001753 -0.484028332362826 -0.043139909706667 -0.428923458156537 
2.005099284933741 0.578291935274961 -1.836299964115869 1.113510399936242 -1.512381651367972 1.553301513904320 -1.060896968751114 -1.861624881322364 0.519829449215938 -2.011696737294915 -0.067399340558793 1.956795589434547 -0.644277500092087 1.507724953149236 0.902030189180681 0.697610167570263 0.737456591571103 0.052530238338517 0.625557251746238 -0.283457640685445 0.417971780950655 -0.312209644653346 
2.011117827617124 0.333421182816818 -1.954633874972468 0.663382953746744 -1.843022389921020 0.973274736644635 -1.679497066881361 -1.255426865915108 1.468369643705683 -1.502908557528498 1.199577273492066 1.681880538532618 0.736241101332360 1.526531376342424 -0.131725407493705 1.013172636700896 0.136324584405100 0.537280422738399 0.410582922066436 0.152982432502910 0.519684187743969 0.066537907054029 
2.009461524318015 0.087393017239778 -2.005261792722937 0.180636193224440 -1.996977888664671 0.272166032471282 -1.984543225948726 -0.362840295103831 1.967748607208071 -0.454675281684223 1.929354664933630 0.549389056266095 1.690488133938066 0.555338332220169 -1.093828335396445 0.575788227877312 -0.585635378898326 0.607801760387609 -0.135767389219184 0.476052109464002 0.206809422294399 0.399309288112871 
2.000378397088575 -0.156091485568943 -1.988599945902735 -0.305267162137906 -1.965558949169294 -0.454026332103948 -1.931151187484559 0.600486106255051 1.885581210536193 0.741941129179455 1.823543915322106 -0.849636175998579 1.678129229011326 -0.763901010883504 -1.308763674785021 -0.271146281056613 -0.862941516983085 0.217562401189790 -0.563069704526647 0.425466132109915 -0.252597370011921 0.415108540980509 
1.984134850219922 -0.393540383295023 -1.907267039951021 -0.766032653601796 -1.757267318042789 -1.110414093807925 -1.539526005628583 1.412406030416377 1.262665857927348 1.660110789902248 0.947225826885297 -1.813452078188591 0.708637945558836 -1.594181624521960 -0.607272190102362 -0.911303669010028 -0.467210238346465 -0.340198083522531 -0.529670173102411 0.032035860023173 -0.495428450564639 0.094116231653605 
1.961013373356428 -0.621710655227171 -1.765864405290869 -1.176097079569877 -1.395997635112664 -1.615320466544803 -0.887566517879432 1.894773073375983 0.291284983195072 1.988069618281277 -0.316192707024429 -1.877100505091295 -0.676461621321500 -1.420916495305446 0.556835770827090 -0.891246361720923 0.318461858707332 -0.650186525090470 -0.065636199402112 -0.402871252953357 -0.343947941898173 -0.314732514937457 
1.931310342434654 -0.837641182880008 -1.570707539272757 -1.513917950006387 -0.918008442698157 -1.909808396653828 -0.094123466137404 1.950438344584412 -0.747346360800614 1.629927945778130 -1.437553942408104 -1.026599485278991 -1.707779294702727 -0.354038921579460 1.398744846100640 -0.226762322856733 0.900670739122918 -0.475591268158598 0.456707126625204 -0.534712855938067 0.069787819912737 -0.484790727099279 
1.895333921336897 -1.038679015768854 -1.329522212064443 -1.762940131583735 -0.368037490013776 -1.963667174737443 0.703431040006491 1.579779423753622 -1.565702940406772 0.726180465608825 -1.963609650746263 0.312961802334592 -1.809070713208404 0.951025574074360 1.317835944704337 0.614896676244908 0.811159860807561 0.067230397905393 0.615081037416458 -0.242905551308900 0.416750297149899 -0.267885224564703 
1.853402066250294 -1.222499113562062 -1.051118126589683 -1.912213824481926 0.205027058392120 -1.777427548897732 1.373081802138126 0.874946689391850 -1.948409897579126 -0.406493969939581 -1.695861801170004 1.496293602968833 -0.909981565313835 1.693858579812292 0.309087688212211 1.036532249309385 0.068871533903489 0.582788610350116 0.270353480054623 0.262577752991286 0.427641006915333 0.179242067441981 
1.805840633915403 -1.387117839813014 -0.745052529416067 -1.956660178169333 0.752511443814637 -1.380505070404875 1.809443283430979 -0.005024679413475 -1.805787517483391 -1.389597134323412 -0.758255522734351 1.969750019235256 0.513893576154179 1.410124571626337 -0.998980012130916 0.721815035362487 -0.798502178583575 0.675096086989294 -0.312968729184159 0.585389153705439 0.099351568888372 0.502687499220190 
1.752981594227201 -1.530900552210433 -0.421295236539975 -1.897000677612273 1.229987123360018 -0.826028397742008 1.949202743930933 -0.871356493665532 -1.190369385390711 -1.909388777284399 0.466090775993494 1.526060548253431 1.694183808556349 0.251721461361241 -1.724285345156007 -0.136194129019207 -1.113833296334746 0.243751497212726 -0.660164244654062 0.445647298006501 -0.303359422815717 0.424927730258221 
1.695161347010691 -1.652563690425344 -0.089905340004689 -1.739383102164391 1.600662400561193 -0.183247854234812 1.778764555104248 -1.546173179871101 -0.275180167302572 -1.813685127100243 1.496205532012039 0.386927690700500 1.982699753604701 -1.097298938412121 -1.309187844661857 -0.946897712328219 -0.560006468979803 -0.414908897454682 -0.461432909788634 -0.080376555740054 -0.454483213701784 -0.018975873841976 
1.632719142227168 -1.751171805969896 0.239271528668635 -1.494749857087210 1.837912585712365 0.471385568917083 1.333553017521910 -1.898048329685630 0.697416541838793 -1.150505358725340 1.943575256545944 -0.915670467564425 1.204828581270249 -1.822368653243710 0.068426924514825 -1.115082128941314 0.525657372575083 -0.795537540937711 0.154882969687143 -0.582593169281970 -0.227802336414734 -0.478326789049205 
1.565995602370134 -1.826130009924303 0.556878014888839 -1.178003558457928 1.926818160240138 1.063334138305147 0.689783338208586 -1.865727212313842 1.480830337741259 -0.141454960459398 1.655781347492700 -1.794198183093886 -0.238226595089300 -1.465657077329868 1.541916990580646 -0.465203796406855 1.326024544163207 -0.556062772944373 0.684582005323874 -0.620855104401565 0.191566462029584 -0.550525409661663 
1.495331345376703 -1.877172334919809 0.854286145540093 -0.807029919935440 1.864672484567032 1.528232502406736 -0.049411732319713 -1.466310965140030 1.885844641587283 0.896149740672107 0.761319433284530 -1.872058327539721 -1.579291545805950 -0.211346939090533 2.081117050463123 0.593970980509653 1.127887613469809 0.182815301146513 0.639341941036235 -0.103662722889304 0.446398612608044 -0.129275646441239 
1.421065706005997 -1.904346518422908 1.123800503849353 -0.401639458293557 1.660505520978617 1.818441666102780 -0.770939480614880 -0.787591969745174 1.823818475776599 1.650173806766605 -0.394264538316557 -1.139763441889811 -2.099352439543599 1.208261789344081 1.197096845668808 1.307139886897214 -0.071249195371520 0.859713089949400 -0.012927224531263 0.569380291389506 0.304985063967795 0.452196214608394 
1.343535553315795 -1.907995716208174 1.358820783831143 0.017512315441747 1.333741994242425 1.907317887001409 -1.369013289355888 0.032683474932363 1.322549919356672 1.905515736041423 -1.387993036225351 0.062283895040225 -1.520974010426336 1.942480510739012 -0.639920062335485 1.092161284345667 -1.419119813921443 0.865904220947807 -0.737747402349068 0.781407632027657 -0.120339555350714 0.656046279104215 
1.263074201597967 -1.888737648993792 1.553962472922702 0.429971218441074 0.912167353009835 1.790921220522026 -1.760169629652790 0.835626908715864 0.513288052319822 1.601104844979939 -1.875923179121946 1.212898692746449 -0.159326829533736 1.537708773252728 -2.211446544839574 0.002719560986978 -1.755247237297351 0.070585057079933 -0.829392625659828 0.243471628879698 -0.440586501650848 0.223806434726852 
1.180010411907719 -1.847441672588221 1.705135730430316 0.816449133374877 0.429410661851578 1.487189968738812 -1.894046560185607 1.472046067722827 -0.405683520400376 0.839038819068914 -1.707521454891342 1.842107940337170 1.259177338695399 0.222476399801604 -2.342166147994647 -1.220205383839770 -0.562104239903948 -0.941381611228801 -0.070965355817067 -0.633291843910550 -0.330993305343506 -0.496647661170392 
1.094667481137344 -1.785204243568544 1.809583703497337 1.159667584145442 -0.077830252903675 1.032873635004150 -1.758728533249102 1.829438248440075 -1.218572789323807 -0.152578289750021 -0.962182445962886 1.718524105853382 2.007291831562763 -1.225540722127451 -0.784606827204425 -1.621530092293328 1.399366143474672 -1.224801047303002 0.911559070910407 -0.971942959853262 0.129827353363338 -0.768141766049238 
1.007362415438224 -1.703323229446311 1.865882534563860 1.445050101137055 -0.572598323926792 0.478724099660093 -1.380342192853224 1.850499180934313 -1.742378160097834 -1.089417382782630 0.094302528825335 0.919485183917555 1.751637626998463 -1.958094495443991 1.465075060336286 -0.762675968925263 2.448566483503103 -0.298353396545394 1.072423534705798 -0.253751642389789 0.471300510817975 -0.185642762717592 
0.918405184681618 -1.603271485386424 1.873906154864495 1.661243276470559 -1.020316666494806 -0.116422024923249 -0.817418683751980 1.540463066686098 -1.866553624143078 -1.712397234712025 1.107634467368313 -0.225382663131216 0.694964196313499 -1.576250427832467 2.781214386386460 0.826162492411117 1.341771675164799 1.192330246809214 -0.007874174368525 0.939861989842498 0.281751172914649 0.726239697982620 
0.828098054566116 -1.486670089678435 1.834759623890395 1.800456253820526 -1.391084290526041 -0.691982553084177 -0.151209417442444 0.962843241239892 -1.573962208401072 -1.858222779808821 1.750017821908517 -1.273424748279644 -0.602107311644495 -0.349194045902731 2.130077502529508 1.916314453279867 -1.341866190113384 1.742405047980637 -1.378087852991213 1.203495553957125 -0.277535402624820 0.843351883259452 
0.736734992924183 -1.355261598101102 1.750685266943907 1.858617682833413 -1.661494720468477 -1.191723896581446 0.526419047166240 0.225253348800416 -0.939825313267426 -1.500010974703301 1.819377558944128 -1.830398382418882 -1.564848135043460 1.003183639247786 -0.033474847863568 1.518715393106820 -3.214417337994348 0.363669259634632 -1.338056705931212 -0.171849098191531 -0.515875134954066 -0.236857075887273 
0.644601146749352 -1.210883643784401 1.624946188642955 1.835357527163128 -1.815889546426815 -1.569028836008052 1.125710315868277 -0.541426645561929 -0.110506587312374 -0.747638785435803 1.300087509294921 -1.687463898681694 -1.855914659013185 1.779429421255060 -2.066199884796484 -0.187786835328983 -2.090185564740903 -1.940551883092254 0.604306790514931 -1.762705497659412 -0.016748947345320 -1.211485775508330 
0.551972386456358 -1.055443174801738 1.461691910016598 1.733828270583589 -1.847005726694263 -1.790889981930200 1.570642739162378 -1.206459976944249 0.731680948450097 0.190080458927941 0.368998915534319 -0.901864160708399 -1.404831526389712 1.659414516400588 -2.544595440180314 -1.827827158548590 1.431972981554720 -2.449025656600520 2.355063935390008 -0.975469527985692 0.590458773290770 -0.313527255672619 
0.459114913896691 -0.890891587091931 1.265810904186971 1.560385831707154 -1.756020257104354 -1.840344331167168 1.808027168909798 -1.661150081819108 1.408878988233742 1.066536305528442 -0.663975582187105 0.214298488220001 -0.344453598299184 0.753620566558701 -1.466361647649530 -1.976455103020988 3.797475310551491 0.356955856338435 1.016615512125674 2.081314946138394 0.224341615069974 1.542932062059161 
0.366284930679012 -0.719200975918454 1.042774706253059 1.324154775811489 -1.552035787917981 -1.717238320126127 1.813102621103504 -1.835763843460525 1.784335398891111 1.660724536000829 -1.470630545356922 1.225541245653545 0.943602198218765 -0.530307978172715 0.140079229418600 -0.552041382213079 2.221875253131615 3.623395612095730 -2.575778915117052 2.387145114848140 -0.723895993569587 0.535702667337213 
0.273728363385855 -0.542341695358536 0.798478064017547 1.036505182939539 -1.251083762718779 -1.437379638074396 1.591190905367684 -1.709024901520627 1.788335060050384 1.827993974843082 -1.821349622508481 1.776155747857374 1.811510079543384 -1.585711547981080 1.619046386327002 1.120126519613211 -1.363381317232505 2.137872177020746 -2.796726691687334 -3.095766168858161 -0.190742521306263 -2.601921541276466 
0.181680642332803 -0.362261382647742 0.539079295536728 0.710469844850159 -0.874746282465262 -1.030276773816648 1.175511448227116 -1.309015912137371 1.429370799348381 1.535102004768106 -1.630179045108604 1.705857585133949 1.803664643177566 -1.823247611284990 2.546139913853279 1.866347251840940 -2.958656101018998 -3.061863355813737 2.082481341382941 -3.891173079268960 1.192430224523943 1.509367757519693 
0.090366530582338 -0.180865572896931 0.270844645209231 0.360130427123774 -0.448513509793883 -0.535778785249656 0.621711729784118 -0.706093506280145 0.788758354313024 0.869639182710114 -0.947078699161146 1.024684230513697 1.158903757295271 -1.181284125943631 1.658521944926609 1.513463289833145 -2.726465387067178 -3.324293468205082 3.249506516452133 7.516929046519932 -1.015043122376964 2.202718732297370 
0.000000000000000 0.000000000000000 0.000000000000000 0.000000000000000 0.000000000000000 0.000000000000000 0.000000000000000 0.000000000000000 0.000000000000000 0.000000000000000 0.000000000000000 0.000000000000000 0.000000000000000 0.000000000000000 0.000000000000000 0.000000000000000 0.000000000000000 0.000000000000000 0.000000000000000 0.000000000000000 0.000000000000000 0.000000000000000 
******************************************
ASBF PLOT NODES
53 1
1.000000000000000 
1.009615384615385 
1.019230769230769 
1.028846153846154 
1.038461538461539 
1.048076923076923 
1.057692307692308 
1.067307692307692 
1.076923076923077 
1.086538461538461 
1.096153846153846 
1.105769230769231 
1.115384615384615 
1.125000000000000 
1.134615384615385 
1.144230769230769 
1.153846153846154 
1.163461538461539 
1.173076923076923 
1.182692307692308 
1.192307692307692 
1.201923076923077 
1.211538461538461 
1.221153846153846 
1.230769230769231 
1.240384615384615 
1.250000000000000 
1.259615384615385 
1.269230769230769 
1.278846153846154 
1.288461538461538 
1.298076923076923 
1.307692307692308 
1.317307692307692 
1.326923076923077 
1.336538461538462 
1.346153846153846 
1.355769230769231 
1.365384615384615 
1.375000000000000 
1.384615384615385 
1.394230769230769 
1.403846153846154 
1.413461538461538 
1.423076923076923 
1.432692307692308 
1.442307692307692 
1.451923076923077 
1.461538461538462 
1.471153846153846 
1.480769230769231 
1.490384615384615 
1.500000000000000 
******************************************
ASBF GLL DERIVATIVE VANDERMONDE
22 22
17.249905059218264 34.436097394950593 51.637544114003909 -68.842417224289591 -86.048625413387143 103.255537606986650 120.462333056609140 137.645304303799321 154.668833703850993 -172.317086141416979 -196.707988325510001 -220.767167135891356 184.097795132826576 147.580749665578935 286.054118185272443 -936.609125641511241 -526.303757985342713 99.928175196900526 92.589971319547431 -923.099962811579871 -10968.654437380218951 1903.248806599714499 
17.105885169553186 34.100439279569692 51.013968505603849 -67.786845801623542 -84.369327280889792 100.713362124021870 116.771896046556321 132.507293114436152 147.923409962117660 -162.659833125124635 -174.568441680174317 -186.722207548482515 226.106107258001998 296.054638343250531 215.396806009574220 -284.295022774420431 -240.947626713409818 947.384620853342767 1177.215514586564495 -94.354386618464559 1784.915739766802290 -462.490269154347516 
16.715291304751752 32.849385440126184 47.969070736675214 -61.570388237860342 -73.185152843082960 82.381025828792104 88.767994349398180 91.999585465540633 91.762062694166332 -88.059557692881185 -82.174829635498668 -71.358080947855797 40.639615123513636 8.513976901312844 18.114915138978176 -11.089351145390083 108.929507326369730 -838.008563044229732 -1132.720463003806799 268.442060673232504 55.143533076153602 162.494634830667849 
15.972522453782359 29.746933426922840 39.417725369094100 -43.297892018130838 -40.142999941404867 29.245048497265202 10.499943192450019 -15.558903586116173 -47.764805324223119 84.570070221086212 124.649136148053969 162.985206841982119 -192.118948343210889 -248.938294977446731 -272.370017410126707 492.747341955616093 194.107472685706682 285.345865902124842 516.397768000082237 -162.232873982503918 -25.302268735987582 -108.188273631030029 
14.757307959824011 23.821666118738996 22.793050947757571 -9.311465852274651 16.258361719513175 -50.721395843484061 -88.452651266307697 -122.261307730652575 -144.585716368166885 148.708066168403178 130.160594263746418 90.214395574243724 -31.105385596733868 69.965583468213140 188.966785007718869 -450.598979028826648 -216.677003435614978 -90.390818861523258 -255.852525351489930 96.706344989139865 -46.194895299505674 81.862984596450588 
12.984575418769698 14.678006392625282 -0.997541157043230 31.944568732901729 67.807079158932908 -93.306001075615882 -93.850850088395021 -61.524053792971131 0.709000755408823 -78.205308050837118 -148.558204855472042 -189.554606904457131 178.649939057876452 91.645594237950149 -76.608401977966395 302.367281671635794 158.294655116838697 49.159768769953189 163.034238338617683 -60.531118892949792 73.493803460545109 -61.438547805939322 
10.647212061443987 3.040717739083444 -25.570675983019044 58.003531942405630 67.058650339724593 -34.480330634558555 33.225269291205223 103.275426938117278 132.493984875470545 -92.869519002089930 8.728644186151399 128.602772075462724 -194.425505241141536 -144.804717412313437 24.487497256551094 -202.657072321398402 -105.925016796120829 -44.532879975480881 -119.161948663248211 36.325423053249921 -78.818626939682304 43.225537716208407 
7.837088733156706 -9.133729720999732 -40.823227279811263 47.595150706705454 3.469195237390966 66.447330491465493 97.795087271718018 45.262991493055679 -64.815325556398676 142.776496077569419 107.594692387244663 -33.635413341136882 161.237356912594066 145.154711056860492 -11.317604909175742 147.443036233239326 67.459606088871325 46.904208228010930 89.542270117930684 -17.197951779990859 74.179522978888599 -26.115338501386191 
4.735850817099280 -19.200839233975152 -38.889598696685205 4.340708699093897 -60.429152949392403 65.599258547706100 -22.391206908353652 -108.257002914097285 -70.007934282885898 -72.185538551265722 -148.529299040330642 -42.304617170486360 -124.500837742063780 -132.697224722208034 14.869288628707416 -116.220378636916408 -37.400967764182809 -50.370808988196586 -64.627332451143417 0.430022542096324 -64.739058722813922 9.654742744244118 
1.578540487310446 -24.841752419969914 -20.210516546925323 -39.262619412096697 -52.345049834392043 -35.240069416180326 -88.703064621199459 9.082611260402174 117.833577637515859 -37.551980867021626 127.008723986779970 94.724583857129332 94.205513173818673 122.507506862724739 -25.084686695037359 97.258393897312345 11.183592777070098 54.059803681245128 41.352664740669155 15.176977661561949 52.794194434892461 6.345448518875543 
-1.396522723369697 -25.001907350718628 5.835417394565393 -49.418861471337905 14.608962030703690 -72.673126288774199 27.596273686546567 94.206359038617492 -44.566368553505789 113.609849772940507 -63.593077242684352 -128.940530142670553 -66.803818294325865 -119.274366019508648 38.202742299843621 -85.439547309773872 14.196563345828098 -58.134658041997746 -18.383172314043456 -30.215313664200131 -39.413202452109289 -21.920305072034409 
-3.994343169604711 -20.229254605598122 26.784160029259287 -21.894865648630869 58.990617838403487 4.611115614920845 79.714202167947960 -54.591600380923111 -69.809446113370882 -109.721302601833287 -22.654960701807077 144.035621638930905 34.324652811993651 124.763139043158574 -52.242119061566754 79.269146714035770 -41.174631721423303 63.093950470569638 -5.228400199740125 45.015384130679379 25.081260296995339 36.971776560014860 
-6.092965438992088 -12.284032867127594 34.537825127761259 17.958092235455055 36.623432763711392 67.914844379548086 -22.790503787158837 -66.161932328650238 98.995716847594437 20.484804845697987 101.379615080997525 -127.894072753267395 12.521118401266548 -138.968377440902145 63.753351523290434 -79.831358523089861 72.452288811178974 -69.887906413382439 30.634175525281332 -59.807229954504308 -9.951527071586582 -51.232257853716817 
-7.651368976982736 -3.330475497058131 28.712067113539675 41.691894963322376 -18.421660122357089 34.333479265336834 -76.837692463341625 66.259391543673871 3.617652512228169 87.791458516019276 -120.093434342601370 62.082882737872765 -77.644050471832003 155.801558528888449 -63.432611614988318 91.059559716623411 -111.353106739236679 80.614307045204527 -59.837099864852519 74.861723553171828 -6.090193327319213 64.149428506978666 
-8.698776901944356 4.823052423655563 14.610347500928210 39.360543958195272 -51.316269914249688 -35.856349558276847 -7.309748599605797 60.670792202820692 -95.896324075874233 -88.469551890250614 33.806841945678343 48.727688869128173 140.023339643341785 -152.497311651782809 30.449744268564288 -119.558473420237704 159.947684745124462 -100.497850935084443 96.979365737403597 -90.822052213590183 23.507297054517906 -74.609619531643830 
-9.313217299015966 11.128033001716137 -1.172144704545602 19.357677699078735 -43.793954097556991 -62.080610487171370 64.369718673901119 -44.935951967136276 5.022339444583082 -46.562005821533006 94.675410796493210 -122.621511674747225 -130.717570095738751 84.489939801355249 61.999368452509714 166.986146745311231 -208.078208719235761 142.919547215719575 -151.037482046732947 109.996652377039851 -43.445393478556440 80.271518784156683 
-9.597606546456550 15.309236473454849 -14.045094876562430 -4.372299049222647 -13.131733618369090 -35.854988397928878 59.536373801004871 -79.001685506303033 89.125756187710010 85.927615428797324 -67.242369046265125 32.568107808115741 -12.159354441290859 61.118293200352767 -188.300565239402687 -198.811458829731237 200.933894316764224 -237.415112638758018 238.540244003930354 -142.236978572595376 68.766701534397811 -75.887092727360141 
-9.659275987342145 17.636892411582796 -22.334858006542689 -22.533549193604209 17.463782973975938 6.900741188500092 8.790911518805459 -28.661890522936176 51.248094557990655 74.644286423068408 -96.430272537882232 115.666771048166339 135.060954656314124 -128.850501319660054 164.926504917513284 108.148282308461887 -20.530557270327790 411.984487000741638 -365.166561739619965 231.848096540616780 -107.375428051484789 49.160160900834398 
-9.595664753339816 18.639694164248482 -26.516408241169994 -32.701060296454060 36.722983342395210 38.185538895251781 -36.781371807348918 32.301960884769983 -24.668582595697842 -13.943219556801893 -0.487777743982662 16.766804981261657 32.507598935230931 -61.475584741586204 133.472706223560408 119.737795615056314 -274.017548628133454 -526.232707278182716 404.366728982007885 -552.098430675634518 181.271711118179240 23.251176787639452 
-9.486255204964850 18.876625883727407 -27.993657533386369 -36.712246923394105 44.906420074960550 52.453467823641702 -59.235356995792927 65.144215931903148 -70.050745924509215 -73.758667455200396 77.460077895532265 -79.103692242703971 -72.599340053210767 77.501922908797212 -127.576163000241763 -49.868054003878910 30.679118587978337 92.884833440496777 7.763654525390393 1408.928014453415017 -314.819284662640598 -57.063176611233189 
-9.389299280069485 18.803879147273140 -28.187423352004753 -37.533292895815698 46.830950960515821 56.069074599213749 -65.236385128585866 74.314825311078607 -83.328472686686368 -92.448787278320992 99.747776026357428 -107.782867117990975 -137.132417213067129 130.920079834768046 -135.558020039364294 -184.035121644141896 399.173038028806900 248.501588159541598 -255.186302683778194 -1559.204452617821516 216.046185718384550 -1811.054453208540508 
-9.341709648884223 18.720354510437474 -28.091694223226039 -37.460887692936964 46.829192961233673 56.197039356032306 -65.563929234578183 74.947104896700523 -84.255039851161683 -92.991328028262330 106.399290185896788 -118.133118826080917 -90.696558556649705 124.148789177809576 -327.032709976910098 -124.578657740568786 48.770157914638929 855.781781175674269 -829.379925549096811 -34.538223257263752 501.045169024891038 11154.269150443369654 
******************************************
ASBF QUADRATURE DERIVATIVE VANDERMONDE
26 22
17.213920847884172 34.360989876522225 51.516742788309855 -68.666107093920971 -85.803726388689682 102.925667038992714 120.028273734718709 137.104554481661211 154.134861495795519 -171.253537011569279 -189.387280633490775 -206.954146193266865 219.094558835296169 258.919147202762076 268.423400911586668 -563.514334755905111 -355.263378308160100 730.336846725094347 1003.494820759725826 -708.777043405879340 -5527.721132857259363 792.411914209038514 
17.049891453041194 33.947610406985120 50.682404830324927 -67.154211506688100 -83.273372617766228 98.952656871134934 114.106660017987338 128.656668902641428 142.544929417412732 -155.491780410026536 -166.399671063982055 -177.546772149455023 203.710913243378172 248.993825718211156 190.481448513141572 -307.641373645607246 -240.200514852301922 636.490535591239677 681.103861878440512 129.253171698767346 2708.818510121371219 -517.940724836274512 
16.714768143852950 32.847470208540685 47.964052833863391 -61.559777041691348 -73.165765519997365 82.349101620152766 88.719332944758520 91.929719285032206 91.666517969302220 -87.933575429464668 -82.009634562708811 -71.146843313801241 40.418126166487696 8.290807179670878 17.790678512184058 -10.003807528234120 109.694668577544689 -838.464994631681520 -1132.647224777173733 267.829738572893916 51.102363759201609 162.945173145491736 
16.149491956245960 30.541094067780776 41.651309271651883 -48.061604065612798 -48.638479315566542 42.596184142586765 29.549580605031736 9.553542765218197 -16.865709515799040 49.008824189161260 87.128730238488231 127.037114151372748 -153.394166053023355 -200.252417123529597 -261.434028439900658 619.923786734790269 335.768008321815728 29.891663235761598 285.040044272514706 -185.106334262300180 -407.353781786378931 -49.156318483680366 
15.288546066638819 26.485825503605895 30.212230626259199 -24.091815355921483 -7.223626825638746 -19.627112123315669 -54.037559144966366 -92.150960522324652 -129.106428792620449 159.328984763597191 176.232818894605828 177.690437417898352 -179.671359328075994 -175.707310226930929 -25.621088269079110 -304.500641145853649 -277.113148522698452 266.213911976273153 134.723867486352901 81.402100772541985 318.033141600482850 4.933266616570450 
14.077315730865216 20.330677624065146 13.353656839134786 8.328453905610232 41.441745013270918 -78.453812216675772 -109.197200530047269 -123.290587939584555 -112.809221871411182 74.835974950388078 13.940177284525618 -62.159517419774573 161.663816481614106 278.724365689743252 218.768493495179655 -104.480426837992411 72.561953894744931 -227.608661074188319 -199.295525418790845 -22.269639352719942 -215.282560631646220 17.371539549722115 
12.488747915334335 12.136059588144079 -6.995384160883845 40.354095537341664 73.794527343957242 -89.170900876866654 -72.417830466394832 -20.847653208615000 53.508605568551374 -126.513388445936769 -170.984059137632698 -164.216840580946240 80.401485716219810 -75.642859361049659 -170.849026436806980 238.367152958282645 49.811107693992057 132.177248016350262 164.521286361612908 -10.053770222938681 140.703325888120617 -30.312144691293440 
10.535354218434795 2.511789227312061 -26.490703921613971 58.395629134221153 65.419087589602228 -30.010194459721490 39.205188390462261 107.102995098901090 129.902820484776612 -82.039454377333001 24.800867758665248 141.480646567009870 -191.435978719639877 -120.657261154800949 45.334465885655050 -203.813879560418599 -92.862330012244129 -57.860414706385228 -120.612984525504473 28.683802088964462 -88.053285042595803 38.059575522232933 
8.273450246562245 -7.411707204476830 -39.541507034695414 51.651520707865878 14.978238234314137 55.049645667230330 101.232607431175879 71.042307227106093 -30.443692360470180 131.112793690409347 142.419394648281354 33.060056479412822 125.130645319047971 189.025022101523291 53.055347365424794 125.467224164140788 98.240649630130434 8.744986302808250 85.053222437087072 -39.612826489183078 49.991421004927702 -42.292317041120896 
5.798388850903745 -16.209501082903891 -41.643305392780746 20.955889476796500 -44.457155248389704 82.229594445996923 28.897053609856464 -78.313766682457128 -120.730340625963251 29.127360522741355 -117.670628672977784 -153.247280444827567 8.594621039240621 -156.759686539181075 -104.708403298336435 -53.807462848823775 -89.801701930149108 22.835246858099225 -57.760031773479270 45.491466730068872 -21.779548488601108 43.753439944740620 
3.231908824061998 -22.526858205367464 -31.718882466153531 -18.762289119447999 -67.323840031467611 21.291324578275272 -79.108884876110480 -83.469179593939600 44.581137240100219 -134.261967981942576 -34.172647655644354 135.892159701792878 -114.235381086645859 76.966491158167813 119.356254366489182 -1.118886260085176 76.459048894653080 -42.877917689298812 36.140119821579042 -47.503214710559035 0.526523767341132 -42.755326395604840 
0.704750237107127 -25.450079917255056 -13.001690871307069 -46.440247624077898 -36.196727702690055 -58.942808217976690 -67.529014569029272 59.756141274945335 103.162149773854722 46.649843751075835 136.982749797068095 -18.524202744715200 147.208729832318085 13.660037483953310 -107.064272678961856 41.537638001369629 -60.161889387676766 54.784650562705281 -17.933607535286018 46.114099386064623 15.557401284036104 39.366615708611988 
-1.661330675591150 -24.740555102719142 8.217353948040849 -48.189531863226719 21.067366547594549 -69.092303229833831 39.779771574365022 86.272393712501795 -63.673107766719582 98.827568658095387 -90.229614501991946 -105.434086988514792 -100.061943007256829 -92.270441276856644 71.689607943426935 -70.791101854208392 39.833691384795735 -60.128381418509733 1.393866979821596 -41.357274148516382 -27.604082054466289 -33.480570881305823 
-3.768332491478165 -20.850771905318133 25.294749592365310 -25.547935942723225 57.606215512845509 -4.572174986660180 83.245099369348537 -40.605396133349196 -84.595379540812772 -97.113231932904085 -52.424526739298074 142.968279021020635 -6.325732633723849 138.610788850628552 -12.836339836892478 89.708117628989413 -12.639864212649893 59.136912930333445 14.969618826586146 32.911026641418431 36.332638538624963 24.826465587144071 
-5.551091652042270 -14.737939019195698 33.838763453867159 7.272496580195662 48.876190423623314 59.216805044162413 11.375967024297950 -89.681701372507248 68.850240557154095 -48.729295628668481 129.734101236082921 -56.160081404202813 118.884106500193639 -129.534242426177116 -67.670407892275634 -94.725884187205423 -25.633646333963775 -50.690598726181832 -32.675770174167027 -20.050281587870430 -42.179660743811155 -12.941144907100750 
-6.979961159895543 -7.568177351609075 32.910888904150987 33.621813644471324 7.798090562244983 60.879557085433461 -68.806577236149849 7.184729221125018 79.344709270933834 108.108313775398059 -37.425270312605569 -86.396084985433589 -156.317229134202961 48.696395129413915 153.180606807452705 76.264656902960212 79.253827555213888 31.813546325234938 53.506345283613953 1.468819004455888 45.356189250241925 -2.902703663801560 
-8.057920790848501 -0.426829705777941 24.545804501216097 43.673160164007939 -33.867715758666350 9.706604105585694 -62.932522536340912 85.873146791574669 -51.873672058339700 28.035715150513454 -105.673207592935242 126.901851547228517 59.329294201048832 80.704770849511036 -195.788294009897527 -20.269143721760912 -146.692445215011332 3.246623263253568 -79.462007520625207 25.087730551690413 -45.840857615454269 23.832681553264933 
-8.813906785011817 5.879871831541674 12.254506874568776 37.190113077197410 -52.593094469662667 -43.544168618109197 6.400056778326395 46.509123760611686 -90.667884947350672 -100.558828134910641 63.797593421803427 9.697571009879084 105.361679568618172 -160.558493694059337 121.035852573089286 -77.129105379084407 204.260843652312616 -63.103788656044003 111.375623087752828 -63.461776480259900 43.280226243260046 -51.623766976651041 
-9.294410425773885 10.901525663874644 -0.532561238815298 20.384288483035455 -44.777042343312289 -62.218497709814088 62.774933446161697 -41.097098873749474 -0.745124605837503 -52.898618738734768 99.170374604440752 -122.981216466379223 -126.061414638992005 71.360951993059260 89.174550197013502 170.897669552039417 -181.091603528395666 152.360132097653974 -142.553178586942153 119.795746212243216 -36.682663132273859 89.143616057029476 
-9.555113009528597 14.516849111670519 -11.437723154997204 0.880547228208172 -20.982797566482617 -44.907148831064617 66.936977711013697 -80.812980999827886 81.189705402759216 65.079221432315038 -31.569857968908579 -14.894386529071795 -60.639920702602780 113.139959562045988 -247.788071525013095 -140.306975969493038 -22.796345894815033 -240.447866437241828 139.645250322025561 -200.865003741775638 23.543022215995933 -141.111207251280121 
-9.653752460345613 16.846439096071634 -19.388103935220684 -15.815748245470175 5.569749126305652 -10.879929028171091 32.037948403288411 -55.522962161492643 78.293608376241195 96.920008473209492 -109.487823009769699 111.875632070264714 94.384600857315775 -73.412891674163760 75.143647526873110 -76.679004737215678 348.043259658412580 196.086935004276199 -14.251366985550931 296.094649452243232 2.692732585280652 214.926463794056872 
-9.644793862219167 18.148695677434326 -24.365471847207701 -27.356473308918709 26.401167410109629 21.054241615447893 -11.183963772841864 -3.003521962498581 20.996396183493403 42.065747784467959 -63.796822703778474 86.669937440360371 125.181161321202438 -133.817633766141284 164.703338440034116 188.978325954062882 -340.411978692066498 173.787268593348472 -315.411689988129638 -293.472378380327655 -59.073268740530665 -317.289351406117930 
-9.575962479682985 18.729144551861413 -26.965248550347212 -33.865359142711100 39.042391029892990 42.154964003219447 -42.917787652647434 41.105557281421568 -36.593735444116817 -29.422190536368049 18.266724855277630 -5.178985458532566 0.438103080119220 -28.285700917399367 107.647852068807708 80.948817282774598 -171.066570717354239 -592.036454819297660 550.281084866885408 -198.339042188477833 177.279512488559277 408.142222889311597 
-9.486361563552073 18.876608175257708 -27.993057269300014 -36.710385469802766 44.902409251846386 52.446223944307107 -59.223618641190342 65.126552823079550 -70.025644413794112 -73.724895440805341 77.412873385192370 -79.040913542353167 -72.548395283141360 77.424793873041267 -127.321710912862386 -49.719895399492202 30.559019198158353 91.946826759972737 8.837749597351831 1409.280722735985364 -314.373164314206747 -52.974027439595091 
-9.405735767065227 18.826576148373352 -28.195892734776976 -37.496870670112990 46.708851280370084 55.810468561428991 -64.780375961598850 73.593700037878250 -82.250065552325367 -90.812858054657084 98.263013341745392 -106.267616808217753 -126.937403151682844 123.569007735288608 -153.072770663597623 -169.742161163354353 325.156447827227566 279.064416487508197 -291.943416965393226 -990.773669430440350 8.451116643958812 -2748.573995770228066 
-9.354403337065492 18.744997887812591 -28.126687952162928 -37.503844958500004 46.876933509676014 56.245596483505928 -65.609144210950475 74.969273010302260 -84.310836310354631 -93.579703977950359 103.541942809989308 -113.005349910431789 -122.112482156593401 133.411051168010829 -209.903983828934315 -161.783126336055943 288.756909247989825 508.409275467891348 -479.499795318823089 -1198.645543440074107 536.434507059766020 5620.720810057347990 
******************************************
ASBF PLOT DERIVATIVE VANDERMONDE
53 22
17.249905059218264 34.436097394950593 51.637544114003909 -68.842417224289591 -86.048625413387143 103.255537606986650 120.462333056609140 137.645304303799321 154.668833703850993 -172.317086141416979 -196.707988325510001 -220.767167135891356 184.097795132826576 147.580749665578935 286.054118185272443 -936.609125641511241 -526.303757985342713 99.928175196900526 92.589971319547431 -923.099962811579871 -10968.654437380218951 1903.248806599714499 
16.875670886140515 33.410147610122586 49.404800214027617 -64.576991944749480 -78.661223284927885 91.403420220218607 102.562130657284911 111.904461995859890 119.181481649762759 -124.406500982099828 -129.241080882320603 -131.877155482222861 114.513085463742868 95.572520875633359 109.932748786005277 -282.711472526040779 -121.442347780829550 -416.966007263711163 -751.897202416023902 384.001710064506938 1664.311628537002889 -109.796089801275855 
16.421200054197200 31.701567527050621 44.876948219491844 -54.972898687979040 -61.137198223181414 62.664026867491629 59.020786975013721 49.873840842310699 35.124741685461402 -14.768330841791681 12.063817348167277 44.501994682448640 -70.684890008028447 -101.653268059896163 -160.992499970135100 520.124927327941123 393.106381446121475 -536.390722780577107 -449.783519324191047 -68.819445121915322 -871.285270850005418 126.457050777537575 
15.893633150802216 29.384923682143615 38.396041881136966 -41.129196802392357 -36.313506602052826 23.313439926738681 2.200610238648096 -26.220760922198053 -60.442405510461299 98.468641009111764 138.144993895049197 174.410271540257213 -204.299220427853811 -262.915568584924301 -263.652026021264419 405.826299463893406 121.240976728127521 357.451714052816385 554.899620662395250 -137.151432051035783 112.686111709072975 -116.903937424070136 
15.300045937890788 26.542522574464154 30.371584895496412 -24.416882700910037 -7.760107522583183 -18.874242410572350 -53.123051177026582 -91.199485933589244 -128.310881628593563 158.937166038093380 176.512798996236342 178.836534374846849 -181.942891566177366 -180.146696011960501 -31.305129612086205 -295.203767059725067 -274.371850928317656 274.089009675984926 146.669295201659679 78.922584049711418 324.341711727357506 1.903015292891155 
14.647406579582888 23.261909929849125 21.255231438690217 -6.342181699507961 20.737491281300862 -56.165369350477334 -93.581254788443275 -125.142309697280027 -142.927688944525414 140.400109609976084 114.179954257964908 66.325084689995549 4.408010229411559 118.969775686688877 214.025136436277251 -420.489168717561597 -173.044853551272354 -142.119325323851399 -284.395963402578047 81.452158436856934 -106.598248269866076 80.605255017873731 
13.942538260585179 19.633518416875312 11.516182813113701 11.586743612099966 45.668318447917656 -82.237073284565497 -110.297476773381391 -119.169832554827167 -101.470558375332160 55.792973240735677 -11.053062362270026 -89.565405626987427 186.149069361629643 287.553309011978001 193.980539136590096 -19.807362979451113 117.301253740003858 -209.897206922729822 -145.690280544988582 -42.683966078083628 -196.869283988735560 -2.166792113349288 
13.192086849035464 15.748499682800002 1.618355839698246 27.979299031430315 64.201195239410723 -93.158321206894300 -100.591670450511387 -77.181321593534179 -22.734982574033111 -52.113312846713399 -127.931409645696903 -184.561866569043588 205.208173227074724 159.928978218118971 -19.257660653848973 285.752345742356738 186.616660162818960 -5.909257590771404 127.132937405338552 -74.130196889120015 19.631843410850706 -63.809202429853656 
12.402493257820865 11.696767265536423 -7.999833289949834 41.660340347546253 74.465957289281860 -87.858077366627114 -68.070045818182081 -13.584717563709731 61.834508305505125 -132.526371566313941 -170.927235988400753 -155.064920076563197 60.447545016462385 -101.649377919678273 -179.569075057404206 216.166152434119226 28.926065302442524 138.462338496586199 154.684058342959162 -0.636694782497983 142.838566549157349 -22.753171588200132 
11.579970162325516 7.565268399688975 -16.942462903133539 51.741369788598540 75.691730741683955 -68.061644050448777 -21.270823835542970 51.830446897979996 120.750152400755951 -150.294534683789379 -118.488379158244726 -24.275510521093537 -118.348147486866111 -241.942748913071028 -149.490030955119892 -43.779955477031635 -121.489240387785301 94.712862142628680 -3.855007186012728 60.312222013074887 59.791111066610483 42.057098683197836 
10.730482739429961 3.436495058464558 -24.869500282069843 57.662744227214759 68.202859837118339 -37.768325607272942 28.660455532102070 100.072504766498000 133.895173789901349 -100.521098661750273 -3.382386319341094 117.980813947506164 -195.003166883433465 -161.670606845217179 8.360140584868361 -199.297051459696718 -114.533030441866799 -33.676806878184379 -116.295856334025714 41.617384015706222 -70.538193171827970 46.501257163962293 
9.859733101822410 -0.612762192226072 -31.506432028078891 59.207116282111613 53.289609657811951 -2.409710252996980 70.639094126093227 118.296596181299279 98.820149375980321 -8.369624099562472 109.520098185211538 180.484922797952038 -126.975652595575951 38.408614138570243 136.914175974371233 -141.641431418274237 4.165590033129476 -100.490375439586927 -80.084203040492028 -20.533066494579124 -96.504496299004927 -3.363901873993143 
8.973148112793776 -4.512419789709497 -36.650154146526219 56.486462217053948 32.982867080395607 32.138527442823289 96.032403111217562 102.905157493593833 30.209403823267607 84.302356900047585 161.125024498610458 129.287578407101165 22.439421429816193 183.633283644029518 135.080811863934741 26.137840222500245 98.162992001102566 -60.215137602259276 29.554013296090904 -54.224470343680977 -18.841650414149285 -44.724523701746534 
8.075870279244075 -8.199873404817311 -40.171305172879215 49.906692718737730 9.769060162347845 60.517518354636145 100.293261838823241 59.787701007564536 -46.582213202521345 138.186813626108403 128.517480091231448 2.648247716912863 144.714729188623664 172.968393377880915 24.016388719810507 139.638522272675061 86.630995011276966 27.286196540529083 90.087083307338048 -30.273248008094157 63.302504606782236 -36.048361360929277 
7.172751434252937 -11.620548028075447 -42.013353772428630 40.114950164385263 -13.716560854711698 78.671758849817522 83.577617902890097 1.953875196901592 -105.047718899761151 132.778878762951393 33.012499678935619 -119.752880067381142 163.231445326077164 36.355722530230395 -94.566046758810572 119.049115709638627 -1.617238586209830 77.479959862293271 55.607672810773217 21.027020089014911 72.679931789984494 8.019605737260747 
6.268348934943864 -14.728240334076673 -42.188848296963776 27.935272758882007 -34.982693662147383 84.360132069058480 50.332062234373893 -54.511856884277549 -126.528316168404331 73.240782441809188 -74.821028288766698 -167.603878295896408 76.117681573383209 -112.231786551352712 -129.075280276703353 6.648060895677268 -78.290167751864900 55.126297818566201 -24.881755269053443 49.349102308230073 14.775277900686206 41.821600203840092 
5.366924116227015 -17.485270170435896 -40.773300684258565 14.298394425088189 -51.931263244024166 77.344981354440250 8.050293822966175 -94.917140028201288 -105.748688458290346 -13.802180231288347 -142.434251979293322 -118.660839750098745 -53.303864390096237 -167.893028099567971 -62.632390865380501 -94.817638640251090 -79.975057022316051 -10.245837623232873 -72.830897528007341 31.526241836223150 -48.368740500060028 35.147844439965951 
4.472442756107512 -19.862459733651448 -37.897212977698381 0.171120267367288 -63.042003186397011 59.266867159296865 -34.460349149491826 -109.642944002897266 -51.461738924131346 -92.564858217425268 -140.227114514337813 -5.974986069292470 -142.762002724014252 -103.020522242290141 46.439254462490311 -110.394120601121088 -13.883365194739305 -60.726305010419367 -51.772588115329981 -13.289743129537534 -62.437211215433990 -2.992798207495952 
3.588577323402684 -21.838960075172164 -33.736764659678101 -13.509940722873301 -67.480514336958862 33.257956237794176 -68.906689051044367 -96.185621418303484 17.458595893125512 -132.774615847884093 -73.034549012208601 105.490299512223544 -141.364832355128812 26.767951739308348 115.601495979769496 -40.705133050149676 59.477213067924026 -58.660227552172550 11.566538514569796 -45.241189959168047 -22.759793345244134 -37.401295039313624 
2.718710793759439 -23.401945102497780 -28.503666566937426 -25.896394678250239 -65.127265722334215 3.378264384175246 -89.066905691945664 -59.226070868095576 78.738980435334625 -120.831224510589919 25.162038418776639 156.273082889091853 -55.485755140636940 130.038131704090375 97.837637156684110 52.424471873329267 80.521953554762334 -10.945255744300539 59.851716791644819 -38.359787294439101 31.587959484449755 -38.922584088845326 
1.865941834671748 -24.546193277685681 -22.434656351062461 -36.274969229530569 -56.533259529065006 -26.026174051340227 -91.808993218371413 -8.922212702905956 113.850480780608322 -63.644680115085535 108.832775930542866 122.827794533006710 60.329225162546599 141.748828039936342 10.073485286138428 98.958561314431535 35.777997813323630 42.403054469247152 55.040804289954501 0.201722676064435 55.576482644437647 -7.542661368285906 
1.033091174657556 -25.273576842859640 -15.781065323746965 -44.101516094902742 -42.814629455483526 -50.945324277606453 -77.436773167320354 41.970098981496449 113.352008198741004 15.482844097562527 141.741244270656807 26.540068179720240 137.964098999567597 60.679270629544583 -83.589582724092423 69.949042900841789 -36.611580238722830 61.032962668319826 5.370379812799221 38.424786674682821 33.478683730236469 29.975335936225690 
0.222708985781171 -25.592477689634237 -8.798831053687062 -49.021360684491739 -25.502887403014611 -68.224112072914281 -49.370935648348684 81.334675143704445 79.023914413365802 86.597710726220399 111.832045239778594 -80.600357371037546 134.472704246078195 -56.265148558408434 -117.867847765633755 -7.952881148042479 -79.465670240103591 32.993328725776458 -46.333337437233560 45.764024544501652 -13.295133669188033 42.978449118164434 
-0.562916877767372 -25.517148002936811 -1.739267989644284 -50.876197338816269 -6.369757761604765 -75.919142492963530 -13.293394686105447 100.490341355372024 22.499782742461349 124.383668147615310 34.585883972843874 -144.126265684784727 54.102060283872319 -133.803199724720002 -69.672256963286969 -76.544825712376849 -60.072909112774425 -19.170860801488104 -58.789897930513582 16.530713662329454 -46.686932138309913 21.123993121603803 
-1.321751929349999 -25.067032610655708 5.159156948475627 -49.698536063682759 12.754341779051561 -73.462800807934343 24.035301984893515 95.940649759472123 -38.843012355196912 116.839043405088077 -55.380012528459154 -134.060021411870110 -56.471328623609509 -125.109310710927446 28.121177259746705 -88.097192118291602 6.687956718212501 -56.494595512459171 -23.657708748377289 -26.478318146292573 -42.031375999948381 -18.214950638028938 
-2.052005519743333 -24.266068614496973 11.677862487058945 -45.695343409113505 30.150798801224461 -61.633364508425757 56.042531290060410 69.784924538370603 -87.276618553424072 68.553763291682728 -119.928333003021706 -57.958555697645934 -135.222990213787341 -38.101142725222680 109.365425204401348 -36.611596542227467 70.328900713673974 -51.742227428248455 30.023824504232504 -49.690430919073734 -5.158806822901852 -43.864994776188325 
-2.752120847339934 -23.141976414259645 17.623886918036540 -39.222972163462003 44.357976782132546 -42.355102653544868 77.465000111778210 28.834416612738426 -109.746695604584630 -2.035928516806266 -133.282037930299936 44.935857828290544 -138.750869159801965 72.080938580068434 118.182453694567087 40.473010224171347 81.964602263113562 -8.293648467432739 59.472378670100397 -34.278824537372913 34.155583663556257 -35.014668015634300 
-3.420764617695345 -21.725554711466479 22.834259124311778 -30.755741267693224 54.280715196996510 -18.371269479158652 85.147618264833710 -17.238688897667586 -101.163493883724470 -69.910861927073057 -91.776789457168476 124.189872850365219 -65.188405566418126 137.708583099927750 45.736283631684920 89.023893757894797 30.315998801124373 42.452265076132747 41.206782674314724 9.156448203245461 45.698668794061973 2.459852480780228 
-4.056816450914013 -20.049990527171900 27.179001493593198 -20.850619696296015 59.258189673048371 7.156082900979111 78.417766609507993 -58.216169814311229 -65.225606146594799 -112.370214807973085 -14.079750649840399 142.672952679920058 45.414248943745051 118.960082230787961 -62.731024267608099 74.902524339345646 -48.655452353109332 63.064747906557407 -10.914461914802725 47.624844234471425 21.400304857957479 39.734218160999148 
-4.659358125485330 -18.150193725484172 30.562806172746235 -10.110405690690261 59.088494863534912 31.062697666822785 59.015646553169134 -85.565796757274072 -12.794101766472620 -116.435035296420025 67.504355168228628 93.391242363137337 132.877701405074077 26.970469664339650 -135.475782359155687 6.874559060623483 -95.907683214622438 36.735098161120114 -55.832332826914858 50.058696125287113 -19.193034154880195 46.602864779636946 
-5.227662737923783 -16.062164026254148 32.925465317351758 0.852398541907247 54.012228328405421 50.562846396335168 30.636739631766442 -94.123436171679529 41.508992739299252 -82.437119496205327 120.578990127378106 1.344245529454383 149.194636842677085 -83.195839019811999 -120.210585802538773 -68.779607733097407 -71.784294731761335 -19.477846465364081 -56.540297744073172 11.762665354731169 -44.100781277021895 15.398102100161736 
-5.761183848922879 -13.822397039899396 34.241167436382625 11.449107420536921 44.660572342959334 63.552212379074994 -1.801008601363929 -82.927077532015062 83.406187067705787 -22.972957291487379 125.398250066992460 -89.565291061390667 84.405759514531297 -145.135589201138089 -20.193416609036358 -98.699554340487396 12.274958934998175 -64.752195006146280 -9.766023520447462 -39.475465954445568 -33.502103619734584 -30.980792826869390 
-6.259544678685270 -11.467334482275383 34.516795647313700 21.144218572193665 31.975715324744094 68.804928705186143 -33.021365108915312 -55.114680759513313 102.634815768784193 41.997071012416725 81.868673572498807 -137.678345914646798 -27.615149890318023 -120.418066953278270 103.376897269456975 -58.793480058530832 96.757561465185276 -62.773406984378383 48.770073285751636 -62.246236238007157 4.478982156798139 -54.765289766706587 
-6.722527406622794 -9.032862441529318 33.789379933528451 29.479475358291083 17.112850227983664 66.052306515210461 -58.236870583819794 -16.999353322978777 95.280461283682101 91.960719701683644 8.462163007247611 -122.583382877182885 -126.835155968391319 -21.917226575786586 167.153999670212073 27.180083600078280 113.779265097628269 -9.878423200561826 69.927588469401471 -33.841077587933007 39.195682086677920 -33.115578582696799 
-7.150062623708092 -6.553860381899829 32.122864833898660 36.091886451334354 1.333449774821393 55.945824599816859 -73.849489537572836 23.411715694440552 64.312696070809054 112.238355593498767 -65.976426265452830 -53.335237936100356 -159.243616849667859 92.746721165278970 120.125266116922205 100.465523427695757 39.146094896342234 57.575627519750469 30.914339023543917 27.769640198091693 41.258244489640134 20.241036246091937 
-7.542218979382296 -4.063802488054268 29.604357051618049 40.725362690108312 -14.100861380942330 39.919825138780404 -77.912235555415791 58.107896358323615 18.365987844594663 98.007199841204425 -113.824427862399588 37.268813155833051 -106.492249043202207 154.643401492117619 -17.268112284939193 105.756940725546926 -80.720546324728417 85.634785031015497 -41.125930839629731 72.368982576727063 7.291407713109066 61.163475898400804 
-7.899193059055518 -1.594411981502549 26.340015012508115 43.235998871028073 -28.025593545261334 19.978902578796777 -70.305369861865628 80.626561931999049 -30.761651522648016 54.999297426618384 -118.918583819381382 108.830801447556240 3.415484032729921 124.909140631803766 -158.082960677930657 31.590110546684727 -152.906516398633471 43.580949097026689 -84.533853533983205 55.862631980460520 -34.641043538987759 49.507128597359213 
-8.221299522854750 0.824631820896386 22.450735264179276 43.591348844432389 -39.455186020963289 -1.559435078426802 -52.628299016283329 87.181712035481027 -71.161422342456078 -2.962070515465200 -81.607704769246595 131.729973009431319 111.082065831396477 19.399159391680186 -201.391992555494824 -75.499418764482371 -105.487153680306861 -45.063446304418207 -52.691050147568362 -17.542938445078889 -46.416562071463545 -12.268822239127985 
-8.508961531350701 3.165934688196938 18.067779645755131 41.864305956784214 -47.644569913677927 -22.334697906704882 -27.849939256641782 77.196555096800878 -93.639103549496411 -58.517684308396127 -17.208954581987271 99.107654922868861 158.770567251562284 -99.380990944349861 -103.393829757065333 -137.369872709388119 45.843042469979409 -109.583659566102710 38.144468679600905 -86.822940334562929 -13.875307767468257 -71.230977680214437 
-8.762701479506804 5.404578523146125 13.328473226923908 38.222401691874808 -52.127805118059300 -40.195915721942391 0.209238729521751 53.195823912407619 -93.676477865227042 -95.911873734466624 50.777754410945519 27.633784580402306 122.922280838314208 -159.793836393657045 81.149376250008075 -99.028237974288743 188.536406083954233 -82.922003804633704 107.996357077106595 -78.733298163721656 35.321493238486198 -64.422647761277858 
-8.983132056013629 7.518264445186578 8.372086936127005 32.913471583548670 -52.733097616744743 -53.411751838289234 27.473973201967901 20.135652676283442 -72.161647870593356 -105.269071506587068 99.466075727791264 -51.888267115496745 26.640617983416746 -125.693123821320398 224.410370389349993 24.068280799563354 187.707473353224572 33.687666739872270 76.173589004857618 18.848574821983796 51.489426054516557 16.250836403250673 
-9.170947641475944 9.487410521624978 3.336001338515857 26.248710897197078 -49.575316013510587 -60.820361294318815 50.198646017633948 -15.656430970918947 -34.836589540779201 -84.975545153233696 113.933866198085411 -108.340396057731482 -75.949606738598732 -19.344634413702295 212.967045541148877 144.908722376679322 6.151703117465075 147.433735095949316 -51.598578957808826 120.080507668010171 11.325131057676344 95.297029169115490 
-9.326916055582888 11.295207112470534 -1.647770116542485 18.584157888227878 -43.028641298880544 -61.909232185069904 65.459647231784430 -47.704764672989128 9.302824380463100 -41.700652881296222 90.980053213464686 -121.828093642447442 -133.450050356955813 93.673241414007350 41.057222203543091 162.461438457621682 -226.512259261479386 133.900861483022538 -155.575976906727476 100.852295384509034 -47.962501700498294 72.242776448243717 
-9.451870660390391 12.927633062014253 -6.455638262736365 10.301606519992156 -33.683129324789817 -56.823399193731092 71.497034115754715 -70.537698348043676 50.213969641928387 11.835037284468186 39.023957893950410 -89.086988950206788 -125.903300082495974 148.158477630521929 -168.085797509646369 45.277674716640490 -286.446374287970229 -39.706663979661869 -96.050309996463668 -61.492354541860976 -54.795606022649139 -57.163121256089426 
-9.546702824156144 14.373436159868186 -10.975033418767062 1.789871752048413 -22.289706773810281 -46.307775550036361 67.873400115348318 -80.570797322044413 79.086259067436202 60.698979418362711 -24.881758211648105 -22.994934447838958 -68.488103912293667 120.286338563035912 -250.634482313064638 -125.028806533512892 -59.807055919342474 -229.548739559277294 116.105892494194080 -198.546609583796425 14.197912580018055 -142.852665476882976 
-9.612354747768604 15.624081413222640 -15.106513069542636 -6.572781846921487 -9.698457960561143 -31.595276799405625 55.445460636858478 -76.593711394286188 90.179590384401720 92.063218614530399 -79.961004028701012 51.724136613358951 8.985409631206693 35.582140230807369 -144.965800362376484 -203.846796980339718 284.134500124651652 -196.935419519083268 248.604484991087588 -79.534798927395968 77.780250855001611 -22.472708861506590 
-9.649812653681693 16.673670727882975 -18.765372031277362 -14.434373797619202 3.204980294194641 -14.256504947410974 36.168730059600620 -59.819197280360925 81.847240233498439 98.593775131809792 -108.121203061447432 106.034473624796533 82.641971434511646 -58.316870851338052 44.717369687822725 -109.685611595594821 379.478828773944997 124.619704235647873 55.752218310354806 247.692378305532031 25.592819983181698 195.718763614517229 
-9.660100335385499 17.518837595527938 -21.882759132884889 -21.482580439322206 15.560464779797748 3.971140712568726 12.775201668424756 -33.530873706800037 56.593678976516813 79.790386620033104 -100.822333933672596 118.179245207021907 131.498008704584976 -122.895435879335452 158.429458727287766 80.463179873395461 55.149918971373836 407.050705984457977 -323.952589806446497 289.185346122902729 -96.537023106616360 109.342041974067570 
-9.644273063791292 18.158620335733232 -24.406316754007836 -27.455380467077021 26.588008384985123 21.356912474288663 -11.623330926027236 -2.418560443627371 20.273094712654711 41.232094776640139 -62.901987149874287 85.756656735183498 124.369756249907113 -133.401826084495980 164.365681059642441 189.446519963633818 -344.844083789572323 163.685180836249629 -308.544405749888710 -307.287425232275382 -55.852831774341581 -323.700124339457716 
-9.603411845468298 18.594317350504610 -26.300370034565841 -32.148762313347191 35.633045028359007 36.336291573679262 -33.948802253384642 28.280523911022925 -19.284693574229635 -7.044337324560189 -8.627294217538548 26.145630604614496 46.709077742373779 -74.730461660686103 140.310561300284178 135.726483045451403 -314.135813574429960 -464.622318991871737 314.967235692410384 -634.431431338215475 164.282212586217298 -115.356831968316783 
-9.538618026422649 18.829327722919771 -27.545701164119862 -35.421429262257988 42.200199320290636 47.643218578402553 -51.534034685844091 53.679186274026364 -53.931906398375133 -52.274470677147775 47.679067984807489 -40.800205413367962 -41.938555677350905 26.417147843142516 22.295923434940960 20.467710660867965 -34.749142034576494 -419.210530453912043 502.065318057298668 731.372265133025735 10.835396698233467 877.886220768870544 
-9.451008234038152 18.868980336155843 -28.138950881372153 -37.196571279795464 45.974411271906227 54.405363965608487 -62.423313501186215 69.968766363923763 -76.954553112310435 -83.173247585321093 90.089254854872081 -96.006963829143558 -92.049260924726866 99.583811864691711 -181.530872407756647 -102.612379184274687 105.408001496790803 307.644607091130638 -268.625738319158700 807.463332369025011 -348.160747782403519 -1687.416018408382797 
-9.341709648884223 18.720354510437474 -28.091694223226039 -37.460887692936964 46.829192961233673 56.197039356032306 -65.563929234578183 74.947104896700523 -84.255039851161683 -92.991328028262330 106.399290185896788 -118.133118826080917 -90.696558556649705 124.148789177809576 -327.032709976910098 -124.578657740568786 48.770157914638929 855.781781175674269 -829.379925549096811 -34.538223257263752 501.045169024891038 11154.269150443369654 
