******************************************
ASBF EIGENVALUES
13 1
61.799288466093586 
241.918631617100914 
542.089029205777138 
962.323909865813107 
1502.625688222635972 
2163.191424011019990 
2950.110154218412845 
3870.522543483828031 
5332.698426684169135 
6861.869933906705228 
12036.439753898923300 
21545.214528483877075 
47353.860759125993354 
******************************************
ASBF QUADRATURE VANDERMONDE
17 13
-0.040545228352288 0.080927235025509 0.121316877666979 0.161625781888499 0.201565041133070 0.245114665897092 -0.315824219310269 -0.349852034241120 0.305227898772190 -0.392430685506532 0.741838165011633 -4.643070757897934 1.253860283798333 
-0.209800033883590 0.416938080180569 0.620508587193625 0.818579866572826 1.009684892234479 1.188409643043640 -1.352675069768948 -1.498342919516176 2.322627194091269 -3.248803050306262 2.010380254194670 -5.760132559790881 0.873034840623482 
-0.497043895724881 0.966440198704147 1.386033868899713 1.733628390638618 1.990829409941229 2.144859004707171 -2.239788446519430 -2.180779402457020 2.144543069376364 -1.701530990349342 -0.130681756465627 2.959155097696187 -0.885963793504610 
-0.868053872291741 1.587825938533697 2.042712300329420 2.155835978642110 1.908182188729268 1.346196394452131 -0.565194334941652 0.424759153989933 -1.877955581645980 2.668671715134177 -0.900724742233432 -0.415271809453419 0.665496148864718 
-1.269003371551131 2.037478994386626 2.010139605997718 1.196530108171048 -0.085029221234470 -1.344621237349937 2.152292342485039 1.914358211783330 -0.375115987250081 -1.111029900398962 0.915019996138619 -0.566646460195088 -0.453705328416887 
-1.632837097044853 2.049291397163633 0.946564981387555 -0.858997771812893 -2.028133212058299 -1.678323239314697 -0.009630736953043 -1.556551543567674 1.441531080169725 -0.219902699670368 -0.615137251304867 0.861685246809653 0.231162941292006 
-1.894343641210239 1.492681995610946 -0.712990012590930 -2.057045534069932 -0.912604210116130 1.324912817633337 -1.877949938417946 -0.166814150285182 -1.277245943311286 0.914480298646753 0.235485545694712 -0.865214912960643 0.008970060366944 
-2.008160703617884 0.490656177072492 -1.886555237356310 -0.957391086538819 1.649536845162899 1.367114114980409 1.257675339442542 1.575258409580003 0.460784808681493 -1.183590298322326 0.172705373765394 0.720845317215888 -0.257443829649550 
-1.961013373358958 -0.621710657460494 -1.765864848398471 1.176090062223973 1.396398297262071 -1.608750417811176 0.899091865476897 -1.724398599018140 0.599189114790181 1.155658632838531 -0.588955049353185 -0.490477773746873 0.495392588450001 
-1.772568475151364 -1.481710303330604 -0.539057265136855 1.930206995006968 -1.069019499831034 -1.052251296806076 -1.899691886079888 0.355175265099021 -1.482788083191206 -0.785592795796344 0.974166730830696 0.206774962171538 -0.696346029618224 
-1.485725398355179 -1.882123109601922 0.891619271157334 0.754957958531152 -1.845677239571321 1.590122354232232 0.083436998494352 1.609853590870634 1.467565735406414 -0.090379767856776 -1.212378371755153 0.113880289202703 0.823339877918773 
-1.152087443625939 -1.829161352928672 1.744862924057357 -0.935177781463070 -0.262691053081939 1.343684867559081 1.934771336114345 -1.747297030209295 0.186202646377264 1.425344139256899 0.969935849418637 -0.468608607767896 -0.814606399162502 
-0.819054519900439 -1.474235066401667 1.828362786943167 -1.809955881785026 1.422574926273808 -0.741083723723889 0.062804876180294 -0.934203501324025 -2.370977236225301 -2.087765148389457 0.448827716641466 0.842521988212763 0.530507498659642 
-0.522329451168226 -1.003787483336021 1.402429830124627 -1.685848315426390 1.831086136807730 -1.828192645517033 -1.668935638035872 1.442235929862715 1.029155747955143 0.010126049420854 -3.188153772860404 -1.032840949760102 0.428054905885603 
-0.284238293304312 -0.562663647894551 0.827153149850094 -1.071417267601773 1.289505163822655 -1.479379527836417 -1.635327051260962 1.786384848774013 2.378074350099777 2.329869425603349 3.055860429693045 0.190790391361064 -3.015328468308502 
-0.116070008482782 -0.232123306380345 0.347135065859257 -0.460725902332833 0.572382777269691 -0.678784090739632 -0.803803803135771 0.972688160687679 1.202751605517008 1.267022754991862 4.030273094349313 1.846417840036079 6.018864374114033 
-0.022044379743765 -0.044172635845136 0.066277867926946 -0.088343275584296 0.110454652158299 -0.135641536131301 -0.146063806557254 0.154854699832468 0.358279391126560 0.362701570131899 0.368658380799520 0.495566707042058 4.854656162836367 
******************************************
ASBF QUADRATURE NODES
17 1
1.002356131171396 
1.012331119557808 
1.029940211568253 
1.054621499025800 
1.085582210195827 
1.121827365728381 
1.162192059136531 
1.205378954626038 
1.250000000000000 
1.294621045373962 
1.337807940863469 
1.378172634271619 
1.414417789804173 
1.445378500974200 
1.470059788431747 
1.487668880442192 
1.497643868828604 
******************************************
ASBF QUADRATURE WEIGHTS
17 1
0.006065557515644 
0.014208929632776 
0.022551094161774 
0.031110045116241 
0.039814171985406 
0.048466518122472 
0.056730381243256 
0.064133684729545 
0.070096277482893 
0.073981700338958 
0.075170499076974 
0.073147081866961 
0.067587700767602 
0.058434668051084 
0.045942390171435 
0.030685184952984 
0.013540781450660 
******************************************
ASBF GLL VANDERMONDE
13 13
0.000000000000000 0.000000000000000 0.000000000000000 0.000000000000000 0.000000000000000 0.000000000000000 0.000000000000000 0.000000000000000 0.000000000000000 0.000000000000000 0.000000000000000 0.000000000000000 0.000000000000000 
-0.198755581907739 0.395174002669922 0.588578496819747 0.777309455457214 0.960124393578743 1.132516955813885 -1.294338203458251 -1.434657385228933 2.211878711377375 -3.114324736777137 2.014357315543681 -6.140516521455442 1.008435007245835 
-0.628969113246486 1.202436988656561 1.674685771104011 2.005173941666878 2.165290446524019 2.149158526515499 -2.028938168943218 -1.622863826045373 0.599489312960481 0.607601851157090 -1.029356698514035 2.876891697166216 -0.303119954863168 
-1.183667203472626 1.969667898857883 2.101574676002840 1.534498446533791 0.457422871496886 -0.783620989489187 1.859907725643827 2.152492520713504 -1.204871613410361 -0.176417347847297 0.782211317183172 -1.283908275060719 -0.162409884136348 
-1.692578629872882 1.986778407788500 0.646673304510060 -1.226374929773939 -2.090363833763738 -1.219290018989698 -0.732808118494184 -1.888458501680816 1.006866137919850 0.502192746601760 -0.776477639856374 0.414139269863101 0.457083939841113 
-1.981597140606396 0.930659717016364 -1.541316602085833 -1.659343968730365 0.757727258420210 2.005073126688437 -0.151266000729628 1.733338258043403 -0.764251578701635 -0.869201736608828 0.741458856182432 0.145425064634968 -0.576623006598910 
-1.961013373358958 -0.621710657460494 -1.765864848398471 1.176090062223973 1.396398297262071 -1.608750417811176 0.899091865476897 -1.724398599018140 0.599189114790181 1.155658632838531 -0.588955049353185 -0.490477773746873 0.495392588450001 
-1.665653880815219 -1.702962018260345 0.069446759784420 1.631588119292577 -1.733219239273837 0.135244734411420 -1.638962803088907 1.703486597287633 -0.587222584095289 -1.396522655663990 0.275841578666671 0.653570319716360 -0.191317005305302 
-1.217219804189186 -1.868446673012454 1.643599892814321 -0.649025682532385 -0.648837688151671 1.638610207129990 1.915054099141239 -1.251424664506725 0.953946114325412 1.723458323411503 0.219006051325635 -0.670007604282954 -0.362076476538496 
-0.751329660206063 -1.377084699487770 1.766942283635887 -1.854907224282307 1.625790829312139 -1.112158419505831 -0.450181588690002 -0.317817756174462 -1.982228646035862 -2.246663665753218 -0.764076103057826 0.624252926912311 1.256825408322294 
-0.365817865631314 -0.718321484904462 1.041593894340652 -1.322779622583246 1.550764955337347 -1.723747027672685 -1.804191547055816 1.850619309006041 2.431497081944957 2.039906782264832 0.212882354522895 -0.814939172347144 -2.925326435386791 
-0.109830073144609 -0.219691287495366 0.328660639641202 -0.436422411571972 0.542548811362140 -0.644189614296982 -0.762137085570208 0.922323510912113 1.155274964828024 1.213150181471235 3.831680496490542 1.820669117528469 6.415102956408909 
0.000000000000000 0.000000000000000 0.000000000000000 0.000000000000000 0.000000000000000 0.000000000000000 0.000000000000000 0.000000000000000 0.000000000000000 0.000000000000000 0.000000000000000 0.000000000000000 0.000000000000000 
******************************************
ASBF GLL NODES
13 1
1.000000000000000 
1.011672538339459 
1.038413108837032 
1.078452882729561 
1.129272544727166 
1.187678267473440 
1.250000000000000 
1.312321732526560 
1.370727455272834 
1.421547117270439 
1.461586891162968 
1.488327461660541 
1.500000000000000 
******************************************
ASBF PLOT VANDERMONDE
30 13
0.000000000000000 0.000000000000000 0.000000000000000 0.000000000000000 0.000000000000000 0.000000000000000 0.000000000000000 0.000000000000000 0.000000000000000 0.000000000000000 0.000000000000000 0.000000000000000 0.000000000000000 
-0.291506542899208 0.576838850365049 0.852332968602296 1.113036823902445 1.354781983443095 1.566658197880503 -1.742982340941337 -1.906899483746609 2.884999170465184 -3.758643291868609 1.696695884785976 -2.527708157842273 -0.093272875418443 
-0.568327544101630 1.095634301633885 1.548327299411148 1.894881399804109 2.110987132270321 2.186677648280438 -2.183790963132810 -1.950584536338434 1.356544941055997 -0.434766080404986 -0.691336351095528 3.211331981556016 -0.624319159488024 
-0.826680309970334 1.525893837970119 1.995948019815006 2.165276481744800 2.008120646165126 1.555220882079823 -0.895026669728114 0.033722491169423 -1.591448899554620 2.621612896515984 -1.071747377980050 0.154776679871333 0.596715943000532 
-1.063472172074581 1.845765322019518 2.147295367337124 1.888482777672484 1.137332693474496 0.082113211883549 1.078673819674159 1.900842557503906 -2.025562484482978 1.314338500473970 0.238322188600030 -1.743567476404916 0.331201373933413 
-1.276272193312827 2.042378248470619 1.999912348061250 1.164548482221903 -0.132476915157913 -1.388060187712456 2.164404424082373 1.877760100376854 -0.300593029171355 -1.177200301226428 0.914630787564231 -0.498480073706969 -0.472375104506075 
-1.463273800271700 2.111554799763397 1.591656775662310 0.189966735012773 -1.317868602334712 -2.093992817741405 1.673131811118782 0.224847513016992 1.348770960273196 -1.723769888299298 0.316156365254440 0.993941953185201 -0.461204504612604 
-1.623250788034757 2.057020744181217 0.990933708648517 -0.798827787915147 -2.006578419977615 -1.736122773339718 0.105326213046798 -1.480605247946156 1.488450373841327 -0.336112516548530 -0.575412326327734 0.917342875337701 0.188814030450315 
-1.755508806752463 1.889253158288199 0.284386769032893 -1.582977312461645 -1.992529624053921 -0.556896311272043 -1.428928341399009 -1.890076045940071 0.321453205571116 1.127000993288791 -0.735794648067062 -0.163749922403368 0.565300724375495 
-1.859834122659813 1.624097859773060 -0.435935447191452 -2.006580349737241 -1.321045731091929 0.844469611704143 -2.002833921056325 -0.830917798871285 -0.976156596052558 1.261408721061509 -0.096876802729537 -0.869014087712212 0.256686162383103 
-1.936441153993450 1.281277553056529 -1.084255310741267 -2.002241809170569 -0.245183993176751 1.824056327369870 -1.368208181521103 0.792327680890137 -1.363397399875125 0.181318142802987 0.621205891526367 -0.581153242702811 -0.339305408142495 
-1.985920016717942 0.882894799874426 -1.590372051437294 -1.594878492965834 0.877130314013572 1.976240669758962 0.021172922447718 1.786811315247785 -0.639915226428980 -0.964580101731673 0.710706850897546 0.237714765048371 -0.571537024902627 
-2.009185077017038 0.452014342679513 -1.905898414504137 -0.886639553395186 1.703482619242317 1.278065225210264 1.351859486014752 1.498680180748726 0.561236841643916 -1.151661789362349 0.103129050054170 0.735915048877315 -0.207695544898856 
-2.007425296974398 0.011388886815237 -2.007214234207574 -0.028929521310413 2.006379048873793 0.060339294617115 1.914401354557546 0.175486675645652 1.317671957038737 -0.288218620220614 -0.629355740333708 0.493846416895915 0.384184230106596 
-1.982056975822110 -0.417627385053290 -1.895331763866863 0.811149238862538 1.726531312298296 -1.158064470494117 1.448679908974742 -1.270938468639667 1.072700901808537 0.826224512217144 -0.802583260387708 -0.191501869969483 0.616236083523348 
-1.934679330102878 -0.815951502919689 -1.593171372579183 1.482895039572774 0.972210311970676 -1.891397943911780 0.231443018822212 -1.882422402188413 -0.005189338152351 1.216827050558610 -0.217638022609128 -0.657918345288435 0.237851168494440 
-1.867033220261471 -1.167420446023311 -1.140934763690765 1.877086398320861 -0.027172148628324 -1.873356396517745 -1.099097502901977 -1.256593483541342 -1.148431595457470 0.527682639166375 0.643615274726330 -0.485315147484766 -0.416206710601068 
-1.780963216552132 -1.459218988334291 -0.590340534013722 1.940662035014665 -0.994260904989255 -1.142107312912319 -1.873973460104375 0.214752610256440 -1.506305477830752 -0.688165286172301 0.988446419866840 0.148299618442994 -0.704995699506520 
-1.678383101647682 -1.682100118127278 0.001531057031434 1.679992087377258 -1.680744215275243 -0.002178696213849 -1.717250363481625 1.595686437334332 -0.734909686272908 -1.388888007107318 0.394043747309351 0.634215552061534 -0.277533894379587 
-1.561244828901567 -1.830419146095104 0.578128541468526 1.153854527367836 -1.927724254374206 1.110701999835412 -0.716451910479296 1.991140917642092 0.708982583592225 -0.882572763999681 -0.725847734956653 0.484528941019571 0.518799160691690 
-1.431510891854839 -1.902007718203329 1.088538609418354 0.458785905059169 -1.696449456679977 1.801416395197710 0.632460480035689 1.118845892847669 1.795615962822569 0.530578307394464 -1.321211577010837 -0.185810238174433 0.851254868058276 
-1.291130010412842 -1.897916802785982 1.491460280672817 -0.289707036012572 -1.065905930921046 1.854603862685892 1.675073180273862 -0.488254302007134 1.602173743411917 1.661630569968921 -0.585625298493653 -0.695220292108748 0.204504182121897 
-1.142016000385947 -1.822058673902455 1.757853247193979 -0.976519627480029 -0.202615079445123 1.291083799066034 1.922381798633209 -1.805395489078503 0.058470636893737 1.351982886422728 1.078751842065056 -0.424824097434361 -0.872176799640176 
-0.986029664178019 -1.680777324155216 1.872218245679951 -1.503897108755031 0.686071764908380 0.330840320638244 1.287405056629999 -1.994180276327471 -1.790025523977999 -0.390150037006845 1.976416889146547 0.437942143369026 -0.999518264706318 
-0.824963519837723 -1.482374954043435 1.832590991803270 -1.803873060293464 1.401971675588529 -0.706232635280689 0.108697274722695 -0.985575056043401 -2.387572029275480 -2.055266846675420 0.544495970689562 0.850139195069168 0.462141466195927 
-0.660529172125130 -1.236619514801649 1.649426251482262 -1.845129980120524 1.797987054715727 -1.508118481713661 -1.055968364921038 0.498797018152074 -0.970459148160943 -1.802692429820322 -2.376066722705014 0.012946020271477 1.740674378095651 
-0.494347121497124 -0.954255008810916 1.343615259667834 -1.634082476251166 1.804637646424068 -1.846583119495336 -1.738072471747886 1.568550369181340 1.396652555743393 0.444428013795521 -2.931612028664881 -1.152843614676260 -0.147620341198333 
-0.327938803944257 -0.646532640201055 0.943918283674923 -1.210618626515801 1.438111175793067 -1.625067165029867 -1.745748019319794 1.844097668862521 2.475241330854702 2.259824827343010 1.546245022289249 -0.408221873550448 -3.271367924014380 
-0.162720655564071 -0.324777238460431 0.484099134616519 -0.639542204119740 0.789728146682426 -0.929385674441813 -1.094447797794277 1.304051133583145 1.567436465641787 1.671062178838727 4.950757632971982 1.757222974264353 2.658250177121722 
0.000000000000000 0.000000000000000 0.000000000000000 0.000000000000000 0.000000000000000 0.000000000000000 0.000000000000000 0.000000000000000 0.000000000000000 0.000000000000000 0.000000000000000 0.000000000000000 0.000000000000000 
******************************************
ASBF PLOT NODES
30 1
1.000000000000000 
1.017241379310345 
1.034482758620690 
1.051724137931034 
1.068965517241379 
1.086206896551724 
1.103448275862069 
1.120689655172414 
1.137931034482759 
1.155172413793103 
1.172413793103448 
1.189655172413793 
1.206896551724138 
1.224137931034483 
1.241379310344828 
1.258620689655172 
1.275862068965517 
1.293103448275862 
1.310344827586207 
1.327586206896552 
1.344827586206897 
1.362068965517241 
1.379310344827586 
1.396551724137931 
1.413793103448276 
1.431034482758621 
1.448275862068966 
1.465517241379310 
1.482758620689655 
1.500000000000000 
******************************************
ASBF GLL DERIVATIVE VANDERMONDE
13 13
-17.249905065158899 34.436089662418233 51.636564387291891 68.804892986473916 85.726318082754020 105.234607622031973 -143.805594435601449 -159.824140405460298 81.084227215789355 -70.646831483609049 346.731720440994309 -2582.781613996796295 741.295920035342306 
-16.784942807409941 33.099611661550355 48.619014507395867 62.951575274061412 75.779597338028694 85.705578913704272 -89.569251154769404 -98.081349206347284 173.702548979005030 -215.254910380045885 1.979027491458510 557.535588258999269 -203.546213614324756 
-15.303189406994059 26.558010808126014 30.414976345197871 24.500601795728244 7.887661154229448 -18.136376963300449 51.547769538640352 96.792900188127987 -194.665665750956180 248.557290770790758 -66.581035148289359 -135.151275757372673 86.105780796001127 
-12.273675560208872 11.042590506108915 -9.477290709190136 -43.523855878321179 -75.302947083584328 -85.840696699177570 60.271594659005473 -8.593703781157188 109.210556782631585 -149.733879308510353 36.425636206119755 86.272362645574958 -49.015651644713785 
-7.675017627464300 -9.755707615653225 -41.197802067670303 -45.902495199917425 0.844539504799656 69.862838668827408 -91.444796725414278 -24.332637759565728 -70.763317507713651 88.664626390999274 -9.519337932651796 -66.482615143333618 22.990311069301782 
-2.274197225596280 -24.047595708344922 -25.445478083397564 31.561253670252675 61.337917506914870 -11.611580848857940 87.232226875445264 31.522339225091478 60.982845773799298 -51.548786393250360 -12.960476190380668 47.685243338243126 0.381463923861794 
2.752120848277704 -23.141975226343941 17.624054743779848 39.229238448577036 -44.325907874590612 -43.200935254798210 -72.239074970261029 -36.508714305962876 -64.526859862366507 23.603137150793216 35.203304297279409 -28.176477443038578 -22.840766296729896 
6.486876239577551 -10.302968170339131 34.288282893338419 -25.356788942066409 -25.023424832391150 69.296036481252344 42.438846322128519 50.897065904476747 76.891582722751465 0.517449805757686 -61.511496705367584 7.429519844073155 44.805249410621883 
8.654103973709271 4.424012508200336 15.469525500537674 -40.060067907450140 50.602822429699792 -33.313795195175530 14.442395378415483 -78.495705085289785 -92.362773180526858 -18.078130284502279 101.074970686392717 16.212745210043408 -66.228479066077227 
9.533591923921664 14.156275128722331 -10.279562921250903 -3.143889222781908 24.219712277840969 -48.140026344241960 -69.571481519273249 88.474380229237397 79.279885206687069 6.772339760319795 -179.438025459796535 -47.058397151334177 88.314188022447752 
9.644129068034839 18.161323619809746 -24.417529820931655 27.479844514709832 -26.651649548435913 21.677523207333564 10.426995618357978 3.414500036532246 27.118666110705021 74.120507499136636 329.295309183099278 86.941002473982252 -139.184716455604018 
9.471614021478299 18.876595753299313 -28.066310840703107 36.950176990526160 -45.403914742125700 52.678768796793193 63.673243723287271 -77.419374709204135 -71.917735731815526 -81.611341572076384 -313.504841043025749 -46.392987298796470 580.920767720789172 
9.341709645380869 18.720350433558558 -28.092256475296789 37.443752918575129 -46.833231902658824 58.525765823185978 59.120001538886363 -55.030754540020901 -181.948837861595791 -185.323323230473818 -24.565528632345860 -202.921549212902335 -2702.146954176754662 
******************************************
ASBF QUADRATURE DERIVATIVE VANDERMONDE
17 13
-17.166012727062647 34.251514432859835 51.317789893282814 68.328199404961481 85.228889364607994 102.731534913827062 -125.458255597402456 -138.760255436342106 169.380884351884731 -243.308428693826158 280.901007018960627 -1419.957636803219430 347.860163229622685 
-16.755132336114503 32.993697672402945 48.345540279165640 62.375665494599076 74.719601536038141 84.020298820463353 -87.583542376622347 -95.298714852519822 162.492745677720507 -192.967447023449040 -13.924286708434806 596.168460358538596 -207.189729847688568 
-15.829290681355072 29.086413324121207 37.552352039971332 39.333350542299101 33.091031867944821 19.255550542416017 -2.308853554011364 31.629089292318383 -154.928751539664120 272.459022147106566 -139.764929514609094 147.034226353542181 36.330786601160227 
-14.172915895452926 20.824539080379719 14.665803123993683 -5.955895780375840 -38.200537437693683 -76.005432586806791 116.398427783808074 132.646511689048054 -83.914610149662053 -7.147797027599552 66.336044909413346 -183.086164460150087 14.381830444792357 
-11.663073548834113 7.977336669228610 -16.093608810283897 -50.923565491550228 -76.037524987215164 -70.369346045824770 21.160137101683858 -56.717049061418827 119.413274729327426 -108.258048345382250 0.887749282764659 108.940664610378974 -30.896085759986832 
-8.372808102453360 -7.010168241600169 -39.193802138272900 -52.468399326825683 -17.552726958694773 52.392525224266024 -100.840851462574392 -63.991158226193349 -43.819992879281891 102.004601609726578 -33.284612707110739 -50.839017604608102 36.521149439575069 
-4.590005610127060 -19.571198807042848 -38.354622672075678 -2.026674884765162 61.942958375953950 61.482440832155646 31.943346278170011 97.333067918099189 -29.430603920639751 -61.475961690114815 45.318330626388644 12.834065124548204 -36.531418380597202 
-0.739119294449464 -25.434593460318467 -13.296273037101793 46.210871474489267 36.897063439402068 -57.239034450030523 64.041897080617673 -47.562828445099100 67.279283556837541 18.080224390369438 -45.382446314370377 11.982180939611467 32.054150891307472 
2.752120848277704 -23.141975226343941 17.624054743779848 39.229238448577036 -44.325907874590612 -43.200935254798210 -72.239074970261029 -36.508714305962876 -64.526859862366507 23.603137150793216 35.203304297279409 -28.176477443038578 -22.840766296729896 
5.573461756614763 -14.642561910320360 33.888926616482514 -7.722665834144539 -48.493178425766736 60.219113519957901 -14.441867125660240 92.127790067061653 18.554834685182989 -62.641775251909664 -12.009504539297447 38.021387160734918 7.698697086570874 
7.591358989976939 -3.735931006282790 29.213686862447361 -41.177886546038195 16.075803053157600 37.433011079819906 79.846412784598385 -58.077421741037938 60.233122717501956 87.102675282613291 -30.654738347731225 -41.890071016322111 15.834567211258104 
8.839083075425933 6.116826724909274 11.710307365736131 -36.640480294504428 52.739214756051915 -45.433924117174193 -9.116427753421988 -53.313167973141105 -111.457751232207869 -61.396645039215770 96.924304991555914 37.125443080578670 -52.395437459544326 
9.462635522734530 13.079935712533521 -6.919846880791493 -9.461900301618229 32.635793215511818 -55.527698344502795 -73.425705262868135 82.726115818566598 28.861766581705737 -49.802553932332486 -154.968008687837028 -13.683647482542852 109.342303320058761 
9.656001312601443 16.965898456201021 -19.822491125822481 16.792013833091723 -7.249129799740743 -9.133880171884769 -27.208722764857370 47.642501461384342 132.447797900105854 150.141224513763490 60.380153886857983 -50.402435829967217 -184.424606627960657 
9.609288513763659 18.554941094952149 -26.117527302904509 31.678753178809949 -34.726968080975425 35.541002638057080 29.290521856443007 -18.784854283479746 -37.115087846968891 -6.112159121817911 311.714840691359541 141.886684831825875 150.732801095566515 
9.477999201322810 18.877198423893905 -28.036898657394861 36.854224948562887 -45.194539068527639 52.376171990847894 62.850905704454362 -75.509610092171627 -72.286760539808142 -81.991099918898016 -289.318868389046997 -31.841488940200634 620.866879203656481 
9.370436806616313 18.773744595722913 -28.161491761978432 37.530412284106845 -46.896109586741701 56.731065417424709 64.343451599393177 -74.401715660407518 -126.752695346735777 -128.039696531496929 -264.779115324493773 -211.364615456805723 -1483.470269781324532 
******************************************
ASBF PLOT DERIVATIVE VANDERMONDE
30 13
-17.249905065158899 34.436089662418233 51.636564387291891 68.804892986473916 85.726318082754020 105.234607622031973 -143.805594435601449 -159.824140405460298 81.084227215789355 -70.646831483609049 346.731720440994309 -2582.781613996796295 741.295920035342306 
-16.521460709334441 32.107548382015175 45.986486469773624 57.350203759610764 65.459553777214154 69.475036939052757 -70.623154686037282 -69.539152992983759 63.483882696400542 -13.716685965399051 -105.799209110636184 665.350346652144935 -171.555759463767657 
-15.553225702838208 27.776929063238519 33.850712355593231 31.576177058200969 19.725939292525368 -0.877836237017533 26.986319216651538 69.047736134017725 -187.499024378576792 277.483641124579663 -104.745233702307758 -27.800916064430012 74.312629368613131 
-14.385827079979297 21.921625341983805 17.609144750512804 -0.546942576817386 -30.707090663639264 -68.064477442791571 110.785481553139078 136.553707039594428 -113.564028990573789 40.238648053419979 50.928810028902085 -208.867925415787170 33.130685228782298 
-13.058566324997452 15.059349531291247 -0.071386127145772 -30.553878032175604 -66.569126688401695 -94.096585547304187 101.431096154658150 61.248000270077029 56.523945028324789 -152.443506965720701 74.859575369594253 0.768506738195470 -49.515013626518808 
-11.608815415137553 7.708146334494316 -16.649344677356090 -51.466091366637521 -75.865073301800706 -68.697475723143086 17.617397842811329 -60.439414804216163 119.150528229829604 -103.572455388025674 -2.127431694925022 109.259357029466287 -28.869104449125253 
-10.071564821207673 0.353481772052625 -30.034870294636008 -59.242385930508362 -57.519170499043476 -10.224057340477799 -69.100800250008149 -114.344814309865782 57.591048317404372 38.259601782734720 -55.965600534757058 45.465472188802210 27.305187219990472 
-8.479103448362885 -6.576800508112544 -38.798809259152890 -53.297221246704162 -20.335820841446168 49.192966883250975 -101.193713378999576 -69.481672277616624 -38.617784128164899 102.194286964131905 -36.523193718055921 -46.938475195264516 37.888375762274691 
-6.860811515005132 -12.729606654412287 -42.259377576930994 -36.132138710544389 21.480629882187028 81.480176215506802 -67.319722417448119 23.494254075283209 -84.190549440631500 52.905108864613958 18.319096943016145 -63.431091155362651 1.538490663579012 
-5.243048682706787 -17.836296345144628 -40.459724239964459 -12.351083950114498 53.859723955121822 74.564388546737106 3.150000537959315 89.760754799071691 -55.546477185157045 -35.595333891613080 47.933540452736416 -12.166739263169632 -32.831608205522897 
-3.649121246900735 -21.715821878976143 -34.060716038770174 12.598045657274191 67.358376583590456 35.002437278085957 65.712020199340188 86.130551500480024 12.525948288858675 -77.313693783471123 27.850116437115503 40.283504899059579 -29.266330601381064 
-2.099313784033689 -24.272380494058837 -24.178256694665226 33.640564542797605 59.420416043019124 -17.537342994953370 87.109255450801840 22.540759387489842 64.687075449728326 -44.851798412749346 -18.113274469680160 45.577482213483478 4.755707372557779 
-0.610972254952381 -25.488755907933474 -12.194674902768119 47.018136148045890 34.184796502409256 -60.080897079786041 60.038538141809362 -53.307008078199281 65.036056173055684 23.965190082854988 -46.250761186848379 7.871971902509372 33.461743913216822 
0.801372866166992 -25.416528266351754 0.429523717874319 50.829092244949699 0.379947859946324 -75.932449905953177 2.617092477001361 -90.711302127372988 16.953731551536308 67.680076118927360 -31.453640549514230 -32.679712970847120 28.898612984583913 
2.125853370427376 -24.164263936846123 12.322698870521053 45.138546458132296 -31.748006964470910 -60.517044740615880 -53.779685078900457 -67.177229852596781 -43.604883788122379 51.314521975586089 13.496543041108785 -39.752915703599626 -4.677263213939263 
3.353088532691920 -21.884679541117848 22.333612920200324 31.713834951873075 -53.461491149560686 -21.890070879745956 -80.906603598293131 0.383653956854602 -73.464126615505904 -9.756859994620630 49.302651224842968 -9.904451824097066 -35.677018850563627 
4.475996013371851 -18.761627243181806 29.619845586252914 13.496442338512450 -59.708421671684604 23.573157129446649 -66.634754019313419 68.160177545139163 -50.301976412808884 -64.387010428012644 42.200443641103256 28.022179447023419 -33.342657226372580 
5.489594517163180 -14.997586585983628 33.691543296086735 -6.052914764619631 -50.013321115258456 58.168344760365308 -19.441434676606718 92.850457305719161 12.431977735862674 -65.674851896659391 -6.810298041997529 38.989062778605074 3.700945899604491 
6.390803233182830 -10.802184985756833 34.413909114043086 -23.601951822166711 -28.052556823413035 69.674994856830580 36.717575422724629 58.078194172278884 72.405532290242846 -8.213262961324979 -57.953796245744222 12.123251551356589 42.320898142808346 
7.178242149741481 -6.382114129951468 31.975369433043589 -36.478150788232170 -0.225667755318941 55.457757899464603 74.321154665584501 -15.154696977351286 84.417467391847410 63.958972111682343 -60.865784923427739 -28.356175147333090 41.131341975851257 
7.852036518409307 -1.932669769921663 26.830390354409964 -43.014093382800631 26.259158298480351 22.527190849259021 75.489523982386871 -80.542593893435026 31.907009620764008 87.497133947647640 0.682124874370675 -42.135285552483921 -8.419139847191246 
8.413628029096650 2.368978203355180 19.626574776341300 -42.681736506138435 45.227118964153675 -16.115635568377609 40.478542918617876 -95.250957204464115 -55.342293862673088 31.247806907751880 80.952112333351891 -10.126590260356920 -61.143565427359022 
8.865594642783190 6.368778295368106 11.125214032141255 -36.031394072810265 52.860266714098351 -47.021908098948217 -12.657606477926109 -48.794666604069363 -113.019240080475868 -67.533149740857823 94.273390423384200 39.814245375903639 -48.742572697366995 
9.211480503191110 9.939124623488247 2.123250650554880 -24.480732172151811 48.270110038613595 -61.163362770702015 -57.509022999401978 27.603402660114611 -84.970587642103268 -118.767013104800085 -7.812356826119654 49.027446091149699 42.229608063746269 
9.455636904972973 12.980650904487081 -6.616993237971524 -10.012757946458542 33.326300128192891 -56.048197880169290 -73.496253518662400 81.732365029673630 24.267500646603878 -54.225758827408796 -151.289742145615946 -10.706228553304527 109.496693299748586 
9.603074925651683 15.422666151195552 -14.425645447218741 5.160698604770779 11.932061708407026 -34.724997356169155 -56.867789554212635 81.029933968625812 129.322018681977170 85.432532428823436 -146.259953924320257 -77.504317601564267 3.423083547126566 
9.659330022986136 17.222434271847334 -20.767608685867785 18.926680282696559 -10.993624678002533 -3.551176456458435 -20.499109426842239 39.534248381800779 120.559877173047084 148.708051525068242 116.968301970426978 -31.742625809229921 -211.407298198759918 
9.630338649011970 18.363511651388041 -25.268012774415684 29.557804367241900 -30.614164413893434 28.452081383543685 19.283240861656367 -6.735810971569919 -4.584750655952519 37.296702062266263 343.487784177633216 118.734247758019208 -29.363135662461339 
9.522326725198333 18.853351020344380 -27.721762770377559 35.913495132023854 -43.208001922851594 49.493309967562340 55.131960878775047 -59.036139820827344 -75.870848077707649 -80.784282439342462 -80.978777730070078 63.448207379753967 690.626932214429644 
9.341709645380869 18.720350433558558 -28.092256475296789 37.443752918575129 -46.833231902658824 58.525765823185978 59.120001538886363 -55.030754540020901 -181.948837861595791 -185.323323230473818 -24.565528632345860 -202.921549212902335 -2702.146954176754662 
