******************************************
ASBF EIGENVALUES
5 1
61.799295666088121 
241.930974972389635 
554.843671336190255 
1123.046950373143318 
2446.302184575245519 
******************************************
ASBF QUADRATURE VANDERMONDE
9 5
-0.136031687138507 -0.267851376574051 -0.486667677085152 -1.358083317771841 -0.978006998032699 
-0.668226556482953 -1.272761415980503 -1.804615254379441 -2.948535831712237 -1.526714370193943 
-1.392926293695489 -2.101136528882610 -1.603431271887148 0.043533780691771 0.852477927767085 
-1.923059352627871 -1.350727091340164 0.801187813006869 1.612545316285686 0.219134580379718 
-1.961036378709425 0.616433065402932 1.764491440611223 -0.838671206200089 -1.089065097299878 
-1.536102992666843 1.854129041645621 -0.469563948034113 -1.032791756528384 1.314644134856848 
-0.923030217700634 1.608905330806572 -2.105408006982540 1.293012967374085 0.330813342808448 
-0.390710641789018 0.763805757838669 -1.215712046807927 1.583613128490174 -3.409686866178387 
-0.074761209250162 0.151134391554644 -0.181053263573938 0.395043417768642 -1.706080878820432 
******************************************
ASBF QUADRATURE NODES
9 1
1.007959940123093 
1.040992223168341 
1.096657141824852 
1.168936644149048 
1.250000000000000 
1.331063355850952 
1.403342858175148 
1.459007776831659 
1.492040059876907 
******************************************
ASBF QUADRATURE WEIGHTS
9 1
0.020643354122296 
0.048940513625213 
0.078356312195175 
0.106698767120969 
0.128999748047367 
0.138348644939842 
0.128309798516977 
0.096136601694663 
0.045232926404164 
******************************************
ASBF GLL VANDERMONDE
5 5
0.000000000000000 0.000000000000000 0.000000000000000 0.000000000000000 0.000000000000000 
-1.277940783752742 -2.047194462436827 -1.826025346866551 -0.576854972510736 0.525443429932394 
-1.961036378709425 0.616433065402932 1.764491440611223 -0.838671206200089 -1.089065097299878 
-0.826123368343099 1.482849394846244 -2.095240818170663 1.539281229891065 -0.355831280577343 
0.000000000000000 0.000000000000000 0.000000000000000 0.000000000000000 0.000000000000000 
******************************************
ASBF GLL NODES
5 1
1.000000000000000 
1.086336582323006 
1.250000000000000 
1.413663417676994 
1.500000000000000 
******************************************
ASBF PLOT VANDERMONDE
10 5
0.000000000000000 0.000000000000000 0.000000000000000 0.000000000000000 0.000000000000000 
-0.881363369443333 -1.612748526899762 -2.018710038298129 -2.430760377604957 -0.900409813618836 
-1.537845907930173 -2.100610283972037 -1.197333530616733 0.787320084665667 1.115032201110153 
-1.913819391084954 -1.397717231670203 0.729071111772857 1.643848592043240 0.288957643467497 
-2.008744873080531 -0.063500059507035 1.847346159022900 0.064282900065876 -1.098966431134822 
-1.858436504745722 1.199229679575634 1.251517332673580 -1.401332298061847 -0.491599076304269 
-1.519369640462613 1.866100845533140 -0.548529777223941 -0.976609772472115 1.374092240882965 
-1.056033233853621 1.752907398240037 -1.994979647825693 0.855955054000052 1.083428596134197 
-0.531326522258316 1.017236495208071 -1.626623112054360 1.782778128087706 -2.651604175105925 
0.000000000000000 0.000000000000000 0.000000000000000 0.000000000000000 0.000000000000000 
******************************************
ASBF PLOT NODES
10 1
1.000000000000000 
1.055555555555556 
1.111111111111111 
1.166666666666667 
1.222222222222222 
1.277777777777778 
1.333333333333333 
1.388888888888889 
1.444444444444444 
1.500000000000000 
******************************************
ASBF GLL DERIVATIVE VANDERMONDE
5 5
-17.230213907685009 -33.729207810414458 -64.909626106820667 -203.226545241177632 -153.659272473825666 
-11.596080765429853 -7.466092941529737 18.319475872388040 62.483979819809306 36.860893121391157 
2.748974287427036 23.136059178989122 -11.138377155152405 -27.838679864052747 11.537346480440929 
9.453685978424632 -13.062941673989663 4.672271359808832 20.541997097568050 -71.308986928892836 
9.346101704121192 -19.024691222346682 18.938573168165799 -50.839827831279294 259.166652675976593 
******************************************
ASBF QUADRATURE DERIVATIVE VANDERMONDE
9 5
-16.938414575009954 -33.447237491182804 -57.262948620809944 -139.918873865764169 -94.337066496725981 
-15.141211098473569 -25.977939944998319 -22.230013689717921 18.946921986154649 34.077180757694634 
-10.682211487994246 -3.001640304131239 24.599677658268568 57.162649070749730 26.253428994139469 
-3.966280118600470 20.929262643444126 31.422630666177323 -14.734928979283387 -30.919028081131856 
2.748974287427036 23.136059178989122 -11.138377155152405 -27.838679864052747 11.537346480440929 
7.325298073629517 5.571967524667372 -34.897919938069244 24.151235152056280 26.988845305598456 
9.319819401000821 -11.327210879817304 -2.680131619839557 26.913397203618466 -61.142422391444612 
9.648842843709522 -17.895655867027394 31.012551526929137 -21.058407256252281 -33.165248553075202 
9.435943326462281 -18.944209004310988 26.069966647994626 -48.054353311447400 172.408416654927692 
******************************************
ASBF PLOT DERIVATIVE VANDERMONDE
10 5
-17.230213907685009 -33.729207810414458 -64.909626106820667 -203.226545241177632 -153.659272473825666 
-14.108820899297939 -20.570828800627055 -7.370693824273886 48.948783750115496 48.859341161403691 
-9.364199954306255 3.012805328184697 31.146506130148449 45.038219354604223 10.008728414437218 
-4.174849456352165 20.468477126453873 32.109002975344261 -12.833440738605178 -30.580542853791609 
0.645382084094147 25.358360029696804 5.308372965140888 -35.361316772665191 -10.641826301379449 
4.592498831518848 18.478279751038809 -25.118174962847547 -11.626101113519752 30.111229587175195 
7.417560427148862 4.975975673739701 -34.666713538363425 25.340287559563748 25.368308193601010 
9.071884790736098 -8.530637756280328 -12.445511509647478 32.989050063461001 -42.393948541519322 
9.652250922341867 -16.835209637915082 24.846052005417867 -6.311147479341557 -66.528313426119894 
9.346101704121192 -19.024691222346682 18.938573168165799 -50.839827831279294 259.166652675976593 
