******************************************
ASBF QUADRATURE NODES
10 1
-0.973906528517172 
-0.865063366688985 
-0.679409568299024 
-0.433395394129247 
-0.148874338981631 
0.148874338981631 
0.433395394129247 
0.679409568299024 
0.865063366688985 
0.973906528517172 
******************************************
ASBF QUADRATURE WEIGHTS
10 1
0.066671344308688 
0.149451349150580 
0.219086362515982 
0.269266719309996 
0.295524224714753 
0.295524224714753 
0.269266719309996 
0.219086362515982 
0.149451349150580 
0.066671344308688 
******************************************
ASBF GLL NODES
6 1
-1.000000000000000 
-0.765055323929465 
-0.285231516480645 
0.285231516480645 
0.765055323929466 
1.000000000000000 
******************************************
ASBF PLOT NODES
13 1
-1.000000000000000 
-0.833333333333333 
-0.666666666666667 
-0.500000000000000 
-0.333333333333333 
-0.166666666666667 
0.000000000000000 
0.166666666666667 
0.333333333333333 
0.500000000000000 
0.666666666666667 
0.833333333333333 
1.000000000000000 
******************************************
ASBF INITIAL BASIS QUADRATURE VANDERMONDE
10 6
0.051506073711631 -0.050162101446044 0.046200322453255 -0.039827489867603 0.031376182339765 -0.021287447773682 
0.251665371612719 -0.217706493646333 0.124994453074783 0.001450248857693 -0.127503567393529 0.219147081690910 
0.538402638503733 -0.365795904196877 -0.041352163791830 0.421986015696953 -0.532050509713954 0.300974398539114 
0.812168432347554 -0.351990057836601 -0.507066692656214 0.791510796063709 -0.179007574178957 -0.636348679736890 
0.977836431192782 -0.145574752325983 -0.934491741142892 0.423818432818866 0.808300363074613 -0.664488797321557 
0.977836431192782 0.145574752325983 -0.934491741142892 -0.423818432818866 0.808300363074613 0.664488797321557 
0.812168432347554 0.351990057836601 -0.507066692656214 -0.791510796063709 -0.179007574178957 0.636348679736890 
0.538402638503733 0.365795904196877 -0.041352163791830 -0.421986015696953 -0.532050509713954 -0.300974398539114 
0.251665371612719 0.217706493646333 0.124994453074783 -0.001450248857693 -0.127503567393529 -0.219147081690910 
0.051506073711631 0.050162101446044 0.046200322453255 0.039827489867603 0.031376182339765 0.021287447773682 
******************************************
ASBF INITIAL BASIS QUADRATURE DERIVATIVE VANDERMONDE
10 6
1.947813057034343 -1.845481778865107 1.546516245465989 -1.074442112062766 0.466641149702214 0.228264752402803 
1.730126733377969 -1.245003885161843 -0.011525215792697 1.514932875262304 -2.606600153256380 2.739808598326616 
1.358819136598049 -0.384792084488800 -1.567548096976968 2.432102108615298 -0.893266758976059 -2.282415161859618 
0.866790788258494 0.436505297042663 -1.949129674434316 0.238848964565852 3.325119184290972 -3.479046791728778 
0.297748677963262 0.933509293578347 -0.866849340644600 -2.544389530693875 2.472074825269998 3.424933245792696 
-0.297748677963262 0.933509293578347 0.866849340644600 -2.544389530693875 -2.472074825269998 3.424933245792696 
-0.866790788258494 0.436505297042663 1.949129674434316 0.238848964565852 -3.325119184290973 -3.479046791728780 
-1.358819136598049 -0.384792084488800 1.567548096976968 2.432102108615299 0.893266758976061 -2.282415161859618 
-1.730126733377969 -1.245003885161842 0.011525215792697 1.514932875262305 2.606600153256383 2.739808598326617 
-1.947813057034343 -1.845481778865105 -1.546516245465988 -1.074442112062767 -0.466641149702214 0.228264752402803 
******************************************
ASBF INITIAL BASIS GLL VANDERMONDE
6 6
0.000000000000000 0.000000000000000 0.000000000000000 0.000000000000000 0.000000000000000 0.000000000000000 
0.414690351327181 -0.317261061065040 0.070754176359459 0.208999342436943 -0.390546295617741 0.388579702969623 
0.918642982006152 -0.262025930861916 -0.769166874772158 0.700807199097798 0.369382274453721 -0.911526131704807 
0.918642982006151 0.262025930861917 -0.769166874772157 -0.700807199097798 0.369382274453720 0.911526131704807 
0.414690351327180 0.317261061065040 0.070754176359460 -0.208999342436941 -0.390546295617739 -0.388579702969623 
0.000000000000000 0.000000000000000 0.000000000000000 0.000000000000000 0.000000000000000 0.000000000000000 
******************************************
ASBF INITIAL BASIS GLL DERIVATIVE VANDERMONDE
6 6
2.000000000000000 -2.000000000000000 2.000000000000000 -1.999999999999999 2.000000000000000 -2.000000000000001 
1.530110647858930 -0.755928946018456 -1.007977840661393 2.439754925539223 -2.307118464198557 0.309299011167450 
0.570463032961290 0.755928946018455 -1.525744413934042 -1.423881909666211 3.739630804896537 0.029325327456905 
-0.570463032961290 0.755928946018454 1.525744413934043 -1.423881909666208 -3.739630804896539 0.029325327456899 
-1.530110647858932 -0.755928946018461 1.007977840661385 2.439754925539221 2.307118464198569 0.309299011167478 
-2.000000000000000 -1.999999999999998 -2.000000000000000 -2.000000000000001 -2.000000000000000 -1.999999999999999 
******************************************
ASBF INITIAL BASIS PLOT VANDERMONDE
13 6
0.000000000000000 0.000000000000000 0.000000000000000 0.000000000000000 0.000000000000000 0.000000000000000 
0.305555555555555 -0.254629629629630 0.118827160493827 0.056584362139917 -0.213134430727023 0.298639689071788 
0.555555555555555 -0.370370370370370 -0.061728395061728 0.452674897119341 -0.541838134430727 0.269775948788295 
0.750000000000000 -0.375000000000000 -0.375000000000000 0.750000000000000 -0.375000000000000 -0.375000000000000 
0.888888888888889 -0.296296296296296 -0.691358024691358 0.757201646090535 0.186556927297668 -0.881572930955647 
0.972222222222222 -0.162037037037037 -0.918209876543210 0.468106995884774 0.762174211248286 -0.722165066300869 
1.000000000000000 0.000000000000000 -1.000000000000000 0.000000000000000 1.000000000000000 0.000000000000000 
0.972222222222222 0.162037037037037 -0.918209876543210 -0.468106995884774 0.762174211248285 0.722165066300869 
0.888888888888889 0.296296296296296 -0.691358024691358 -0.757201646090535 0.186556927297668 0.881572930955647 
0.750000000000000 0.375000000000000 -0.375000000000000 -0.750000000000000 -0.375000000000000 0.375000000000000 
0.555555555555555 0.370370370370370 -0.061728395061728 -0.452674897119341 -0.541838134430727 -0.269775948788295 
0.305555555555556 0.254629629629630 0.118827160493827 -0.056584362139918 -0.213134430727024 -0.298639689071788 
0.000000000000000 0.000000000000000 0.000000000000000 0.000000000000000 0.000000000000000 0.000000000000000 
******************************************
ASBF INITIAL BASIS PLOT DERIVATIVE VANDERMONDE
13 6
2.000000000000000 -2.000000000000000 2.000000000000000 -1.999999999999999 2.000000000000000 -2.000000000000001 
1.666666666666667 -1.083333333333334 -0.370370370370369 1.938271604938270 -2.746913580246912 2.213648834019207 
1.333333333333333 -0.333333333333334 -1.629629629629629 2.382716049382716 -0.641975308641976 -2.610425240054867 
1.000000000000000 0.250000000000000 -2.000000000000000 1.000000000000000 2.499999999999999 -4.250000000000000 
0.666666666666667 0.666666666666667 -1.703703703703704 -0.913580246913579 3.827160493827161 -1.264746227709193 
0.333333333333333 0.916666666666667 -0.962962962962963 -2.432098765432099 2.709876543209876 3.053155006858713 
0.000000000000000 1.000000000000000 0.000000000000000 -3.000000000000000 0.000000000000000 5.000000000000000 
-0.333333333333333 0.916666666666667 0.962962962962964 -2.432098765432098 -2.709876543209877 3.053155006858709 
-0.666666666666667 0.666666666666667 1.703703703703704 -0.913580246913581 -3.827160493827161 -1.264746227709189 
-1.000000000000000 0.250000000000000 2.000000000000000 1.000000000000000 -2.500000000000001 -4.250000000000000 
-1.333333333333333 -0.333333333333334 1.629629629629629 2.382716049382717 0.641975308641977 -2.610425240054868 
-1.666666666666667 -1.083333333333333 0.370370370370371 1.938271604938272 2.746913580246915 2.213648834019204 
-2.000000000000000 -1.999999999999998 -2.000000000000000 -2.000000000000001 -2.000000000000000 -1.999999999999999 
