******************************************
ASBF EIGENVALUES
30 1
39.478417604357048 
157.913670417429415 
355.305758439214515 
631.654681669720048 
986.960440108933881 
1421.223033756867380 
1934.442462613511680 
2526.618726678871099 
3197.751825952947001 
3947.841760435760534 
4776.888530141603951 
5684.892135353339654 
6671.852658746671295 
7737.770558358536618 
8882.707461402342233 
10106.743864785761616 
11417.571959254566536 
12811.823846372646585 
14468.254530782694928 
16163.572182557169072 
19090.591795275980985 
21449.865975890970731 
27769.545739512464934 
31419.175067904936441 
46850.548469534842297 
53287.287342596144299 
101716.949575850187102 
116109.209261409792816 
398482.285605886019766 
455826.357894392451271 
******************************************
ASBF QUADRATURE VANDERMONDE
34 30
0.007623913769230 0.015247716620310 -0.022871297636678 -0.030494545905052 0.038117350516915 0.045739600570291 0.053361185170313 -0.060981993449965 -0.068601916032382 -0.076220832848387 -0.083838230261660 0.091455366330212 -0.099101304323480 0.106698754102559 0.113512287213409 -0.121351583866760 0.138754018265426 0.144244986322980 0.126154886661804 -0.136995773389436 -0.324626932084810 0.281935078599191 -0.218352319881220 0.207779009232409 1.020361406467941 -0.782997452384807 -0.797294389483788 -0.659612776709782 9.265977612191591 6.770734748861628 
0.039994601858471 0.079973106274917 -0.119919422286322 -0.159817471885298 0.199651196491074 0.239404563413265 0.279061572305611 -0.318606261581677 -0.358022712852375 -0.397295073276007 -0.436408086130517 0.475344239617553 -0.514047845180449 0.552603893530339 0.592093041840248 -0.629926958641884 0.660921400313080 0.698760016046361 0.879242729461558 -0.879210384154508 -1.091434327153630 1.019499367819325 -2.163185517220276 1.798369491568538 2.889526523650863 -2.299049785841685 -8.140925223890129 -6.068591205681463 8.766632358643534 5.358700234862802 
0.097503548757672 0.194771575183578 -0.291569125856162 -0.387662383800225 0.482819233277723 0.576809820469410 0.669407108691384 -0.760387426831445 -0.849531011663208 -0.936622523837406 -1.021451024228470 1.103813199135991 -1.183552379520119 1.260382054303342 1.333131326183604 -1.403670119021946 1.495504953785753 1.555435430972982 1.728045485933188 -1.723652888780978 -2.624268266047665 2.352053943661395 -3.382018318378667 2.732964183010806 5.792029090999297 -4.301833357650524 -3.151906677789931 -1.281867875352155 -5.587987473026001 -3.837745902821005 
0.178866035621819 0.356256740266384 -0.530708951848528 -0.700783745695376 0.865078303150275 1.022237482365456 1.170964995845793 -1.310034102530861 -1.438297724590697 -1.554697918306347 -1.658275059518874 1.748173922332761 -1.823617161965355 1.884039112195163 1.930127819175457 -1.959427816450176 1.975801166864691 1.963069201025877 2.205108676059613 -2.081164920772788 -2.435369209574680 1.954062807262011 -2.767165817521570 1.901239337581522 -0.570859729498839 1.385593823133730 5.437411945674370 3.453433562063448 2.249171582205098 1.941761729038987 
0.282111252880091 0.558316800794478 -0.822834568553909 -1.070127152461721 1.295017740087158 1.492798481436524 1.659329042884262 -1.791123280742858 -1.885422220996883 -1.940251814969481 -1.954463981101688 1.927760959899472 -1.860725381788790 1.754762644444866 1.611516566394797 -1.433921885703579 1.243466647971695 1.012356250019738 0.752423849910594 -0.378328946749020 0.032442909262651 -0.419080225192113 2.609679575468512 -2.710985876847640 -4.296251403863968 2.336447759552406 -2.786072038677880 -2.299162656885285 -0.757047783404388 -1.033320586335934 
0.404514732856804 0.791156292308619 -1.142841217417254 -1.444030579338310 1.681416556981219 1.844510432883520 1.926106029152183 -1.922598106924976 -1.834141661117668 -1.664645061245827 -1.421597396336727 1.115739236595916 -0.760580338902155 0.371729963547708 -0.033379913335685 0.435449565865200 -0.830867342769889 -1.194969998746700 -1.662782000658698 1.796019671056289 2.778107102141794 -2.498610789172639 2.237064484070535 -0.618192520088810 3.432704710236294 -2.591113713858138 0.792324138787608 1.189450994971615 0.069085496594474 0.573272708684758 
0.542538475754085 1.040498452475532 -1.452964291306195 -1.746045109259879 1.895659475169008 1.889514097103096 1.728113919398473 -1.424720633105612 -1.004263007802043 -0.501288604679757 0.042874610326410 -0.583517925354581 1.076237558022161 -1.480376027991355 -1.762602068490023 1.902814795245497 -1.902928836769936 -1.698962218806057 -1.463009140295726 0.967020306953571 -0.068447048248938 1.122144501793006 -3.536440066259831 2.353455314194662 -1.240479405815901 1.591150306118657 0.130623445614529 -0.567010021629155 0.280862699536991 -0.304213865294332 
0.691812989105041 1.287313086089314 -1.703595896987897 -1.882707318467704 1.799711798166652 1.466163814996150 0.928499286502048 -0.261570848553673 0.441772984298230 1.083614048204295 1.574597096391254 -1.846363602967184 1.861034678386651 -1.616826579539518 -1.148791583805862 0.516113653466804 0.204257721982116 0.858859105286566 1.578244267438528 -1.993996849400155 -2.623363694956977 1.306283810739419 1.948796567647481 -2.041242528355975 -0.126589147425607 -0.745505435794449 -0.504625106534631 0.232671688746832 -0.462332892113828 0.128205209240418 
0.847185728300151 1.508412055644652 -1.838538137916748 -1.765100468652168 1.304218801203497 0.557057822282535 -0.312378751548998 1.113247402764454 1.669755449017492 1.859747934645489 1.641520059407396 -1.062979386396188 0.251187166835295 0.615999707507535 1.350091957524308 -1.782101685290440 1.816569563209865 1.481123373231944 0.862596314128958 0.324472036650004 2.465669816818965 -2.142730051419400 -0.206939610189605 1.143045779243728 0.688435771184267 0.247836222871308 0.637597514189878 -0.038551043989149 0.545518181419768 -0.004142790652949 
1.002853608379565 1.678150006666902 -1.805320407593253 -1.342827759902427 0.441733793940685 -0.603641538650922 -1.451852363240899 1.825851692093409 1.603481933975665 0.857374686618549 -0.168771417749685 1.139797916533963 -1.738636816404002 1.769312977542711 1.219453198192456 -0.277192483822603 -0.738179714268551 -1.570588704895616 -2.187839695814936 1.427601061000592 -0.891780017618194 1.667265359355750 -0.738372431817432 -0.419514473619821 -0.833480885677805 0.022840129280930 -0.658851950727187 -0.085127513014600 -0.565144324898757 -0.087539861979969 
1.152586801021517 1.771253379749448 -1.569410824227383 -0.640559964082359 -0.585021622210237 -1.539599866888785 -1.780979329100803 1.197344242843715 0.059055660676144 -1.106589693433684 -1.759623823512274 1.597530887102886 -0.695287037289890 -0.528772432388042 -1.504719215939011 1.789552401896505 -1.287624930209448 -0.100197262913162 1.551736465310374 -1.911195699408401 -0.473438289302229 -0.836098083618514 1.035785383476066 -0.018310625316974 0.802526730949762 -0.173907982712954 0.622078683264146 0.169802582423917 0.541406263357454 0.157171353688022 
1.290037578368818 1.766497728037328 -1.128895230632572 0.220658371461261 -1.431051166548478 -1.738934648774263 -0.950138465270470 -0.437873758545129 -1.549735732219576 -1.684238538217341 -0.756554899747326 -0.648254741750328 1.644109735309649 -1.603303831886452 -0.555114564974336 -0.848600542789827 1.778660801704146 1.501872209842370 -0.130552981378282 1.403932353679324 1.139832179238313 0.152936481304088 -1.002319538088454 0.256166032470025 -0.702886826871348 0.263641981740095 -0.552199596989031 -0.230409150179696 -0.487662987836396 -0.210646812486549 
1.409113346738567 1.650630502158886 -0.524429516199644 1.036315580172601 -1.738366003604687 -1.000000345801183 0.566969056179732 -1.664145937784174 -1.382405736516097 0.044800614408651 1.434883562738720 -1.636019782782505 0.481668081946425 1.071925610154857 1.741402728627011 -0.964301597190104 -0.678059446185469 -1.711779183551947 -0.995848212979549 -0.569276034446596 -1.255983011639960 0.283690437124010 0.839931413999278 -0.381437337175771 0.577784059481818 -0.320200184457352 0.462751858645609 0.274596497906445 0.413607156957669 0.251531118788951 
1.504379717202823 1.421698887812102 0.160817513795554 1.573677858207285 -1.326370883657581 0.320204424233736 1.628976847163177 -1.219243725358029 0.476742850257957 1.669784761935846 1.101271663560190 0.629039819401888 -1.695849710959900 0.973592535909238 -0.779620333181984 1.709863254281563 -0.778284109100689 0.979317688844523 1.467119187805041 -0.178091520859282 1.079863410720241 -0.528622366290676 -0.642100431262741 0.447665872390719 -0.444744630328986 0.357061642893160 -0.362270306586532 -0.306563692199201 -0.326703426316881 -0.282070399581601 
1.571450159767009 1.090898738301040 0.814149618079249 1.656080386367226 -0.335499317831653 1.423177178938953 1.323467138023900 0.504427944632168 1.673640390159518 0.657411126525227 -1.217267339987443 1.502438111626275 0.174361172768920 -1.623599430858964 -0.949711064826085 -0.967564337727204 1.579301934898499 0.077658331108856 -1.375771965932089 0.701523496566966 -0.789204229355405 0.654577380541193 0.444611938059020 -0.482824499831525 0.311517486208761 -0.380872857576476 0.256762931603420 0.328738331116767 0.232901327576855 0.303714521749529 
1.607315737412490 0.682276553291615 1.317701640856126 1.241617143857491 0.790657547588769 1.577237018563205 -0.121148868179984 1.628662529005208 0.570189011670992 -1.386627590007174 -1.158786903575729 -0.894747170176749 1.538542388308319 0.241911366034967 1.639468633707992 -0.447357827813232 -1.426570192224237 -0.970209772679212 0.938217171217150 -1.005369179455307 0.472666379104058 -0.713107311361983 -0.258576615726407 0.500592921194289 -0.182057776709777 0.395017890680283 -0.150754382645327 -0.342558196711020 -0.137024291719145 -0.317400073439769 
1.610572843232534 0.230072874790660 1.577706569634985 0.455450750480903 1.512644710477844 0.671534436815830 -1.416714955391917 0.873914406066258 -1.291874901822216 -1.058460746514284 1.140672045022022 -1.221401959808618 -0.966185708609224 1.359076456597299 -0.771761503034211 1.460333742143428 0.559944089355261 1.441777270143538 -0.340844769819808 1.130869640453937 -0.164185098468393 0.733057570864139 0.085838267721778 -0.507312233206962 0.058714821972191 -0.401208171585074 0.047776182017062 0.348851966691136 0.043008738966781 0.323705957104468 
1.581518541120544 -0.225922421838542 1.549245166283470 -0.447234541101025 1.485357005614944 -0.659420135691335 -1.391157797580431 -0.858149224557594 -1.268569824076796 1.039366387402720 1.120094315897167 1.199366770288876 -0.948728879881571 -1.334493959855664 -0.756900197432049 -1.432699818925624 0.536126311587398 -1.408546074460502 -0.285439457132740 -1.108234793618833 -0.127988933655772 -0.726621826871678 0.074853757228054 0.505422433789164 0.056955186079593 0.400178964901709 0.049366542136469 -0.348023162660342 0.045926752127921 -0.322934971245608 
1.522100264316487 -0.646104121256254 1.247840713030153 -1.175790007436730 0.748739052419195 -1.493616236663976 -0.114725887382873 -1.542315307610230 0.539959152892793 1.313112429014821 -1.097350941410686 0.847314152041538 1.456951214560243 -0.229267062492849 1.551818616408621 0.420035479273393 -1.339577167743603 0.897087457279747 0.838397219836675 0.942093987455586 0.403368917987294 0.693482899352560 -0.225515327695130 -0.494807860496924 -0.163856280839362 -0.391950816124000 -0.138418771145728 0.340123487240547 -0.127143407742174 0.315147034520901 
1.435726249490185 -0.996679369294698 0.743832676094613 -1.513047084055033 -0.306522719987745 -1.300259394660639 1.209161167848162 -0.460861222001986 1.529090455926343 -0.600631512849507 -1.112133863955754 -1.372680719649839 0.159315249931919 1.483635902005676 -0.867298507609340 0.889241455734523 1.436067697096596 -0.034892133342400 -1.208182654883533 -0.613527855813044 -0.656871017515151 -0.621174265609131 0.367763540812299 0.472783277466834 0.261155955094188 0.375820776568633 0.217529586791598 -0.324847946659031 0.198454838985185 -0.300154722576553 
1.326961595535773 -1.254031680279766 0.141851596545746 -1.388087101751661 -1.169946127247053 -0.282441307084943 1.436864437538054 1.075452946142067 0.420518467278709 -1.472859635878620 0.971393911247243 -0.554847064131853 -1.495854483318876 -0.859079306646728 -0.687687414965705 -1.514077620411499 -0.686092335703231 -0.911950115088547 1.255858822120733 0.097418385776830 0.865540037572522 0.481970937130289 -0.501243507904150 -0.432747762800600 -0.348044558468989 -0.350083476970879 -0.285100301603935 0.301452037293402 -0.257996658895343 0.277481500246715 
1.201148909321607 -1.407021679235432 -0.447031420756336 -0.883370618636415 -1.481808709046966 0.852414979575952 0.483292749320378 1.418542435155453 -1.178382950281600 -0.038188766263798 1.223115863014070 1.394559481649131 0.410575937346989 -0.913413423879016 1.484113049852764 0.827340465448599 -0.571488252801471 1.511884695782920 -0.838459149691450 0.592467511190737 -0.970245004795819 -0.228756644012550 0.619882419549561 0.360868673506144 0.423235175017959 0.311319088773718 0.339588211456912 -0.268559187938255 0.304079398102377 -0.246272756734710 
1.063999825340114 -1.456975599479841 -0.931092511071754 -0.181995061718622 -1.180305300242213 1.434242066741320 -0.783657141503383 0.361150411637532 -1.278194198002615 1.389129761105218 -0.623993024622279 0.534676431047045 1.356043994608373 1.322085979843533 -0.457418407916474 0.695817870510284 1.456056203056489 -1.282265329421083 -0.070489809707267 -1.316366124672134 0.857280865360598 -0.200639363969889 -0.702968062811643 -0.229615851169758 -0.483718817889149 -0.252800614124951 -0.379195887211388 0.223773089071221 -0.335003894501598 0.205134813313589 
0.921203446497744 -1.415671875298082 -1.254349484973975 0.511966687522535 -0.467577742672509 1.230523117520038 -1.423445327202443 -0.956975771407968 0.047200156536997 0.884440262113595 -1.406376777418600 -1.276831123863097 -0.555723361140942 0.422872465347051 -1.203107624533806 -1.427354637153259 -1.019177015984196 0.099477843372595 1.150565672190328 1.708548369828468 -0.372435781360577 0.843711460590448 0.696905243297273 -0.012120889786586 0.521520255911087 0.160978236126805 0.401282440777436 -0.162892421279568 0.348800128875692 -0.151849461283954 
0.778090697973706 -1.302037405142180 -1.400705949774836 1.041868703697709 0.342730936174472 0.468351374727286 -1.126458347688317 -1.416635694105281 1.244104191781869 -0.665216951227341 -0.130946019065755 -0.884337154677878 -1.348949996657631 -1.372967116950882 0.946629399219686 0.212530277011101 -0.577006760810865 1.225338720016760 -1.590195980522487 -1.234998462115049 -0.548909862100826 -1.590017022525493 -0.489234699766053 0.444381868831286 -0.515370801148488 -0.007904157589643 -0.401070605617197 0.078237452430408 -0.342808218253730 0.082853132917307 
0.639381703760078 -1.138417513294790 -1.387567811615234 1.332143480767795 0.984310300956773 -0.420418531150812 -0.235756165044172 -0.840181789243841 1.260185396868573 -1.403575147237607 1.238876005152486 0.802239981289858 0.189557569399343 -0.464769164556798 1.018429113723940 1.347248886288398 1.371619212382503 -1.128365237718218 0.599614098971531 -0.261428126288798 1.555986389431586 1.971366236802535 -0.087972889996397 -1.137796184114365 0.411288234236175 -0.263238872332342 0.368465238247862 0.045148819699804 0.312917357398933 0.007766714311518 
0.509029223089829 -0.947192363261480 -1.253489179242792 1.385277609292852 1.324210318154740 -1.078788978269123 0.683180683061848 0.192461268995249 0.325052236593287 -0.797312583749787 1.158572947604914 1.358538560916718 1.369344481131762 1.189573988379044 -0.844875316934100 -0.380725772700264 0.146009255285195 -0.644074013084014 1.119405047550269 1.612933832856183 -1.625983090227556 -1.163496418891444 1.091436276750890 1.967607303081329 -0.089117186838070 0.754501590009273 -0.279633154667071 -0.238558889576516 -0.252004542843317 -0.130355993389084 
0.390157542419656 -0.748257196957395 -1.044875160847575 1.255639367946841 1.363232056617695 -1.358812709952748 1.242744450292557 1.024564202723053 -0.722199078636312 0.360493373540515 0.030832690368040 0.419626466157063 0.773949086774795 1.064608004702435 -1.267735487616293 -1.368929033997817 -1.361660536361458 1.239316558821613 -1.009064709107155 -0.771894985333521 -0.051461947372136 -0.994812864067432 -1.963702680783407 -2.209600576785824 -0.638603416708644 -1.573819741318116 0.074791813337285 0.570814201182547 0.146303172875119 0.304454417785574 
0.285085062908480 -0.557573860834064 -0.805426685107013 1.017692348669443 1.184992055881519 -1.299933797417685 1.357438960532727 1.354966723687636 -1.292626320552404 1.173172203712666 -1.001882445724740 -0.786326906971056 -0.536020596316693 -0.261951571257516 -0.023417370749943 -0.306454291504055 -0.584478561895630 0.859761115425405 -1.114158625648309 -1.377727929758823 1.669777630082161 2.160703325769647 1.223898460020451 0.550730934197384 1.758711412364970 2.515388352706306 0.389375140125323 -1.185823651876070 0.034253774406288 -0.570973742119064 
0.195411328702203 -0.386731924962870 -0.569956691559433 0.741250009022975 0.897026030333189 -1.034023746887295 1.149375254314925 1.240665789043371 -1.305984279679191 1.343963365614238 -1.353807752112774 -1.335309656542111 -1.288877524657387 -1.215545962351393 1.116225232039004 0.992667731008972 0.858101371314143 -0.718602383351265 0.499334879805444 0.271877173347399 0.026134679044802 0.330563596376258 1.393915132157701 2.495370614360602 -2.171569768127545 -2.222417771997959 -1.351335396004439 2.271241625495581 -0.365144228692976 1.027067720540011 
0.122145656182373 -0.243283825003171 -0.362415329103942 0.478557542589518 0.590752495967624 -0.698074777716587 0.799639167307158 0.894607936746867 -0.982197759165543 1.061686156459615 -1.132417832285299 -1.193811092994903 -1.245331336092565 -1.286506669663966 1.317914782137764 1.339921271230581 1.346078807524245 -1.354035397815669 1.427344989561941 1.578772828712883 -1.430014192334292 -1.599149023599189 -1.452053706991617 -1.734737550761714 -0.268178541820355 -1.345559224400635 2.596889757722030 -3.375903997933870 1.056362915783789 -1.926981015643072 
0.065854324452045 -0.131549576088295 -0.196927066337376 0.261828874188824 0.326098227655100 -0.389579882458735 0.452120497027694 0.513569002867361 -0.573776970825514 0.632598982804196 -0.689892570018442 -0.745517736783161 -0.799371060134893 -0.851362579672525 0.900520603020672 0.947124161270985 1.004973868648217 -1.074506646328836 1.119251368331077 1.261981212244131 -1.497063055113474 -1.955044965073951 -1.789097255627217 -2.400949230918187 2.824648512942098 4.069075021043659 -1.498069205008296 1.220755644821278 -2.575579854527327 3.798620690716460 
0.026805264598717 -0.053599740336638 -0.080372642695276 0.107113195839392 0.133810636953776 -0.160454220575655 0.187033222919737 0.213536946221308 -0.239954721768108 0.266275902717501 -0.292490251754932 -0.318588571703898 -0.344532022984315 -0.370282120631964 0.396658222849722 0.423584110770086 0.443314960540073 -0.468943065118393 0.553164589366445 0.662139722551821 -0.637485094928731 -0.811282252697976 -1.108939571681908 -1.607681373863833 1.423979092925376 2.118179257216875 -3.775944230337651 5.902073527644932 3.998659852450469 -5.279567655972265 
0.005087753689205 -0.010175433358139 -0.015262964987566 0.020350274560470 0.025437288062985 -0.030523931485652 0.035610130823802 0.040695812060311 -0.045780902084392 0.050865336674401 -0.055948785645624 -0.061030249062636 -0.066129912446202 -0.071266072078664 0.075870920922600 0.080161748463516 0.090934077374988 -0.102456133464709 0.085975482192548 0.090199387167498 -0.174690393111741 -0.242495551175999 -0.124714861209436 -0.166654294574711 0.482457767156847 0.743669876673994 -0.382474633492325 0.618044716039460 4.177154970075421 -6.694011231641674 
******************************************
ASBF QUADRATURE NODES
34 1
1.000607061552290 
1.003193045898423 
1.007822934366664 
1.014459400648723 
1.023047580570419 
1.033516340416359 
1.045778943024767 
1.059733780842532 
1.075265221695934 
1.092244568229868 
1.110531124832563 
1.129973363702418 
1.150410180560339 
1.171672229665134 
1.193583327095888 
1.215961910685204 
1.238622544511724 
1.261377455488276 
1.284038089314796 
1.306416672904112 
1.328327770334866 
1.349589819439661 
1.370026636297582 
1.389468875167437 
1.407755431770132 
1.424734778304066 
1.440266219157468 
1.454221056975233 
1.466483659583641 
1.476952419429581 
1.485540599351277 
1.492177065633336 
1.496806954101577 
1.499392938447710 
******************************************
ASBF QUADRATURE WEIGHTS
34 1
0.001559176448741 
0.003635647535407 
0.005729532969822 
0.007844882444869 
0.009986540709404 
0.012157114070450 
0.014356230712992 
0.016579975488871 
0.018820408750152 
0.021065179497367 
0.023297256300376 
0.025494802177727 
0.027631218984759 
0.029675383718480 
0.031592093628355 
0.033342729277476 
0.034886135033988 
0.036179705364571 
0.037180653378419 
0.037847426073568 
0.038141219474405 
0.038027537134702 
0.037477728078257 
0.036470435814457 
0.034992889093908 
0.033041967854892 
0.030624984425765 
0.027760130341829 
0.024476552804648 
0.020814041713749 
0.016822330033153 
0.012560052945089 
0.008093648353223 
0.003501056032794 
******************************************
ASBF GLL VANDERMONDE
30 30
0.000000000000000 0.000000000000000 0.000000000000000 0.000000000000000 0.000000000000000 0.000000000000000 0.000000000000000 0.000000000000000 0.000000000000000 0.000000000000000 0.000000000000000 0.000000000000000 0.000000000000000 0.000000000000000 0.000000000000000 0.000000000000000 0.000000000000000 0.000000000000000 0.000000000000000 0.000000000000000 0.000000000000000 0.000000000000000 0.000000000000000 0.000000000000000 0.000000000000000 0.000000000000000 0.000000000000000 0.000000000000000 0.000000000000000 0.000000000000000 
0.026414823196119 0.052825019068094 -0.079225961102344 -0.105613024406464 0.131981586519167 0.158327028220371 0.184644734340261 -0.210930094563923 -0.237178503766059 -0.263385365478773 -0.289546221662584 0.315656242860324 -0.341700877621867 0.367691120456757 0.393935682982212 -0.419899986969689 0.446136569780715 0.469931161000679 0.567849376501158 -0.577477598210525 -0.785127853205397 0.716402608585925 -1.368335958335177 1.168721128076891 2.199869629310122 -1.714285835590214 -5.434649422020307 -4.206839226302396 13.291454009411517 9.024568986888355 
0.087799713362383 0.175427745154920 -0.262712749509964 -0.349484051308028 0.435571979911876 0.520808200936811 0.605026045407093 -0.688060835667728 -0.769750208539553 -0.849934426066944 -0.928456374076678 1.005163155275519 -1.079929506471304 1.152568178878017 1.222384087916279 -1.290084018948948 1.373998085338606 1.435528316109697 1.621404562163642 -1.615022957982574 -2.413269979728293 2.190892821520647 -3.330692091542931 2.691881545097274 5.609104803293956 -4.283037964422842 -5.171871090074973 -2.848592852178705 -5.219851032714068 -3.897993900907178 
0.182080065313532 0.362602901668882 -0.540024598216122 -0.712827766419634 0.879534517433498 1.038719101658135 1.189020102380433 -1.329152079190173 -1.457916559708722 -1.574212301439996 -1.677045236751003 1.765534700693012 -1.838882901337545 1.896535578737191 1.939316671871677 -1.964401879311459 1.974406335515852 1.957003464903128 2.198564522526763 -2.064456951024925 -2.373821765856833 1.894202827754542 -2.674912159296539 1.798755550040454 -0.942543296832053 1.651633877871941 5.296429816809441 3.276762787395568 2.414495591448147 1.992034368601904 
0.306126025397622 0.604668892964948 -0.888233290000459 -1.149794940881154 1.382874607919207 1.581698590888042 1.741341749424917 -1.857849505482061 -1.928335806317618 -1.951054597655649 -1.925442331314493 1.852135364524718 -1.733008747476450 1.570896087538611 1.368317462807466 -1.133035413415089 0.894080498370212 0.604551281719909 0.191138485971371 0.177200839915153 0.672704263192277 -1.027224504595725 3.668661492683126 -3.268030544986033 -2.648339970871996 0.822191375094164 -3.181154511849348 -2.087367348292046 -1.567110925229278 -1.294285220991507 
0.455400417297750 0.884996644436912 -1.264446624810867 -1.572249720569246 1.790964995532226 1.908199464688433 1.917310313452199 -1.817781297039457 -1.615251988811190 -1.321198252616287 -0.952282937185180 0.529406969642991 -0.076456203511463 -0.380736910348185 -0.814296791043920 1.203845752030223 -1.563432538024535 -1.794306330409053 -2.008402016173483 1.942468309889813 2.655122647771338 -1.815556675229915 -0.864636619010986 1.789074415737987 2.794918175850407 -1.204850067300171 1.947127026390999 1.281647499833825 1.189014651990455 0.911566238268707 
0.623833370746646 1.178411089538472 -1.602166008358655 -1.848054438061808 1.888778763121424 1.719817920999492 1.359929313629400 -0.849066430727799 -0.243943366572705 0.388261400208723 0.977364025466745 -1.457960719887136 1.776608261668177 -1.898156122866463 -1.811722980741937 1.520708125557566 -1.036150802410457 -0.455275295578857 0.124069841933481 -0.851959533335479 -2.771063130153858 2.600410642352182 -0.915472540207362 -0.563645560666454 -2.053475469953117 0.896031891470742 -1.330454356625111 -0.805228654849034 -0.954349396820780 -0.638435973423575 
0.803824495653089 1.451147642444021 -1.815938265445444 -1.827173119084877 1.482664823208624 0.849487737070989 0.050918855323241 0.757563719807362 1.418551734980824 1.803353489283187 1.837048352293713 -1.513081005960547 0.894626473335632 -0.101806557167241 0.713852544175995 -1.386255981639047 1.770499639818861 1.835121476762935 1.802716499759919 -0.900425976246857 1.415402868335260 -2.072123606085583 1.313051873637290 0.115737157033157 1.428199071271978 -0.542941300838297 0.982740417411799 0.490738002911201 0.778995743894470 0.418892960411181 
0.986434349013244 1.663284701956805 -1.818127356011430 -1.402366266592712 0.546484500922833 -0.480906758262865 -1.357369538420788 1.807833481119539 1.690924320213043 1.043333036158236 0.068301987309109 0.928169724113315 -1.633453321108268 1.825850252568935 1.442226714912159 -0.611113440904286 -0.385967140223364 -1.320385993893762 -2.211892992741766 1.759263888308967 -0.333469732366392 1.426658768227047 -1.148191606721346 -0.069823252613350 -1.012156446675181 0.264703557302704 -0.752895951322000 -0.259318341939511 -0.634571070656154 -0.234215970514286 
1.161802912782162 1.774065558812806 -1.547183759861746 -0.588474069317624 -0.648587649329729 -1.578863229034717 -1.762326324018733 1.112197707820243 -0.064007588621528 -1.209936923069092 -1.783559688108698 1.513541518468887 -0.527498413511013 -0.707758320641918 -1.605315882334884 1.750036384592117 -1.103177644972772 0.156850631720003 1.732407294480208 -1.864821486525556 -0.171589896103055 -1.024426495192994 0.876919048025131 0.154657042667332 0.732935289703434 -0.054788872329046 0.581077353845430 0.078490849587005 0.509251849983053 0.077549685827086 
1.319790783696577 1.749598804682819 -0.999588935544827 0.424479984027789 -1.562306664628111 -1.646613333752037 -0.620548948624048 -0.823974085113113 -1.712861531896596 -1.446704318280486 -0.204980635264780 -1.174962313750773 1.762481927914662 -1.161843664320594 0.219440924632833 -1.460781746396016 1.758617276099055 0.759746146682515 -1.108363354492497 1.679407725676654 0.312626161417089 0.831112712531466 -0.635324139011952 -0.261606433435375 -0.532081194971131 -0.104490294589657 -0.441861286040619 0.065325475967626 -0.397350020826289 0.053430596972411 
1.450788927348492 1.571322177098413 -0.251080543597820 1.299381566747738 -1.658416258569938 -0.496817864353640 1.120322181948260 -1.710217730244071 -0.731982444096165 0.917421276334308 1.725623010747914 -0.951575774286973 -0.694897854306253 1.704595512411038 1.153916571114490 0.464133497640028 -1.696996139832227 -1.255953667655054 0.635900261921640 -1.462835691627011 -0.291132578517919 -0.754396972681329 0.441713818526800 0.356226797663139 0.376808249463295 0.224622854439981 0.323287637319127 -0.177908804006284 0.295842394453821 -0.159155884726185 
1.546596482545154 1.242779747610843 0.547951057896293 1.683090122761081 -0.804509226074578 1.036620417045582 1.637493701858176 -0.279200504953262 1.413139940691722 1.414740248489217 -0.276313387974901 1.636781577726491 -1.039008979969848 -0.802291838414930 -1.685876515771233 0.542310221239271 1.284095315645238 1.456810689209381 -0.341095125045499 1.298821915927701 0.212393955644090 0.731445840393689 -0.286511644888931 -0.429176060298770 -0.249630200599129 -0.311757640381988 -0.219146045468862 0.261653545506274 -0.202987670913349 0.239289584282465 
1.601235694462748 0.792192482572814 1.209307803012947 1.390483261361025 0.521382602117911 1.648431157083324 0.294159279191595 1.502899321666582 1.037701002755062 -0.989509029526445 -1.527249564184625 -0.233927701265545 1.643034164091747 -0.578526215518399 1.358393682739812 -1.240278587643671 -0.768961820194032 -1.508102399310404 0.169916385922664 -1.196439159647169 -0.119735857582450 -0.729113293852343 0.157979930765704 0.478402958195531 0.140874254007114 0.368965744762063 0.125890443995463 -0.317459482115508 0.117691945956428 -0.293273551524472 
1.611568744397174 0.269260094949576 1.566580903211781 0.531003644029694 1.477861081542927 0.777923929944931 -1.347885942742361 1.003128035013431 -1.180283816442040 -1.200329221650315 0.979733734845802 -1.364015861080196 -0.751861387707005 1.489238296665752 -0.503895367187423 1.563458222615139 0.255250721348035 1.500672249995623 -0.065756550446130 1.145882494073577 0.028055476557904 0.731806854077894 -0.046994377280347 -0.503691103365395 -0.044747551138935 -0.397692431922416 -0.041270694568627 0.345600272105419 -0.039182258186687 0.320614278844085 
1.577607139933406 -0.263585807163714 1.533567355896267 -0.519813469369139 1.446717182979334 -0.761530248382459 -1.319481092245163 -0.981988485337744 -1.155410950216540 1.175033934519339 0.959086871520090 1.335271947548220 -0.735989332537559 -1.457884588488676 -0.492316191115122 -1.530932129348378 0.235880442889268 -1.473736647747351 -0.015243671304546 -1.138643493649554 0.058677133712414 -0.733452270816598 -0.053265788975963 0.505166595360369 -0.042668595334634 0.398516964191288 -0.036345350254282 -0.346132767382793 -0.033179491937090 -0.321033361441642 
1.502456324336144 -0.743322553730951 1.134706254044307 -1.304705095658265 0.489218789376114 -1.546740324211650 0.276012751221514 -1.410186269528828 0.973685784148060 0.928466727196893 -1.433034054637369 0.219494369929076 1.541649888684973 0.542923547384272 1.273677915999785 1.164946115480144 -0.707574872019419 1.428357948461691 0.109165026703461 1.172594594977561 -0.139469125340671 0.734023535205424 0.148434484385150 -0.482961949533423 0.124532209136689 -0.371474195263297 0.108357033139881 0.319064012775181 0.100014966322994 0.294533372701579 
1.391904424662834 -1.118475729838913 0.493144469544777 -1.514745840571297 -0.724041444612939 -0.932936652492012 1.473710017252768 0.251274603619144 1.271796334576334 -1.273236543177867 -0.248676545706447 -1.473065264197172 -0.935061688407228 0.721910016787244 -1.516405573452192 -0.489815455487633 1.141634888884467 -1.331051235721814 -0.252565141765368 -1.251465578234461 0.211678065483515 -0.739365864417174 -0.244017210505555 0.437253280039218 -0.204009146625008 0.316064921261828 -0.176201379789306 -0.264352612670329 -0.162016884462604 -0.241398168160732 
1.253728333671647 -1.357889557618413 -0.216976284839412 -1.122886627939486 -1.433153653985250 0.429335116551209 0.968148871190945 1.477918934215254 -0.632557303051132 -0.792808030042646 1.491231981676358 0.822318300021510 -0.600532399819626 -1.472883396662534 0.996431855133783 -0.399000144462564 -1.452643876900710 1.108605300829008 0.486418465713319 1.379214985298476 -0.265311536817408 0.764102444014081 0.346243652843248 -0.368678137575295 0.285042362882154 -0.230961065946588 0.241616020685692 0.181745065434816 0.220029532637846 0.162127683536766 
1.096836965566353 -1.454037009193136 -0.830727194355641 -0.352772078253650 -1.298384351885842 1.368448995677241 -0.515718880751131 0.684779168224984 -1.423505806555390 1.202310897237639 -0.170353255446744 0.976480316165798 1.464763969872959 0.965363190778445 0.182994311807589 1.211726812327367 1.448799409286548 -0.652755136764979 -0.843356198848735 -1.541946846538775 0.271978584398712 -0.838340547475377 -0.462213311540081 0.279910294354944 -0.373474510488774 0.113296228210154 -0.307006693105096 -0.070372098308721 -0.275146158129362 -0.057288368374600 
0.930390330565441 -1.420700037458139 -1.239009468771375 0.471259434675143 -0.519399349770516 1.264378893715759 -1.411299070719279 -0.890665689959613 -0.051258300101453 0.968936760563138 -1.428302872977348 -1.212074434081870 -0.422447068528330 0.567013669310224 -1.286065404993197 -1.398917148802533 -0.873654079002218 -0.112559722497659 1.290649835597745 1.662517904097315 -0.165260568510840 1.016966798260780 0.596885019617413 -0.181055357898425 0.479063140135721 0.042673629399365 0.376123011166248 -0.072107871578892 0.328860720733117 -0.072771596756646 
0.763022056572120 -1.286576157066644 -1.406349318311551 1.084751756539445 0.422714119997969 0.371988733032476 -1.049946099068758 -1.398386848743545 1.307955825158900 -0.807034006509586 0.052832444965005 -0.717947201686657 -1.263485522881689 -1.412558151993831 1.116014885816655 0.469638790963131 -0.303446601366268 1.020401812068051 -1.602408032505830 -1.525367488606149 -0.175784961175312 -1.375818488928793 -0.738176514186709 0.106527573420645 -0.619139860746441 -0.247568480298337 -0.455537910471767 0.251367887566653 -0.383353531650190 0.228465835895059 
0.602258209515688 -1.087259203479667 -1.360575267676591 1.368992879821603 1.110873165182649 -0.636470978802664 0.038150490316157 -0.567597742878743 1.062837015059427 -1.351146290712477 1.376391966925666 1.133656212922849 0.670277646556276 0.076500711682739 0.534432434768248 1.042280260639560 1.327075660637424 -1.379178375449011 1.263248047434203 0.775550713802981 0.865216577170671 1.929977889447132 0.807578570508626 -0.159744616805642 0.823302923211892 0.517183407545834 0.558308887393944 -0.480743990108689 0.442114506503534 -0.412090668691315 
0.454178017470566 -0.857934886957584 -1.166447028096861 1.345464574702089 1.375113667049050 -1.252102773590072 0.990088104496883 0.618157550132052 -0.177601455021204 -0.282671257689670 0.711563688935209 1.061464689491356 1.293459203422222 1.381741516115524 -1.318643651226601 -1.110542927714638 -0.755869828204337 0.320369394329474 0.104789775483312 0.646944047856950 -1.687161932220312 -2.346592127848773 -0.555221755528479 0.588791759374106 -1.125989584190084 -0.854568281258271 -0.713846714130645 0.792037153836730 -0.511518482339614 0.630449028365765 
0.323314818816221 -0.628309766264416 -0.897703023263193 1.116230056520442 1.271508547296948 -1.354740006282341 1.361208319233657 1.290546974512500 -1.146759828105999 0.937994211599495 -0.676080054601214 -0.375860913949715 -0.054288971764583 0.270479490266955 -0.578344423945939 -0.852552230277097 -1.103197204871034 1.307996282662909 -1.372442869876880 -1.483701951113880 1.580658327740577 1.608960128765953 -0.445264199418183 -1.717007329629698 1.474331257367243 1.139252362612786 0.994347291166785 -1.261941358530487 0.605576608758908 -0.902143820850727 
0.212758097462901 -0.420245887604991 -0.617323615782910 0.799109398740599 0.961100155494732 -1.099283154772583 1.210235415819950 1.291208500246092 -1.340196596522127 1.355986226148332 -1.338185701927297 -1.287233539891607 -1.204437731421080 -1.091913180581535 0.951131370238036 0.785825933988002 0.617047806094067 -0.438145307854569 0.137526112664097 -0.161173883158074 0.418773920217279 0.833574839098965 1.954759717294377 3.026436861397513 -1.362280932305782 -0.751770628924706 -1.562598210274829 2.050936157349772 -0.763793509012921 1.282803869701438 
0.124395029852831 -0.247726178591556 -0.368938663882201 0.486995823134246 0.600887979495924 -0.709641077055725 0.812325011398280 0.908061584298177 -0.996032013095765 1.075483918727283 -1.145738182236064 -1.206195796645329 -1.256307939442110 -1.295598095389976 1.324746025055906 1.344050722285430 1.345987015259368 -1.349678583540797 1.422602406053445 1.568433513189699 -1.396646124100623 -1.548190017467035 -1.401661520597728 -1.645596302488959 -0.450569452263506 -1.601245398917312 2.533335669016557 -3.200552524405893 1.135644295670882 -1.976048859000477 
0.059223007073586 -0.118330210821225 -0.177206034356103 0.235735353227146 0.293803720530477 -0.351297590696705 0.408104541514437 0.464113493939908 -0.519214930104251 0.573301116475729 -0.626266064775250 -0.678005064010092 -0.728435848972848 -0.777493786579688 0.824567746043723 0.869729798213829 0.922851672309458 -0.988357050652665 1.045634873628850 1.185283215261100 -1.379949429757517 -1.813204785851700 -1.752778385080091 -2.369428596214570 2.738794117001805 4.037432929527469 -2.435717876856316 2.755097184648186 -2.396260887150035 3.863111922004073 
0.017671794858019 -0.035340493987480 -0.053003002202040 0.070656225400028 0.088297071106118 -0.105922449013496 0.123529271524878 0.141114454301812 -0.158674916474411 0.176207577391838 -0.193709459347641 -0.211177980436484 -0.228602429072285 -0.245966119061622 0.263508690237094 0.281387352922402 0.297843003953105 -0.317255076137256 0.359952024587965 0.429243824568105 -0.451139837809388 -0.576289268595990 -0.706418505077456 -1.035862667360094 1.073452916258733 1.586546822334070 -2.523427404848411 4.074872208018459 6.029428891954737 -8.910972659463006 
0.000000000000000 0.000000000000000 0.000000000000000 0.000000000000000 0.000000000000000 0.000000000000000 0.000000000000000 0.000000000000000 0.000000000000000 0.000000000000000 0.000000000000000 0.000000000000000 0.000000000000000 0.000000000000000 0.000000000000000 0.000000000000000 0.000000000000000 0.000000000000000 0.000000000000000 0.000000000000000 0.000000000000000 0.000000000000000 0.000000000000000 0.000000000000000 0.000000000000000 0.000000000000000 0.000000000000000 0.000000000000000 0.000000000000000 0.000000000000000 
******************************************
ASBF GLL NODES
30 1
1.000000000000000 
1.002106514289875 
1.007038349208433 
1.014723804762236 
1.025075195450180 
1.037975128204950 
1.053277410690613 
1.070808650340728 
1.090370206048110 
1.111740434976237 
1.134677202457940 
1.158920624894387 
1.184196014070106 
1.210216989343537 
1.236688722378628 
1.263311277621372 
1.289783010656463 
1.315803985929894 
1.341079375105612 
1.365322797542060 
1.388259565023763 
1.409629793951890 
1.429191349659271 
1.446722589309387 
1.462024871795049 
1.474924804549819 
1.485276195237764 
1.492961650791568 
1.497893485710126 
1.500000000000000 
******************************************
ASBF PLOT VANDERMONDE
73 30
0.000000000000000 0.000000000000000 0.000000000000000 0.000000000000000 0.000000000000000 0.000000000000000 0.000000000000000 0.000000000000000 0.000000000000000 0.000000000000000 0.000000000000000 0.000000000000000 0.000000000000000 0.000000000000000 0.000000000000000 0.000000000000000 0.000000000000000 0.000000000000000 0.000000000000000 0.000000000000000 0.000000000000000 0.000000000000000 0.000000000000000 0.000000000000000 0.000000000000000 0.000000000000000 0.000000000000000 0.000000000000000 0.000000000000000 0.000000000000000 
0.086637128008381 0.173109337319479 -0.259252023168077 -0.344901208055674 0.429893853890813 0.514068172341519 0.597263932807831 -0.679322767439271 -0.760088473623378 -0.839407305661584 -0.917127985558315 0.993103087400032 -1.067210274681477 1.139274331498521 1.208665960863652 -1.275936859847276 1.358689432958899 1.420273047875283 1.608033790238767 -1.601365921964416 -2.385093609355696 2.168579841169843 -3.322540948714564 2.685379435005055 5.572608476071395 -4.267563884140632 -5.403150912222905 -3.033739140357845 -5.122421376242421 -3.868135788174278 
0.171923656926886 0.342538871014226 -0.510547157462505 -0.674669871765697 0.833657940967959 0.986301369863008 1.131438449788968 -1.267964599925851 -1.394840772767073 -1.511101365775538 -1.615861869536801 1.708324757886116 -1.787762756097586 1.853590963554669 1.906180746038304 -1.943928472124830 1.973721816584712 1.970599789012657 2.210380795704954 -2.107518539463151 -2.560151066136227 2.077021555711605 -2.941963534436074 2.100917166685962 0.248144433275829 0.780934388823805 5.636675855744438 3.770725592757239 1.799179809587715 1.760889256796875 
0.255724784757651 0.507074047547807 -0.749747132796911 -0.979591836734689 1.192675452751789 1.385352061100183 1.554324911591827 -1.696702831881238 -1.810049694897722 -1.892426120034091 -1.942422982217348 1.959182420168212 -1.942393998314840 1.892471040759713 1.810958961455418 -1.696124276846840 1.557737381669288 1.392894855261519 1.323990817654455 -0.977247175659068 -0.650620310605314 0.244527276482723 1.076825623097410 -1.626615069499293 -5.240122266010520 3.568562253302479 -1.259198794440160 -1.692357690622487 0.650184529328849 -0.209805974524055 
0.337909967351866 0.665552711336453 -0.972972972972974 -1.250829943173803 1.490681078501805 1.685238623580530 1.828591045851535 -1.916382654549027 -1.945945949790729 -1.916382640716352 -1.828589973752363 1.685239297656433 -1.490761658445328 1.250848319203164 0.970910566750100 -0.664393105647608 0.361186969986452 0.009351118233013 -0.531855211726132 0.853899470372750 1.513410684634809 -1.767323938627400 4.261286057762902 -3.203615700999828 -0.052697746175823 -1.107887727712284 -2.447851002091752 -1.061455427001075 -1.729835746438098 -0.967012173141525 
0.418353079289761 0.816872881753859 -1.176666386271898 -1.480676507505144 1.714490737955238 1.867024415914459 1.931046226950785 -1.903521025958732 -1.785753726171915 -1.583327435306010 -1.305839108088202 0.966444385528302 -0.581205168059300 0.168371156159077 -0.251635024561773 0.659116936894402 -1.056839952573031 -1.397112029248381 -1.804851970361642 1.888424208547693 2.862314828702889 -2.428870831570059 1.425493697810172 0.097559569064858 3.533373910740016 -2.375498247150085 1.302865145979651 1.377834449760979 0.481785342833189 0.778943656584392 
0.496932566596844 0.960000000000024 -1.357645019878178 -1.662768775266125 1.854577586475026 1.920000000000022 1.854577586477231 -1.662768775220150 -1.357645015896303 -0.960000018953195 -0.496933685507377 -0.000001474167026 0.497017281981595 -0.959979244475897 -1.355516875325970 1.662540205612960 -1.894135790191007 -1.937290303963306 -1.925277253293811 1.662398988450757 1.662829505399197 -0.529533221608448 -2.866879503629507 2.755112492865376 0.879184347926310 0.427541775181217 1.457881219971674 0.450707022363439 1.115694120205554 0.445653286628105 
0.573531591107492 1.093973600457648 -1.513150741747526 -1.792261422426102 1.905469455732294 1.842295615703658 1.608587658238461 -1.225979017147043 -0.729886282879208 -0.166230828273571 0.412812354655927 -0.953644182666860 1.406168094134160 -1.728473127223905 -1.892018247725710 1.881032059172365 -1.692802965107108 -1.323646551510048 -0.949012172807239 0.315720518553268 -1.312450578964271 2.031594184922260 -2.984528604577943 1.386565819565153 -2.091404570918431 1.711627311057785 -0.720823651700542 -0.948402627552986 -0.368028099196995 -0.646377338054740 
0.648038166301270 1.217913365721889 -1.640890238749462 -1.865951532023126 1.865951532023132 1.640890238749452 1.217913365719407 -0.648038166350964 -0.000000004461462 0.648038186480256 1.217914634956862 -1.640888743486126 1.865854422851045 -1.865966605488280 -1.643698864864802 1.218471480824881 -0.619704999654905 0.021071338244776 0.679052951633299 -1.361687585411200 -3.029958536138644 2.387908598846255 0.245671705135591 -1.340845171467110 -1.506996238635516 0.273842407704624 -1.212411240386861 -0.476671054644568 -0.930901546254154 -0.415248787063849 
0.720345284451935 1.331024529292349 -1.739067355315359 -1.882352941176461 1.739067355315357 1.331024529292319 0.720345284451734 -0.000000000023830 0.720345284153385 1.331024546317688 1.739067425435938 -1.882350223675836 1.739063966345388 -1.331166301570592 -0.720408051356655 -0.003124223756825 0.729314470522740 1.318317975736824 1.986729667251650 -2.109306424745125 -1.819231847071731 0.308085038021241 2.510186487597767 -1.926286104736445 0.724621062563987 -1.121555990647517 0.088914279193073 0.589014558996916 -0.010542390501452 0.427670073519883 
0.790351034943647 1.432602594923826 -1.806406740073057 -1.841718395243595 1.531920706202780 0.935064935064942 0.162992557868149 0.639622086259832 1.322381517322817 1.757347225504549 1.863012173202418 -1.619580349768137 1.072763755164009 -0.324789984304849 0.486972764708691 -1.204225411127506 1.677299008650916 1.855004565707696 1.987271263374668 -1.230928933947080 0.933175503424097 -1.852665696875472 1.731385627590438 -0.276990662461939 1.528624733972772 -0.767338216030877 0.979006156109138 0.616466277698691 0.758197146081000 0.512491341907550 
0.857958713623806 1.522037346807954 -1.842168516617140 -1.746009514750571 1.255290192214895 0.480902483803401 -0.402158766541402 1.194340849017417 1.716627779574041 1.850993992080242 1.567074853809233 -0.929035632531986 0.081113886201710 0.785391308644569 1.476070337713646 -1.827603367558516 1.764733702317746 1.328574439392857 0.567756996812885 0.632471738849667 2.574664942179313 -2.010179469885742 -0.565367981269955 1.302973235518269 0.445230121357306 0.422267577280800 0.488799361717455 -0.171078408211186 0.431284463591551 -0.114778080488724 
0.923076923076925 1.598816130063597 -1.846153846153842 -1.598816130063556 0.923076923076916 -0.000000000000004 -0.923076923078201 1.598816130058855 1.846153843753207 1.598816124241377 0.923077637931537 -0.000002001306958 -0.923135715201424 1.598962752265378 1.844568947765755 -1.595062752449795 0.946935823405863 0.024318161018871 -1.279914724066270 1.986611123462698 1.841102424169157 -0.321768228018648 -1.838811398753549 1.222709861047885 -0.867998653869237 0.878955958204446 -0.479609911738677 -0.618340944777850 -0.366032684900109 -0.513968187168139 
0.985619663719017 1.662526386411197 -1.818701401755776 -1.405228023046256 0.551613186351783 -0.474776337512914 -1.352457789819967 1.806526323939033 1.694759901810132 1.052165717458919 0.080016630455360 0.917199654592521 -1.627243622614499 1.827368261013488 1.452126511532701 -0.627144229530090 -0.368103662503744 -1.306403876334504 -2.209931643257290 1.773122495657839 -0.304427995079071 1.411619814100750 -1.166944879427942 -0.051636398184994 -1.019030405191752 0.276500050475108 -0.755896059292127 -0.267568258661911 -0.636565218168653 -0.241090370648851 
1.045506415627228 1.712857435356610 -1.760674923868674 -1.171663491074171 0.158866163995713 -0.911392405063304 -1.652004067510825 1.795092613039758 1.288903498105462 0.316523289171065 -0.770341645088691 1.578582089539457 -1.815886727753257 1.396130761238650 0.470778810375233 0.619558336941763 -1.499421160385605 -1.868754002578076 -1.574900896449354 0.227069810700156 -1.910979292909018 1.680097641851054 0.412219671198498 -1.035522269357204 -0.131137188362572 -0.518894766964063 -0.190257115613292 0.340938891900435 -0.182494511568442 0.282138552656615 
1.102662211034668 1.749601496674555 -1.673442172095907 -0.905660377358466 -0.236424801002377 -1.280797188564306 -1.795824654562086 1.568649788004601 0.693162446929270 -0.468804308515483 -1.437018390670916 1.811322138270363 -1.436933186761550 0.468673595716547 -0.690711766854841 1.565166076763914 -1.841578712356070 -1.315200348255946 0.116791493942840 -1.400188463758907 -1.800672582207032 0.495422397031344 1.337281091975491 -0.871752446881050 0.727855501250535 -0.655591810070712 0.489981431430294 0.507789540868411 0.407418669138062 0.442772645657430 
1.157017697435774 1.772653955421988 -1.558845726811981 -0.615636257986182 -0.615636257986222 -1.558845726811970 -1.772653955419286 1.157017697500663 0.000000005034273 -1.157017728454689 -1.772655443208441 1.558842528326460 -0.615516057608476 -0.615535102629305 -1.555506722706602 1.773860600278577 -1.201706616706249 0.023201819088971 1.643188833438042 -1.894625354783678 -0.328740728310584 -0.930372247240178 0.962527751558265 0.065566563117174 0.772010956760429 -0.116906297464541 0.604804033912225 0.126342950174649 0.528110430949694 0.119348239388298 
1.208509191262798 1.782012876089591 -1.419166223626550 -0.310625311602936 -0.961132218657687 -1.727867316591610 -1.586702608417308 0.611812430344689 -0.684551728347428 -1.621221414394630 -1.706028291646024 0.894405181639201 0.387205828037219 -1.465071392529845 -1.772811221331591 1.154892491708092 0.079884713063366 1.334718457169156 1.983353446663657 -0.985280355116771 1.186429973426877 -1.405311552012467 -0.149669207817477 0.799853022259873 0.111901344434665 0.467389994608097 0.136040403214105 -0.345751057204483 0.131224352939637 -0.299931163410344 
1.257078722109420 1.777777777777783 -1.257078722109412 0.000000000000019 -1.257078722109428 -1.777777777777777 -1.257078722111190 -0.000000000016596 -1.257078725510303 -1.777777778164223 -1.257077687394519 -0.000001536467087 1.256991384420965 -1.777636745324477 -1.259917156676724 0.003727968920737 1.310366316422430 1.831179016163592 0.996287082558843 0.558066297491705 1.620601566168304 -0.696164819399297 -0.964853502616341 0.725222008822956 -0.556960624504329 0.543316478936592 -0.405724701951016 -0.439349475646530 -0.349389362076917 -0.392353891512025 
1.302674067492737 1.760147687425906 -1.075603015671846 0.306813958086373 -1.490164026957744 -1.706666490621186 -0.815850310503916 -0.604305529379061 -1.632376111750677 -1.601329063378032 -0.531306839293915 -0.883432117754620 1.724860241139334 -1.447451752941967 -0.234471418241144 -1.137516050575780 1.827399811830859 1.231131792022529 -0.570826068231214 1.590127218415027 0.819093465060687 0.469553979180293 -0.887870367148740 0.033834451793682 -0.664510861617279 0.111419467329236 -0.533685148345386 -0.109913835060869 -0.474770941978737 -0.103628755497725 
1.345248778160159 1.729418493094605 -0.878048780487803 0.600620739498752 -1.650191919428918 -1.520825099328781 -0.304943141269992 -1.128797753654082 -1.756097563299219 -1.128797716510357 0.304943821287104 -1.520819589530467 1.650138614091285 -0.600900824541653 0.876742589542928 -1.735600542559094 1.363282200883634 -0.082160082746122 -1.660899696810991 1.435865422523294 -0.468371218632676 1.129364069108146 -0.123429984537134 -0.602687463060922 -0.203314539997175 -0.379880942965101 -0.190277540220641 0.296677463535458 -0.177014511671912 0.263344368572425 
1.384762193962886 1.685979624068184 -0.667956536491791 0.872727272727288 -1.730521939852475 -1.234222745343794 0.227827535512721 -1.511607977511732 -1.612589726855314 -0.451756870637095 1.062564590390618 -1.745451974312570 1.062636758030111 0.451566828409747 1.615167904636994 -1.516611499244913 0.183999166834142 -1.312629485404538 -1.617506956008367 0.304400977974409 -1.267090794418531 0.847867115784007 0.637983006082451 -0.665720999098440 0.375021179839725 -0.495809035861069 0.282778521886923 0.410407395524617 0.247527797705183 0.371542495293706 
1.421179450332711 1.630310089074335 -0.449035451744131 1.115197780660996 -1.728337789460386 -0.867469879518068 0.733217225191461 -1.708582125644800 -1.226787663250587 0.301269098130895 1.572387796379801 -1.502504787235372 0.151346677248368 1.329124553662512 1.680256154556905 -0.592317111426606 -1.067731402299993 -1.740312249190117 -0.558760294796360 -0.949716013529908 -1.084702951325269 -0.045819433625910 0.821725069893634 -0.175492388562267 0.595232825038071 -0.176603661114984 0.485531555680327 0.157939542890565 0.436741868717838 0.146531801060637 
1.454471475413841 1.562973908182949 -0.225099062032178 1.321082632444719 -1.644733424044852 -0.446346616703732 1.165089699363026 -1.698351094943457 -0.659957053439619 0.989161715221859 1.722908434681656 -0.862281580694341 -0.796220846535795 1.718290793291089 1.052476498570204 0.596632604760038 -1.728108476931774 -1.142105739580707 0.774554975552838 -1.469269409712165 -0.169467905323238 -0.814699925714332 0.367260265931329 0.411525040553267 0.326601094455271 0.269159578690768 0.283270097763998 -0.216046663793226 0.260131115982516 -0.194161471332887 
1.484614977916183 1.484614977916161 0.000000000000006 1.484614977916189 -1.484614977916183 0.000000000000006 1.484614977915640 -1.484614977894910 -0.000000001069625 1.484614956491994 1.484615326419183 -0.000004301013029 -1.484648547869190 1.484885619245186 -0.001397239172499 1.491655728918501 -1.465658874557956 0.099699862273637 1.536676766450822 -0.964542514210678 0.766930670744300 -0.905193717246830 -0.312753350448814 0.620566419158707 -0.172045083516203 0.463771661967668 -0.127668019581659 -0.389858780850020 -0.111266462870889 -0.356041981682827 
1.511592425771173 1.395951412752816 0.222435167806955 1.601369673291964 -1.256425284031454 0.441064408222041 1.663747041716661 -1.095401370400712 0.652146909492069 1.697657255856892 0.915636328511346 0.852072246568063 -1.702649958045400 0.720205801203668 -1.041869750548329 1.679465671991740 -0.444027520064665 1.245763458716268 1.302468297153273 0.151194320537446 1.087837376872767 -0.319665769433002 -0.698187513033431 0.324074100413923 -0.500508103739136 0.269209091135296 -0.412776728295322 -0.233903821828053 -0.373918377077730 -0.216087693339388 
1.535392015685621 1.297769409519185 0.438469911703096 1.668380193338326 -0.971705962759416 0.847058823529401 1.687671017941156 -0.579422360537337 1.197922071572401 1.591949897081004 0.147653547868187 1.467154957417367 -1.387864990649706 -0.294463047095001 -1.640507568428285 1.082863278373544 0.782140615355799 1.640637290793406 0.285871575601364 1.096554930819829 0.641515204873209 0.453651930559289 -0.542663881699671 -0.205105812911225 -0.429122766006749 -0.131767527257149 -0.366059052374283 0.105881143187522 -0.335693343538331 0.095355648488498 
1.556007633703222 1.190916684103631 0.644519465035941 1.684210526315783 -0.644519465035935 1.190916684103654 1.556007633702644 -0.000000000050511 1.556007632642669 1.190916720919461 -0.644519155851030 1.684216703699907 -0.644543016389332 -1.191270356703748 -1.556624921742433 -0.008886356917639 1.570348132269367 1.083499071142869 -0.843818446279353 1.260960925651638 -0.199356742368206 0.840549693907032 -0.009463753857260 -0.543583426474212 -0.044109425440511 -0.409972433154811 -0.047112142506185 0.348504797679052 -0.046227868988608 0.320179939378751 
1.573438806897337 1.076295532498360 0.837209302325581 1.648980423648341 -0.290759739349273 1.450089048197205 1.282679067549820 0.572684891168038 1.674418608092924 0.572684890365362 -1.282680145723334 1.450090457411219 0.290856167503327 -1.649122967408200 -0.833808083216926 -1.080953285118948 1.525629990416023 -0.077064130466722 -1.397864398625760 0.584860808326512 -0.840297538741141 0.592944073051793 0.490778933256019 -0.447465698432634 0.349580626283064 -0.355405514835539 0.289883643138802 0.307444276711892 0.263537869943234 0.284272952445109 
1.587690646332310 0.954855570341591 1.013429430950934 1.564343784892140 0.072614933879870 1.608015248388749 0.894464087886481 1.070074171112911 1.538019111472497 -0.145091679973925 -1.625280553437383 0.832365287182559 1.124826552226432 -1.508573968142713 0.222231046794468 -1.635932453418179 0.694546757007521 -1.162448158635889 -1.077585492085305 -0.442886094220661 -0.873421173753364 -0.068386794106040 0.609413002024985 -0.015783343069860 0.466967664090124 -0.026727030121719 0.397607691115947 0.026776008693300 0.365105112072602 0.025915044547359 
1.598773781443976 0.827586206896514 1.170383637826009 1.433421357988029 0.428390143617968 1.655172413793111 0.428390143619654 1.433421358063267 1.170383641079170 -0.827586255264309 -1.598774781012124 -0.000007341253705 1.598859709949279 -0.827193739013597 1.173251387389044 -1.424088082821462 -0.474305727703818 -1.558923321760429 -0.122874166969341 -1.134936017353372 -0.322466932857078 -0.647008421688446 0.291638481768283 0.410130936182231 0.241688716389308 0.312509577803519 0.211325540578360 -0.267790423277711 0.196010099460397 -0.247018269945503 
1.606704286003092 0.695508910750368 1.305632925736432 1.260690283532939 0.759906289209658 1.589637931264291 -0.071785048921835 1.620712187834841 0.629787590371773 -1.348090243092391 -1.213347467276483 -0.822861643790868 1.569510237320096 0.143730177956718 1.630350886906320 -0.554703046338440 -1.372670924637371 -1.060100687732198 0.863832173168301 -1.056326063970035 0.410376924210130 -0.736056829044371 -0.212880028636852 0.513081758124153 -0.146027979126437 0.403942874155465 -0.119685098525121 -0.350020767240276 -0.108341011384660 -0.324216727008160 
1.611503595838160 0.559669325441958 1.417132478919992 1.051834270396139 1.051834270396167 1.417132478919970 -0.559669325444434 1.611503595788081 -0.000000004698396 -1.611503573961699 -0.559667856942677 -1.417130640715300 1.051703801817855 1.051804402197900 1.412630037360779 0.560351973798093 -1.547037503308491 0.030442264359818 1.292182005169757 -0.288230721428576 0.832471708908391 -0.294411247555572 -0.543807901552695 0.229131439677422 -0.413268861422939 0.186189123965474 -0.352230192566549 -0.163001065575507 -0.323820089802975 -0.151564778789987 
1.613198418506540 0.421129293726090 1.503261612221755 0.813559322033879 1.290880011321344 1.150546627015376 -0.990527070931919 1.409126080649324 -0.622671352362312 -1.571675870700153 0.212383089691907 -1.627111672199802 0.212250422732792 1.571331081878330 0.618180681560870 1.401556532968706 -0.924283661806972 1.083638542344745 0.928946244405858 0.647594060051590 0.682963813973735 0.345023610301268 -0.481560817536195 -0.219247861681947 -0.377220096182434 -0.168847312060290 -0.325287691092042 0.145545517030257 -0.300489816723718 0.134612639280189 
1.611820635114736 0.280958849258808 1.562846280737368 0.553380906054994 1.466385632958187 0.808988764044930 -1.325369599749229 1.040015907749609 -1.144082883360150 -1.239442652701382 0.928034227659780 -1.401202616542038 -0.683825173044944 1.519991939732053 -0.420060562928373 1.583055891474175 0.161314890715669 1.504816831606563 0.018041019074625 1.138281235062399 0.085994899147935 0.722920963125147 -0.086722159497195 -0.496512034168878 -0.075582095964781 -0.391767922480942 -0.067768463794735 0.340376087208484 -0.063623388343471 0.315739731725152 
1.607407194500420 0.140228234141438 1.595173855171269 0.279389246749006 1.570800279611970 0.416423938488974 -1.534471965448175 0.550289392624684 -1.486465390209240 -0.679966809526507 1.427145018107081 -0.804467415364896 -1.356884488077070 0.922679570740374 -1.273688389764974 1.028795129923681 1.146867026654407 1.065471243417718 -0.881039224800882 0.873501361145278 -0.548832854087884 0.576541853603798 0.355728868381365 -0.400762340154109 0.270498623607073 -0.317252573442942 0.230665612451485 0.275950143109355 0.212075954087696 0.256110435768484 
1.600000000000000 -0.000000000000045 1.600000000000000 -0.000000000000020 1.600000000000009 0.000000000000014 -1.599999999997375 0.000000000072777 -1.599999994919726 -0.000000038994307 1.599998413927612 -0.000004784029916 -1.599859464171972 0.000201691165037 -1.595180566089937 0.003670214111351 1.530380017246070 0.024814779665817 -1.231296677137373 0.036573082671938 -0.801947309344988 0.017137823325889 0.538796108232263 -0.006877974372747 0.416673507607417 -0.003795484572479 0.358011571157230 0.002815184738632 0.330305436079348 0.002477474415620 
1.589645789036326 -0.138678750891347 1.577547624727391 -0.276302072751819 1.553443370444984 -0.411822569002891 -1.517516474116849 -0.544208846756791 -1.470040357496899 0.672453314135293 1.411375222581664 0.795572113278345 -1.341870705397542 -0.912222236088170 -1.258905215161968 -1.012610429626015 1.123796278987204 -1.021797670793841 -0.832782403144465 -0.820744944118706 -0.514688735278450 -0.553713897577846 0.342080707009376 0.391927467266057 0.264960455553663 0.312386850653747 0.228276912060986 -0.272311484887665 0.210991190789594 -0.252888985373479 
1.576396005771552 -0.274783929494968 1.528498010831056 -0.541218688339535 1.434157377288770 -0.791208791208786 -1.296240597556400 -1.017158415296625 -1.118938203579166 1.212202167894761 0.907637556377256 1.370408482915604 -0.668768579888096 -1.486643704178860 -0.409871632167070 -1.549194740358902 0.143842161179000 -1.479968145685578 0.066144377060315 -1.135754976627340 0.114211540098004 -0.726991223930065 -0.091201443860038 0.498987539184985 -0.072131509342027 0.393142452291421 -0.061689266262572 -0.341313108662462 -0.056570774106186 -0.316512950408115 
1.560306667080095 -0.407321775899094 1.453974346247276 -0.786885245901652 1.248556076523917 -1.112823786785392 -0.958050773524006 -1.362925225669940 -0.602255897599793 1.520145580336669 0.205419527460619 1.573771785304150 0.205307696442097 -1.520144984781026 0.598502553350202 -1.361565812633752 -0.902307781897253 -1.090609115592968 0.920761910787907 -0.697916732591625 0.662986408150618 -0.373799403393473 -0.456264510410774 0.231425452400635 -0.353494037074158 0.175520410784954 -0.303285502437568 -0.150413297855129 -0.279483552530876 -0.138852090314864 
1.541438222106065 -0.535335876509786 1.355518023314780 -1.006102345596332 1.006102345596330 -1.355518023314784 -0.535335876512190 -1.541438222191128 -0.000000004734349 1.541438272556860 -0.535334402311402 1.355525046495047 1.005972202587123 -1.006445725491185 1.351064538510895 -0.542851721008728 -1.477052235985839 -0.075880497713989 1.214264147398632 0.211851115365812 0.763682479653519 0.259738798498065 -0.497100449624723 -0.215882258570900 -0.379177271141573 -0.179005002906760 -0.324173140055911 0.157654425631770 -0.298547142642737 0.146834042606704 
1.519855405678599 -0.657913834493675 1.235058172993927 -1.192544862801449 0.718830273576701 -1.503711556601369 -0.067904776007603 -1.533106123673981 0.595745017025055 1.275220525835753 -1.147760846714423 0.778385928379478 1.484648796905354 -0.136112296247146 1.541450513876343 0.521639397997193 -1.286480670365669 0.985015933131736 0.765565775327916 0.996574805580979 0.344568400468687 0.719016416667436 -0.183593845339123 -0.508453245410875 -0.131153167224835 -0.401505399410623 -0.110333870838844 0.348038175743052 -0.101261341453372 0.322353692102530 
1.495627085866944 -0.774193548387140 1.094875016030789 -1.340942560698495 0.400752069836162 -1.548387096774187 0.400752069837263 -1.340942560696323 1.094875018141634 0.774193555728468 -1.495627734228924 0.000002419071214 1.495682383030214 0.773996348230625 1.096672124938866 1.334929653581183 -0.430329747900577 1.482597289455174 -0.159178610951105 1.127515830161684 -0.317993519104453 0.660316618450839 0.264700119706990 -0.417913065588185 0.212409904321561 -0.316726004382460 0.183070177252126 0.270651107578167 0.168643466016833 0.249385472323400 
1.468826105965183 -0.883369057054058 0.937557708847662 -1.447227137894880 0.067178521717739 -1.487629080060151 0.827498862055246 -0.989961666186678 1.422873295307880 0.134229128292295 -1.503601687827788 -0.770058015813932 1.040604628603006 1.395995242880834 0.205172946664386 1.519952409724201 0.648459510673540 1.124982729755741 -0.999663297743491 0.495900613592016 -0.775811469586021 0.104696967325092 0.527526701149977 0.000793055572397 0.401558948720329 0.018832012320109 0.341379551935225 -0.021096618089652 0.313331427079861 -0.020979536549231 
1.439529121203944 -0.984695912711333 0.765957446808519 -1.508641664188915 -0.266014229617423 -1.326677214308058 1.173514891588399 -0.523945751394364 1.531914897253887 -0.523945804806117 -1.173516019992979 -1.326685237614203 0.266113496045067 1.509063141379899 -0.762541760297870 0.994628170316551 1.390271125390773 0.110207920948816 -1.234531960581138 -0.497869283574489 -0.705424756158837 -0.557494038599754 0.408551485383534 0.436207158893015 0.293930109091579 0.349694389669252 0.245763416061422 -0.303106490184823 0.224457446540409 -0.280341917167640 
1.407816430493388 -1.077496047522394 0.583136658842051 -1.523809523809521 -0.583136658842039 -1.077496047522351 1.407816430493372 0.000000000034561 1.407816430488640 -1.077496076258031 -0.583136667447327 -1.523814833164295 -0.583133711078125 1.077827694672941 -1.407574609057853 0.008967682264914 1.407471675910605 -0.979300733333218 -0.701298532397887 -1.189093391916379 -0.134271716254870 -0.831286729514391 -0.017845830250013 0.544981947037174 -0.036851558694622 0.410916729220378 -0.036074849339537 -0.348794280263278 -0.034155733939865 -0.320180421207786 
1.373771803508183 -1.161162103254062 0.392315184155411 -1.492761225618499 -0.869421124574215 -0.757894736842114 1.510021437105628 0.518430533000351 1.071825012145339 -1.424376164964075 0.132110839955998 -1.312710663199084 -1.241753675741560 0.263200185610670 -1.467081404641486 -0.973147466780862 0.687587238411234 -1.507117051682992 0.290208154187673 -1.085231428932619 0.558883417291756 -0.479821976409292 -0.446232496865048 0.219098520188034 -0.346224330072781 0.138920965834830 -0.293384793163532 -0.110685652826675 -0.268314413229000 -0.099359713116846 
1.337482303431034 -1.235161197671387 0.196814363138100 -1.416918716158850 -1.111706141368143 -0.390261177955649 1.472111256806878 0.969229484679194 0.577030511535666 -1.502115515197568 0.810170356124724 -0.753919608499243 -1.506531086539033 -0.637586711843202 -0.921680333884979 -1.492199702886845 -0.395779099910338 -1.153900534134710 1.130022157672745 -0.214556963477975 0.885372501070416 0.273251741723650 -0.551440823677801 -0.307430837027286 -0.394396673893364 -0.261225129470711 -0.326084091684190 0.228190687497979 -0.295934400256027 0.211054147295138 
1.299038105676657 -1.299038105676681 0.000000000000012 -1.299038105676652 -1.299038105676656 -0.000000000000011 1.299038105675796 1.299038105616700 -0.000000001666968 -1.299038063421433 1.299038624937788 0.000006890201863 -1.299084428571668 -1.299423465325323 -0.001691950700002 -1.308729361635682 -1.274090448432326 -0.113811823909289 1.276305199653367 0.856586564356435 0.584097880421849 0.870360915609718 -0.232190741139510 -0.614450381801516 -0.131595344497078 -0.461392847023935 -0.100665769761912 0.387726892456477 -0.089252838469551 0.353869144809987 
1.258532312922855 -1.352417837650563 -0.194774836058926 -1.143112951389972 -1.423163118214968 0.386217020671121 1.008134610329195 1.469557683263695 -0.571050922788988 -0.855906806991049 1.490807053295284 0.746115036729131 -0.688980905986122 -1.486664206808367 0.909939788130247 -0.514726748836926 -1.481478259154644 1.006533755490198 0.603284817747854 1.379210254296861 -0.171082838145465 0.819099664134614 0.290969344987846 -0.422218416568750 0.247911617493894 -0.274731327843566 0.211882759168943 0.219339840325621 0.193401591438029 0.196648113244577 
1.216060766779532 -1.395007601991466 -0.384226211286211 -0.954241399947015 -1.478886974486714 0.742268041237134 0.627392058668791 1.461982643720869 -1.049725526670282 -0.257787027770256 1.345445352165838 1.285640379630131 0.129491236795946 -1.136978064107522 1.437269081178443 0.511893441288426 -0.903889610084175 1.539083517306856 -0.492142867440718 0.938483196634873 -0.855361233535619 0.091861105831127 0.615091237150477 0.154775087650256 0.439914869203791 0.167229339570581 0.358304145365783 -0.151736968273424 0.322354486885664 -0.141268704987095 
1.171721856430130 -1.426598143442327 -0.565193992416128 -0.738461538461524 -1.464287795259779 1.044342322983224 0.192777145434071 1.279052904123261 -1.364498999225704 0.382255772634405 0.899092998273278 1.476915751640935 0.899162463828157 -0.381875977564433 1.366810459277314 1.287707467394597 0.154737077434086 1.155228200009303 -1.313191702374838 -0.216791967019245 -0.943764435812003 -0.789100754037687 0.455758309884356 0.651338383694617 0.269360103301284 0.490510862434033 0.205694411417326 -0.406434483127262 0.181421714597079 -0.367791510316533 
1.125616324582986 -1.447064453405700 -0.734693877551016 -0.502560210600966 -1.380772830542558 1.272527123928154 -0.255156505960148 0.944504242812834 -1.469387756172005 0.944504231301651 0.255156815814195 1.272524499800982 1.380749156985263 0.502739391888293 0.734186941056375 1.452599943160054 1.130153290944652 0.074782799813243 -1.300323302554327 -1.291198013749460 -0.307529477468393 -1.101805366915335 -0.104454253016020 0.608340256156171 -0.146478845308947 0.383830089058742 -0.132785502734363 -0.298510578131395 -0.122062056789783 -0.264364365527916 
1.077847071072666 -1.456365853047834 -0.889965946977212 -0.253861295269403 -1.232978357330514 1.412114913559636 -0.675043657929335 0.500009143479396 -1.350646223840666 1.324957611614743 -0.439609399141551 0.730968802378311 1.427184777101653 1.197366886808284 -0.193466028199047 0.937653873649599 1.499788235355261 -1.054571692997634 -0.415155472060960 -1.476599686289925 0.634420937050778 -0.500973804121353 -0.631103587155384 -0.009662394929887 -0.461033544267131 -0.100882224856543 -0.368365124685710 0.103614191500923 -0.327349212810652 0.098549882081923 
1.028518954453157 -1.454545454545453 -1.028518954453156 0.000000000000019 -1.028518954453164 1.454545454545435 -1.028518954454723 -0.000000000075107 -1.028518957406267 1.454545502646661 -1.028518067819730 0.000007119393789 1.028445522656290 1.454192792653337 -1.030791110042775 -0.007002801156647 1.066969161979363 -1.547158884493071 0.792086695547671 -0.560098072665163 1.165907042548722 0.619653194474946 -0.654521168286557 -0.701302847475658 -0.374862848775266 -0.535530052420543 -0.275086561392455 0.434189818811074 -0.238165275728577 0.387660954463551 
0.977738591926180 -1.441729010303625 -1.148169658310930 0.251309925467736 -0.777599433185361 1.397922803875627 -1.283714170629507 -0.494983926035205 -0.553833308636448 1.311641435959553 -1.380253819218106 -0.723615059978049 0.313249273259292 1.185322379375016 -1.434722339427791 -0.935118839207994 0.069456363752871 -1.103933183464906 1.512464699579662 0.846673430182532 0.802258761482613 1.337615396753776 -0.079883963389226 -0.799059395422232 0.078732316066381 -0.470549731052852 0.088901182898411 0.346808128165268 0.084036309897355 0.300065191977867 
0.925614157948615 -1.418123164337568 -1.247076581449589 0.492509006388979 -0.492509006388974 1.247076581449596 -1.418123164335786 -0.925614157890838 0.000000003359112 0.925614126209050 -1.418124151468319 -1.247080523470064 -0.492429899106660 0.492670218829570 -1.244889346993824 -1.416325451105795 -0.951456603946770 -0.002134502932350 1.221216326090876 1.691602189982989 -0.273428482715264 0.930686759386069 0.651031797488605 -0.094148598071995 0.503070382036946 0.104318286381479 0.390786872613242 -0.119658639529819 0.340628375361670 -0.114267041379476 
0.872255181863241 -1.384013124235067 -1.323767688374380 0.716417910447775 -0.187022603777999 1.013167925282224 -1.420577711817731 -1.240872220276336 0.548322532710328 0.370845153483245 -1.136745899738202 -1.432842474288945 -1.136678977817128 -0.370518958574780 -0.546438299669512 -1.235081157146004 -1.449936300051769 1.079064472737502 0.072480611630649 1.268090264435844 -1.246894223140090 -0.411329744412046 0.859126470736323 0.835175334077746 0.458415569167517 0.645564122883864 0.310157685052828 -0.502055488215391 0.259291921030572 -0.437656460514710 
0.817772344896541 -1.339759776169990 -1.377161574115108 0.916449661335277 0.124261653026347 0.712871287128709 -1.292161597359573 -1.404082340919367 1.008152241807058 -0.247577610138088 -0.602544659983173 -1.234731439449742 -1.420331127143757 -1.092048537166750 0.368648327676567 -0.484736144934217 -1.173297535077718 1.489032816815809 -1.159124162727886 -0.174877283066694 -1.258444097129678 -1.565643913504541 0.235087747460458 1.026979716487144 -0.088968610647097 0.523453957800925 -0.117536702698836 -0.342630155227441 -0.110607054363468 -0.282469439698317 
0.762277276866429 -1.285796269293354 -1.406581872293880 1.086801968562902 0.426617094863194 0.367191551672515 -1.045989522175722 -1.397165679212576 1.310725638959181 -0.813743874233374 0.061884598177200 -0.709355006148966 -1.258493150210880 -1.413521120411041 1.123499955902933 0.481947394687869 -0.289604254137522 1.009076181696416 -1.600753198639350 -1.537448275111299 -0.156553244900279 -1.362226810304655 -0.749422576627397 0.088881851481754 -0.623032364721811 -0.259291571550749 -0.457214271653818 0.259583379500692 -0.384476705595216 0.235300239166159 
0.705882352941175 -1.222624099460362 -1.411764705882353 1.222624099460401 0.705882352941161 -0.000000000000025 -0.705882352942255 -1.222624099519219 1.411764703900481 -1.222624061254237 0.705882932740661 0.000005668425130 -0.705928803021454 -1.222907021565880 1.410503484408953 1.217559311541060 0.720802429302544 -0.036480022142205 -0.922565930043316 -1.711343121604963 1.221643087516437 0.242892424529924 -1.116931949705453 -1.166430742141647 -0.509714350511754 -0.867460139509302 -0.283048994998695 0.613211915060265 -0.217991478148294 0.509206483556136 
0.648700490788728 -1.150808725635245 -1.392859122320279 1.320153535543146 0.949121852650274 -0.363609195070870 -0.304071262507311 -0.903038202859444 1.297938076525461 -1.399532070231830 1.184861679722774 0.702438664860700 0.061314111245710 -0.593738148772655 1.115573129100415 1.383533513036645 1.334618767535774 -1.016995910516585 0.391264059798967 -0.526274223233587 1.634684028364869 1.841920916794399 -0.305030648446722 -1.286408908429028 0.271470983370173 -0.433814373855726 0.283820682607306 0.176140913881906 0.247804847586171 0.117196690452488 
0.590844948453013 -1.070974755428453 -1.350420572675978 1.376818606153006 1.145222275510802 -0.699029126213597 0.121848805396368 -0.478164083804480 0.988576473720249 -1.313745064257554 1.392737377003453 1.210748334641127 0.801958651726347 0.243027459476514 0.363710811450020 0.903898796810638 1.253991617616569 -1.390078099753561 1.393837525109835 1.049477154376409 0.558164894241483 1.732788430001451 1.046383008406693 0.218872681693597 0.874086636465669 0.740854008486628 0.553263832857915 -0.606609489657469 0.428769887469716 -0.505475081364981 
0.532429123290556 -0.983800739042132 -1.285397610450487 1.391304347826102 1.285397610450466 -0.983800739042167 0.532429123290648 0.000000000021611 0.532429123492657 -0.983800755269763 1.285397546839220 1.391301670701028 1.285403315146329 0.983945624205270 -0.532252802399312 0.003135246790650 0.535555903064005 -0.982632995179845 1.401832286499016 1.733733489231795 -1.144670095536789 -0.246157185050274 1.439244823385539 1.836648316901772 0.389423084218985 1.114395948243216 0.046280947995380 -0.588829722055640 -0.004538796233242 -0.425893350221109 
0.473566352297077 -0.890013613412110 -1.199112097547689 1.363579965709223 1.363579965709196 -1.199112097547709 0.890013613410664 0.473566352241400 -0.000000002649957 -0.473566320375126 0.890014362595886 1.199116259485735 1.363523094442378 1.363403267294577 -1.200711472411235 -0.893451928308006 -0.456139032591529 -0.029407130819727 0.493190041056429 1.066587302694836 -1.853362597443425 -2.154463634384818 0.100190477439795 1.323785994775205 -0.840699979484566 -0.240720360918182 -0.657070574798680 0.464096222166094 -0.502281707599744 0.408228336582719 
0.414369714149429 -0.790382840521992 -1.093233311023337 1.294887439169107 1.376678889069728 -1.331036545317009 1.162185341598036 0.885755175032832 -0.527334108823555 0.120099804216467 0.298252021729079 0.688998893211904 1.015937691969532 1.248706313341700 -1.366932373048476 -1.361203332386582 -1.219255103272825 0.960837522656272 -0.648726263438939 -0.276816182632709 -0.798333181828601 -1.821626060992018 -1.686041992168334 -1.275626706488306 -1.111812118499372 -1.674751451197606 -0.376471016813048 0.942909358591729 -0.194784998199930 0.641733065307978 
0.354951833283459 -0.685714285714262 -0.969746442770131 1.187691982332949 1.324698276053573 -1.371428571428567 1.324698276054830 1.187691982379602 -0.969746440531682 0.685714259329717 -0.354952458770778 -0.000003381102337 0.354998821936100 0.685859022207616 -0.968566976682035 -1.185896744838222 -1.344255407949585 1.416365441511791 -1.327113658241731 -1.283533587264290 0.983417995998043 0.485438444462675 -1.555782204443872 -2.615918281007745 0.490696414552826 -0.454678574638558 0.758899225934353 -0.433777169398743 0.575141702550192 -0.438178150120117 
0.295424686323100 -0.576843883323776 -0.830916073718072 1.045596206721642 1.210706729646098 -1.318420085171805 1.363629800074301 1.344192572862737 -1.261029882371886 1.118084286711267 -0.922132850237168 -0.682467425350460 -0.410423476681460 -0.118818128316592 -0.177682811235675 -0.464372359684617 -0.743522537550500 1.010242972320754 -1.216990275094233 -1.444311598385941 1.715116856348314 2.115083930295881 0.791604723561811 -0.124020506157165 1.824263776356736 2.296635069771104 0.651381889465316 -1.367796762618405 0.242463353819272 -0.773782981577677 
0.235899411170170 -0.464631138102774 -0.679245283018871 0.873220903725109 1.040664149142753 -1.176487340990187 1.276563560311722 1.337852041776885 -1.358490568207412 1.337852071595495 -1.276562959363522 -1.176483400998809 -1.040708856719558 -0.873395110500689 0.678101823158187 0.461798131879374 0.247647912184831 -0.018620044668731 -0.337588209203101 -0.679950370710469 0.928054773643995 1.468403169373275 2.277069078478973 2.977317361711616 -0.059390989408968 1.114677881904306 -1.221326919061178 1.029588542216680 -0.851830820792180 0.955314315864650 
0.176486119058098 -0.349952511687901 -0.517431119817589 0.676056338028172 0.823114044856853 -0.956088042167725 1.072703107999793 1.170963926252683 -1.249189226398097 1.306040549935636 -1.340545344516186 -1.352113023084177 -1.340532228410209 -1.306035679977439 1.249592148593624 1.171513308216256 1.073308072872231 -0.974760892628045 0.863470398489209 0.742106471697080 -0.392604007431844 -0.205214309324209 0.587282158565884 1.476627671596934 -2.616632948153585 -3.424325288523455 -0.593093295431689 1.686780128119808 0.315154255910694 0.213282627647032 
0.117293709866004 -0.233694743776051 -0.348317219577222 0.460288791017732 0.568757286828593 -0.672897196261685 0.771915951725162 0.865059960722334 -0.951620340331935 1.030938301706400 -1.102410422210687 -1.165494156347059 -1.219689733277841 -1.264541715398666 1.300386279278563 1.327727522948370 1.342777727171109 -1.359818776412121 1.432008545775005 1.593192172196464 -1.496876614923624 -1.704620284065974 -1.548236084440775 -1.906621291792076 0.132786036460869 -0.764547676423359 2.683570844883628 -3.691816824306126 0.841922320802533 -1.749384238005687 
0.058429690982395 -0.116748157727100 -0.174844387718011 0.232607791479437 0.289928413089158 -0.346697139486184 0.402805908172783 0.458147912900863 -0.512617807712718 0.566111915864341 -0.618528200402646 -0.669765809801665 -0.719744416709228 -0.768401680882651 0.815176969260266 0.860119011907312 0.912534773820140 -0.977373985125729 1.036385924883318 1.175789420061180 -1.364384265738414 -1.793554459563123 -1.747253452384584 -2.364507368193560 2.721519350597854 4.020974025928735 -2.542717055248513 2.936448049698900 -2.350294354689368 3.834179480035512 
0.000000000000000 0.000000000000000 0.000000000000000 0.000000000000000 0.000000000000000 0.000000000000000 0.000000000000000 0.000000000000000 0.000000000000000 0.000000000000000 0.000000000000000 0.000000000000000 0.000000000000000 0.000000000000000 0.000000000000000 0.000000000000000 0.000000000000000 0.000000000000000 0.000000000000000 0.000000000000000 0.000000000000000 0.000000000000000 0.000000000000000 0.000000000000000 0.000000000000000 0.000000000000000 0.000000000000000 0.000000000000000 0.000000000000000 0.000000000000000 
******************************************
ASBF PLOT NODES
73 1
1.000000000000000 
1.006944444444444 
1.013888888888889 
1.020833333333333 
1.027777777777778 
1.034722222222222 
1.041666666666667 
1.048611111111111 
1.055555555555556 
1.062500000000000 
1.069444444444444 
1.076388888888889 
1.083333333333333 
1.090277777777778 
1.097222222222222 
1.104166666666667 
1.111111111111111 
1.118055555555556 
1.125000000000000 
1.131944444444444 
1.138888888888889 
1.145833333333333 
1.152777777777778 
1.159722222222222 
1.166666666666667 
1.173611111111111 
1.180555555555556 
1.187500000000000 
1.194444444444444 
1.201388888888889 
1.208333333333333 
1.215277777777778 
1.222222222222222 
1.229166666666667 
1.236111111111111 
1.243055555555556 
1.250000000000000 
1.256944444444444 
1.263888888888889 
1.270833333333333 
1.277777777777778 
1.284722222222222 
1.291666666666667 
1.298611111111111 
1.305555555555556 
1.312500000000000 
1.319444444444444 
1.326388888888889 
1.333333333333333 
1.340277777777778 
1.347222222222222 
1.354166666666667 
1.361111111111111 
1.368055555555556 
1.375000000000000 
1.381944444444444 
1.388888888888889 
1.395833333333333 
1.402777777777778 
1.409722222222222 
1.416666666666667 
1.423611111111111 
1.430555555555556 
1.437500000000000 
1.444444444444444 
1.451388888888889 
1.458333333333333 
1.465277777777778 
1.472222222222222 
1.479166666666667 
1.486111111111111 
1.493055555555556 
1.500000000000000 
