******************************************
ASBF EIGENVALUES
24 1
39.478417604357254 
157.913670417430950 
355.305758439215708 
631.654681669720048 
986.960440108934677 
1421.223033756866243 
1934.442462613526914 
2526.618726680843793 
3197.751827560472066 
3947.841793264693479 
4776.895258957648366 
5684.936778805236827 
6674.369849835488822 
7745.668868925820789 
9004.238690561172916 
10337.669039474842066 
12709.655327113601743 
14689.090188511116139 
20798.573160161315172 
24269.477767587195558 
44252.525254138090531 
51989.642289034381974 
171403.124327301367885 
202169.000006946269423 
******************************************
ASBF QUADRATURE VANDERMONDE
28 24
-0.011166234343793 0.022332120000585 0.033497308294222 0.044661450570387 -0.055824198202527 0.066985202792855 0.078144134677927 0.089300516980330 -0.100448221677392 -0.111605551429617 -0.123123568831598 -0.134118930447521 0.139097965672069 -0.151562256135342 -0.222616447870098 -0.220839755536872 -0.180116614264991 0.189920396732395 0.778016576443560 0.627458617233579 0.609030983812133 0.535603659551338 -7.267956107341753 -5.427916172306332 
-0.058456158506869 0.116861900247879 0.175166851940119 0.233320727229362 -0.291273370066456 0.348974797732327 0.406375220048786 0.463425284432253 -0.520083324004571 -0.576278148537520 -0.631509902435146 -0.686782149804303 0.753089902017316 -0.805365559622056 -0.881146429728584 -0.917854919891446 -1.602701570079526 1.466884539555843 2.248413669208492 1.899878340854704 6.327343437376564 4.891394490355734 -7.602836516023345 -4.646077382388697 
-0.141951858144052 0.283171229192622 0.422929405763656 0.560505220398238 -0.695188766857918 0.826285063503053 0.953117661166780 1.075031979478479 -1.191391964387463 -1.301613072422568 -1.405593366016140 -1.501907191470138 1.587758627573635 -1.664949999901138 -1.959498593242365 -1.971701441408341 -2.606438563849951 2.301183703122291 4.483494909060909 3.514634404525736 3.134490858220250 1.357678938611077 4.478746487476915 3.206289877625589 
-0.258812723176564 0.513086713526763 0.758362832826134 0.990339736223761 -1.204949303834937 1.398427982264793 1.567382771985377 1.708850764708453 -1.820355504368734 -1.899940783610850 -1.945936153104691 -1.957636648640564 1.948399466857789 -1.894461429537309 -1.907998912865125 -1.678907944387681 -2.082977671350084 1.531669476437194 0.065397596368037 -0.898649950131897 -4.533674116503200 -3.024801898618219 -1.457192197077517 -1.520344859005154 
-0.404635801326082 0.791381886898406 1.143139479206173 1.444356708345685 -1.681716189667177 1.844723810473338 1.926172694334924 1.922461964721125 -1.833755407228313 -1.663954059959406 -1.420658106668063 -1.115322910725215 0.760263865310386 -0.356254528803189 0.075998483416710 0.478890144791139 1.719440854512609 -2.125305249110626 -3.749726661327717 -2.202393311774336 1.882048171014579 1.867130637602349 0.181887932875415 0.723794422726093 
-0.573298115458639 1.093574728062679 1.512712031113377 1.791946091656966 -1.905451934621099 1.842731967152589 1.609586865282437 1.227578775444295 -0.732032894640466 -0.168824712311755 0.409730733425309 0.952015748454173 -1.415788620613374 1.720860762715345 2.041135314368385 2.021463733134108 2.057259649529804 -0.729822668598560 2.506796448624293 2.228503853466697 -0.102738480340222 -0.835342671202420 0.349319800891808 -0.324361245769235 
-0.756902380162643 1.385123381894543 1.777858816728668 1.868339523360292 -1.641182828475658 1.135007762770792 0.435869386585487 -0.337370982362584 1.053244131577134 1.590110942716125 1.857315199047129 1.806365761985899 -1.441917370495861 0.855527778401507 0.101736396818323 -0.889170635979435 -2.711210276007083 2.131251630933733 -0.414512503706329 -1.208718726949994 -0.599830399183024 0.277315340538119 -0.571706415031120 0.092054832706577 
-0.945928595681256 1.623312496644910 1.839845588326434 1.534055140894684 -0.792753629114847 -0.173606921720522 -1.090681233718485 -1.698116728239351 1.823480319914378 1.431100360502738 0.631448580741726 -0.344735456973390 1.211289450529651 -1.771874362550255 -2.060339666118295 -1.215297578115266 1.055928493724124 -1.704164327141709 -0.709019150456323 0.397266590047416 0.788643304670344 0.011126677807523 0.640941454000920 0.058841637497092 
-1.129653810603386 1.762611943342508 1.620570048823219 0.765982300546485 0.425398980771775 -1.429737265003128 -1.805436713093257 -1.387306095815107 0.359174226268893 -0.826817028795637 -1.648022842750879 -1.747351908779804 1.104967617218876 0.079965337517715 1.582474108439842 1.894290981794446 0.503884716316711 0.770876097913242 1.022803330170855 0.058517885485655 -0.770916200370848 -0.171853042091301 -0.622266252438021 -0.163533046834815 
-1.296851068626171 1.763220755248136 1.100453839354723 -0.267025011045822 1.463505582962120 -1.722782053910108 -0.878818121563485 0.527925582548998 -1.596574651278308 -1.642856977606479 -0.638512724172611 0.777020543632666 -1.732696545702612 1.527507050202730 0.006237811602778 -1.306549440740941 -1.195120032940007 -0.036394791535439 -0.958532672130729 -0.290486297083213 0.668706501388326 0.269522760495746 0.549587234624724 0.238425161345630 
-1.436714521204541 1.601085366822461 0.347546940636739 -1.213776466741948 1.700188478530744 -0.680926241608747 0.941359149303165 1.729984165400953 -0.986566823408381 0.630574899173060 1.690726105856886 1.252409356218322 0.333501296277696 -1.603034662386120 -1.193924977517038 0.340974633909628 1.232221598404094 -0.396987006344880 0.762497784099705 0.408072170039327 -0.530217596517435 -0.332145885911608 -0.443990840413555 -0.291984320615254 
-1.539894611714115 1.276460779389729 -0.481801344210209 -1.675839097011760 0.907347538865757 0.923713894766424 1.673039301681138 0.463114085129314 1.289166164292138 1.531743750475067 -0.020660208361327 -1.549381882071070 1.233334745273143 0.544010157013393 1.515470634014453 0.466614375505859 -0.959089727047080 0.618539699269189 -0.535343539108143 -0.468907339640109 0.377234735351528 0.372410719319672 0.320236341048532 0.328904619025017 
-1.599482378956648 0.817768449463829 -1.181381344686598 -1.421774097278502 -0.454469929901590 1.654131249071066 0.391238861707445 -1.454102435359439 1.134670074102766 -0.874018572141150 -1.580801948363727 0.068096806096708 -1.598207313845592 0.701150838543004 -1.152283663771103 -0.968069028425162 0.585808227979256 -0.719508191108510 0.311824009470199 0.499588220370086 -0.221607720255369 -0.396415785885346 -0.189344243894381 -0.351891153946914 
-1.611770429258588 0.278547612531482 -1.563631580798210 -0.548775826056000 -1.468791649881705 0.802613717319541 -1.330083223052246 -1.032479536152931 -1.151647683202801 -1.231438340057661 0.938695577718333 1.389993884820329 0.695569802164992 -1.444724725566576 0.430794919135935 1.182647839181870 -0.202723449745576 0.754308529391079 -0.102269691400602 -0.511679507465185 0.070860494359177 0.407152281542025 0.059788667214947 0.362481836976761 
-1.576647272683260 -0.272477597080780 -1.529557449742365 0.536817088686567 -1.436784238551224 -0.785123430169866 -1.301098487364375 1.009979914817065 -1.126547195000132 1.204581496443884 0.917909534322344 -1.358899659542943 0.671824651551696 1.405370714636731 0.372637860974185 -1.151728899544433 -0.161126437623035 -0.745996067755263 -0.091154498176760 0.509463462257887 0.069761032122737 -0.405905260642435 0.061841832386708 -0.361429334688886 
-1.497547192299166 -0.765651976887845 -1.106091782595371 1.331164278816272 -0.425506511647700 -1.548713284586889 0.366305157446404 1.361432818624704 1.062354294728718 0.818376882978225 -1.479823479232517 -0.065932799015768 -1.490087996510446 -0.633566197244658 -1.031885161281901 0.885947447696961 0.495974762694139 0.694209873325356 0.268600148072425 -0.492821971787483 -0.196392006751372 0.392752207803957 -0.170386673055983 0.348848253425817 
-1.380963907166376 -1.144718769610157 -0.432075196391482 1.502877722661396 0.813701270788127 -0.828378473482448 1.500366895503835 -0.415317345525318 1.156114340681081 -1.373739112573591 -0.018614683272831 1.392449591243158 1.103882010685203 -0.523385080658496 1.320566419773453 -0.368612389352533 -0.782235233131232 -0.576059924164086 -0.429720643355242 0.457211359994525 0.305970037125665 -0.366545864033185 0.261718879196075 -0.324202232344503 
-1.235620500520171 -1.376984691899721 0.298901499501633 1.043886633858165 1.462216541849573 0.585618374048373 0.809599016649619 -1.487840951175843 -0.848478795028228 -0.542219557138426 1.454023693466347 -1.080165185011055 0.284177134229694 1.420157248139269 -1.012605641196080 -0.390468552847211 0.960620025666825 0.340754650235798 0.569861498925726 -0.390794951976656 -0.395571485872329 0.324382539634783 -0.332333834439054 0.286132542856398 
-1.071448522178989 -1.456759621972058 0.909186620135089 0.220614039955157 1.209137218605465 1.423349474606569 -0.726072874732054 -0.436168953189952 -1.319079614357541 1.357224103980251 -0.527386736047702 -0.639414397986540 -1.425562415336745 -1.297094372223735 0.035334852543179 1.230904069127238 -0.898542488245080 0.091400926174967 -0.670684529695950 0.267027604335288 0.461167679648303 -0.260174736657358 0.378834610502582 -0.232056841594875 
-0.898551763303984 -1.402020738428789 1.289037456661118 -0.609279356520751 0.338371809747580 1.137244815455316 -1.436084505224380 1.103494863078897 0.285697825094881 0.657747222923144 -1.311061476698755 1.387953432042858 0.873231492159130 -0.048019571338833 1.180027708755059 -1.680227288005306 0.393573451879681 -0.786719124540830 0.677577891848204 -0.030028309221590 -0.494566945573854 0.161174763024766 -0.397148308453174 0.157336795904075 
-0.726312771084503 -1.246428750708304 1.412689450055763 -1.177894235851119 -0.608700368907775 0.133300680136709 -0.837458261557525 1.303865144401578 1.400120780574978 -1.098900627370910 0.485042787578640 0.266190746981245 0.932695703433030 1.364128922306254 -1.495645185505830 1.037098806409012 0.645484436684643 1.623313505602284 -0.459046522304158 -0.422317076808185 0.474953684339913 0.000602724039683 0.381064848668982 -0.053498785516252 
-0.562751962261605 -1.029830162468345 1.321826386017139 -1.389098198787502 -1.220208683918849 -0.843870838335880 0.324066041973734 0.250833478171082 0.783082685305115 -1.182202602202697 1.380725308122087 -1.343985783531197 -1.073556214485563 -0.638029406582796 0.056067200498326 0.719593437547191 -1.681031513752477 -1.947551538707030 -0.204930823247081 1.203141626818593 -0.345487965682292 -0.288919463372319 -0.318938777423225 -0.095900994772327 
-0.414186434190817 -0.790066816764453 1.092877833067991 -1.294613992184188 -1.376617716058842 -1.331304886463523 1.162866269764659 -0.886879871477988 -0.528868179673289 0.121957691313022 0.296124778804480 -0.687697875317896 -1.019409642925088 -1.255538889454308 1.425155030214274 -1.603970436559618 1.246679347935980 0.635062086896394 1.362978290771497 -2.145707596953523 -0.039465801343904 0.840884176869948 0.184835025125657 0.326023929274601 
-0.285175339551244 -0.557742536798134 0.805650879306025 -1.017939869348509 -1.185223808286773 -1.300106755970777 1.357509522127835 -1.354894356144261 -1.292375695050708 1.172698131014760 -1.001279055717788 0.786449896048066 0.534333272993693 0.249878549450726 0.049629389162575 -0.355353765161045 1.027225513785702 1.864401717435502 -2.009038710763334 2.059085011274500 0.941038414875588 -1.845374693428687 0.088871927429590 -0.722019883558357 
-0.178693663750904 -0.354253622220338 0.523601125118449 -0.683766368406848 -0.831940574998263 -0.965525251788022 1.082177748397168 -1.179852169366473 -1.256839205736753 1.311809962486625 -1.343546278561031 1.351157845209021 1.342852445200553 1.327125392841230 -1.268943111342464 1.249877274645010 -1.209449775159576 -1.327249067671250 0.045982998140409 0.863928361175903 -2.229883304237524 2.939701873850877 -0.697620458388190 1.510752283586946 
-0.096452033009741 -0.192406362992298 0.287367855122485 -0.380846497726887 -0.472359930794346 -0.561435934735212 0.647614881647700 -0.730452291075845 -0.809515864139013 0.884377598226774 -0.955001791070053 1.021439944869088 1.078267716733487 1.135729230943083 -1.271563135570383 1.484462215220410 -1.515849481224025 -1.896307821907592 2.296917644303248 -3.238904263028725 1.527640688714605 -1.279071498992170 2.090744126421720 -3.171487475400819 
-0.039275317211178 -0.078516760583863 0.117690485494757 -0.156762705725816 -0.195699722607324 -0.234467954345953 0.273033949981947 -0.311364249332573 -0.349430716999521 0.387217872359606 -0.424361067293362 0.460696841412670 0.503919370940977 0.553107802197638 -0.576686983450249 0.657021177133493 -0.896404830189670 -1.236799510805826 1.166962468648369 -1.686269562997730 2.991445327711885 -4.708551024806276 -3.497491391305900 4.563384967528627 
-0.007455197193844 -0.014910161584909 0.022364660377670 -0.029818460791173 -0.037271330063628 -0.044723035266232 0.052173354579018 -0.059622197782411 -0.067065664059297 0.074491622187256 -0.082148366569065 0.090142310444072 0.093775254792819 0.097462523598837 -0.136441048121366 0.173666240428245 -0.114266124030004 -0.138814499612324 0.380196478918305 -0.582488446163948 0.303290285380754 -0.487550317703683 -3.287492788922798 5.357125988563119 
******************************************
ASBF QUADRATURE NODES
28 1
1.000889375606511 
1.004674208657282 
1.011435179842765 
1.021091743401967 
1.033526869356401 
1.048589657270705 
1.066097280496592 
1.085837226490284 
1.107569882047150 
1.131031443761220 
1.155937120977730 
1.181984593091205 
1.208857679466655 
1.236230177528991 
1.263769822471009 
1.291142320533345 
1.318015406908795 
1.344062879022270 
1.368968556238780 
1.392430117952850 
1.414162773509716 
1.433902719503408 
1.451410342729295 
1.466473130643599 
1.478908256598033 
1.488564820157235 
1.495325791342718 
1.499110624393489 
******************************************
ASBF QUADRATURE WEIGHTS
28 1
0.002285129909758 
0.005332531524803 
0.008414549392594 
0.011540054212134 
0.014716110674777 
0.017942552099741 
0.021210038976169 
0.024498562443245 
0.027776339771669 
0.030999202945137 
0.034110597559943 
0.037042298294607 
0.039715918879139 
0.042045251012933 
0.043939410803810 
0.045306707275955 
0.046059080887440 
0.046116897204818 
0.045413828491747 
0.043901520068037 
0.041553723803453 
0.038369591224133 
0.034375854583662 
0.029627685224629 
0.024208104599836 
0.018225953394846 
0.011812846830509 
0.005126324577143 
******************************************
ASBF GLL VANDERMONDE
24 24
0.000000000000000 0.000000000000000 0.000000000000000 0.000000000000000 0.000000000000000 0.000000000000000 0.000000000000000 0.000000000000000 0.000000000000000 0.000000000000000 0.000000000000000 0.000000000000000 0.000000000000000 0.000000000000000 0.000000000000000 0.000000000000000 0.000000000000000 0.000000000000000 0.000000000000000 0.000000000000000 0.000000000000000 0.000000000000000 0.000000000000000 0.000000000000000 
-0.041546352875259 0.083074656359614 0.124566868903457 0.166004964636671 -0.207370941201373 0.248646827515442 0.289814684015078 0.330856656623782 -0.371757349538382 -0.412494636509579 -0.452902844245733 -0.493189229238121 0.538356435365608 -0.578845798752878 -0.656879081409037 -0.676078730720345 -1.107503472093436 1.039138019271778 1.794144835835256 1.485017897990347 4.530431713457126 3.638588932979614 -10.580399337427323 -7.169973535446179 
-0.137389210162427 0.274114862187725 0.409516602771224 0.542940472794603 -0.673742065792686 0.801289640431976 0.924967189769305 1.044177298646823 -1.158338374281108 -1.266910627170014 -1.369768258937007 -1.465725166653132 1.553030866619538 -1.630615050814994 -1.915524488208460 -1.935055351341567 -2.594428990139398 2.291738502716720 4.443188464081608 3.521025939658395 3.640767535501897 1.765873430270272 4.376275484239184 3.234097634479243 
-0.282420101608108 0.558914709299824 0.823682652738955 1.071168800300072 -1.296180612035414 1.493997084799319 1.660467774732336 1.792100089388483 -1.886141842479739 -1.940597853719717 -1.953739258743769 -1.926368231519099 1.877455128416973 -1.768928707353127 -1.665660126625088 -1.398131588808903 -1.688629243868992 1.052810010219211 -1.368245059661120 -1.950185321617274 -3.991803968772093 -2.255914753419531 -2.146203427434986 -1.682751234034470 
-0.468497493009417 0.908812073163443 1.294456197568846 1.602231076662225 -1.813622219478901 1.915913190857728 1.902950620777945 1.775514043740031 -1.541256397534585 -1.214305444280888 -0.815189828298489 -0.366036365081196 -0.123746581110789 0.590358870825678 1.029783489414144 1.414739232325399 3.018961478036101 -2.706157755085729 -1.380755348120540 0.122203140044053 2.512389549420740 1.433363008492810 1.405529417010093 1.034506296828611 
-0.683739985184276 1.274721197426758 1.692768872537630 1.881169069231210 -1.814362698617352 1.501412967147424 0.984775779264961 0.334540451957433 0.361063647691291 1.007720659714431 1.518768110666392 1.822205872091494 -1.864002633412581 1.668123968784106 1.452433465274576 0.661749604497123 -1.455474135274764 2.078192604482023 1.748118702635564 0.305656795478025 -1.570494728843723 -0.804347491894169 -1.038075627524480 -0.639144058632972 
-0.912530495219278 1.587063904508321 1.847675163867110 1.626394248608316 -0.980933436039427 0.079635366543862 -0.842432349142289 -1.544785679882900 1.844261498407562 1.662683004627683 1.046270375528846 0.159141143035009 0.750854795474769 -1.500293264751489 -2.185082689851487 -1.765974276558320 0.154877918970221 -1.284523144443311 -1.355003506561482 -0.179312915996292 1.053720168825941 0.392883912189407 0.791821758024036 0.344691154498259 
-1.136268275594404 1.765339093822056 1.606413345562519 0.730430911087682 0.471594860887866 -1.463114259712820 -1.801541614884857 -1.335812136491202 0.273796226863004 -0.910365268448899 -1.686967063501951 -1.713455326829404 0.999884610133714 0.218182519811998 1.679236303564890 1.870702232075301 0.334896989552943 0.883277371563950 0.940169316056971 -0.037960010792993 -0.735176781468356 -0.105930575228705 -0.599120886854623 -0.110577158017676 
-1.334999756946012 1.738220390717345 0.928229214434040 -0.529630696678926 1.617828498436101 -1.576843457434325 -0.435281526161322 1.010089796614593 -1.750439831391696 -1.269133101194476 0.096847365136857 1.398895262475096 -1.751482044883577 0.809094449582031 -0.998649125281141 -1.645873401829058 -0.390178290062212 -0.748170939029351 -0.626867851820657 0.226322076606111 0.509619967892872 -0.103239802567083 0.436617036351918 -0.075059674225551 
-1.489791359584866 1.469130225055170 -0.041035730627476 -1.509596852669929 1.447625315513425 0.082047892279453 1.528535287640840 1.425289556991115 0.122998273394064 1.546675326302946 1.403193760132269 -0.167172414483320 1.592148411346731 -1.324814873254046 0.521387935920953 1.423011374115629 0.295729662363900 0.726429868820014 0.394601910850081 -0.366623095755362 -0.333165008776985 0.253518264561170 -0.294533614985329 0.215089060730424 
-1.585418215018056 0.976626589029525 -0.983810711480827 -1.582659552636758 -0.008883474077138 1.588131823517376 0.969414741491922 -0.990967453024067 1.579866134864155 -0.017856207009626 -1.591563179424567 -0.958097336403232 -1.018930557230560 1.508210866513795 -0.245387989544454 -1.278914362160944 -0.167865403458706 -0.738864048247371 -0.213632780160972 0.459109869672480 0.186261910216603 -0.352085588592017 0.168135931984976 -0.309402078688042 
-1.612748541237678 0.338019531400369 -1.541902280530195 -0.661190238428264 -1.403321957038810 0.955315588691551 -1.203095264893518 -1.207474473008348 -0.950022825741991 -1.406503683467715 0.655585501513183 1.539603923066202 0.341813691534055 -1.538475430819198 0.085485055799101 1.208530711915847 0.041909548562252 0.752198478857811 0.063871089915522 -0.505758914868152 -0.059082923062025 0.401473582819868 -0.054760669416108 0.357169050073237 
-1.570200160163642 -0.329101722166813 -1.501223002804381 0.643746369463129 -1.366298778362633 -0.930111950059874 -1.171354560443884 1.175618368689603 -0.924954550207451 1.369409213156257 0.637949313199637 -1.499311085219459 0.323944424337881 1.502385377510707 0.034327516435962 -1.198002364845872 0.074935552303605 -0.754789766056852 0.067692602913971 0.507674144237567 -0.054239007267119 -0.402441913092305 -0.047432523367540 -0.357793408948722 
-1.463860984616122 -0.901746647462852 -0.908379948673559 1.461313834475240 -0.008202360102985 -1.466366534762497 0.895087735740341 0.914987620505429 1.458730560565778 0.016451286736114 -1.469216156778555 0.885543509813213 -0.932137542917608 -1.404980320676700 -0.176302675564885 1.243371941706799 -0.182210880042980 0.746692131056621 -0.190983521293956 -0.465069553982490 0.158201787058968 0.355025578437750 0.140091040728114 0.311281371949559 
-1.306233652175174 -1.288118183159216 -0.035979704099075 1.323598903624135 1.269262900943908 -0.071938743901899 1.340203937780731 -1.249678609647263 0.107847306253653 -1.356054159018609 1.230020692704275 0.145238265340492 1.387605638558692 1.179148679775743 0.401647322726893 -1.349587692216703 0.275516694218892 -0.739262643239885 0.316016249893061 0.377366428713083 -0.257504985521570 -0.258549128568222 -0.225077441006141 -0.218243201106822 
-1.113949571156997 -1.450404652691052 0.774532377233980 0.441934078539956 1.349947333442488 1.315748624871766 -0.363207318340157 -0.842839081000802 -1.460604072577503 1.058921054230332 0.081053203164361 -1.165651794043702 -1.453904725932633 -0.693316719984733 -0.766949289438263 1.512194437841930 -0.332038026715734 0.763580507846539 -0.455649252275553 -0.243456908471010 0.358696766258253 0.110620311490249 0.304864468520718 0.079526603231618 
-0.905055178794587 -1.406119772512677 1.279532966741975 -0.581799468515207 0.375632568741993 1.165393037221223 -1.434955630025067 1.063995650064635 0.218085743328688 0.725194918451834 -1.343892881747795 1.362986910947026 0.790719353468348 -0.160767152488343 1.255601965886552 -1.656864834916977 0.278942896819081 -0.890421183618569 0.626770492004182 0.064655141865205 -0.473156570759427 0.095648037266762 -0.383149697328584 0.104731855892882 
-0.696518810191462 -1.211378543793548 1.410298629469688 -1.241398718045862 -0.748729596794946 -0.060784302712010 -0.643014109289240 1.179107595060262 1.407690680146767 -1.269172035531488 0.798764678983075 -0.119480932194728 0.575929999402873 1.140667649860423 -1.577489463234917 1.510621162869398 0.053244616471481 1.249028974565451 -0.838946769622713 0.137747096809333 0.624205445317071 -0.378399853930386 0.466224288603143 -0.337352476338809 
-0.502449748914568 -0.936735249453817 1.243939675032613 -1.382386502153018 -1.333293506468999 -1.103320831484367 0.723667413617898 -0.245838080871733 0.265331294998258 -0.740460772388124 1.115933673095325 -1.341074757616028 -1.370594458117563 -1.222851309753169 1.005587655707149 -0.570317231269511 -0.867271943899834 -1.928561052842486 1.021464138223184 -0.246102883368158 -0.864603073678922 0.782167090239462 -0.566882063706628 0.630088049833223 
-0.333248675675415 -0.646450459903430 0.920764401082899 -1.139688882845252 -1.290054294495742 -1.362815261003897 1.353594804344298 -1.262947960737091 -1.096318149385910 0.863695919564466 -0.579752909073582 0.261939372769925 -0.085755696538031 -0.437218483750710 0.718162987236036 -1.065887013753619 1.789573493318799 2.415387473094609 -0.781999280446839 -0.170604652399137 1.303329764732800 -1.393498733038461 0.718500764786610 -1.023174005583078 
-0.195633676185558 -0.387162736051388 0.570568682781643 -0.742003451683318 -0.897870146950892 -1.034898508991466 1.150213507730040 -1.241395410701711 -1.306537998377414 1.344302511314724 -1.353422492753133 1.333439356511525 1.297120504616911 1.247455903597826 -1.118170647612773 1.032297778359176 -0.970136643339366 -0.935015173309812 -0.694944730812636 1.857957637856982 -1.985380710582979 2.177396708133551 -1.039053952697546 1.666966707904393 
-0.093294165067588 -0.186137740876353 0.278082314409476 -0.368683814623378 -0.457504657205467 -0.544115857768498 0.628099116125654 -0.709049000762956 -0.786570404337841 0.860270647602685 -0.930096659098768 0.996127468828930 1.053832149200345 1.112328258263154 -1.243407410896347 1.454238000083876 -1.505514052678931 -1.890017198667634 2.277581478669088 -3.239578241696201 1.767224700423075 -1.676239581646497 2.039033314676367 -3.200862591999304 
-0.027851046095601 -0.055689992587180 0.083504745127243 -0.111283219879137 -0.139013348767866 -0.166683084823989 0.194280402285917 -0.221793230899896 -0.249211329855584 0.276530880416486 -0.303622026341913 0.330365102308545 0.360013665602983 0.394490810833536 -0.425283227257047 0.488422153274576 -0.624074054127378 -0.867450598268775 0.920079067121947 -1.324800579458635 2.144851158694739 -3.485326561504893 -4.834578017110116 7.061570219293948 
0.000000000000000 0.000000000000000 0.000000000000000 0.000000000000000 0.000000000000000 0.000000000000000 0.000000000000000 0.000000000000000 0.000000000000000 0.000000000000000 0.000000000000000 0.000000000000000 0.000000000000000 0.000000000000000 0.000000000000000 0.000000000000000 0.000000000000000 0.000000000000000 0.000000000000000 0.000000000000000 0.000000000000000 0.000000000000000 0.000000000000000 0.000000000000000 
******************************************
ASBF GLL NODES
24 1
1.000000000000000 
1.003317361623710 
1.011062944767529 
1.023073581221623 
1.039133982461282 
1.058957379394876 
1.082189973683968 
1.108417160505176 
1.137170906696419 
1.167938096656122 
1.200169686652292 
1.233290501565693 
1.266709498434307 
1.299830313347708 
1.332061903343878 
1.362829093303580 
1.391582839494824 
1.417810026316032 
1.441042620605124 
1.460866017538719 
1.476926418778376 
1.488937055232472 
1.496682638376290 
1.500000000000000 
******************************************
ASBF PLOT VANDERMONDE
58 24
0.000000000000000 0.000000000000000 0.000000000000000 0.000000000000000 0.000000000000000 0.000000000000000 0.000000000000000 0.000000000000000 0.000000000000000 0.000000000000000 0.000000000000000 0.000000000000000 0.000000000000000 0.000000000000000 0.000000000000000 0.000000000000000 0.000000000000000 0.000000000000000 0.000000000000000 0.000000000000000 0.000000000000000 0.000000000000000 0.000000000000000 0.000000000000000 
-0.109217472705539 0.218103255536088 0.326326665947879 0.433559033000471 -0.539474695521662 0.643751991002756 0.746074224296989 0.846130751011861 -0.943620148993082 -1.038230661337773 -1.129564071099285 -1.217955911107849 1.309763897213496 -1.384416927629671 -1.585313343637998 -1.635928325851754 -2.445442137116823 2.168642436164094 3.865005506502464 3.223214888965194 6.299639997997117 4.091142636850309 2.238550120912059 2.298140673882695 
-0.216223055057332 0.429821455129779 0.638202404988524 0.838836442182577 -1.029288141280990 1.207245676917875 1.370548907139031 1.517215332202670 -1.645458194236394 -1.753753671194679 -1.841186081354667 -1.905170503947418 1.946555659708103 -1.969486336550260 -2.180699657682581 -2.035284762444743 -2.496483311901269 2.089735507144287 2.615585752155816 1.280888275520191 -3.726752262772200 -3.202403616248613 0.995322378186839 -0.124645180336628 
-0.320748432341946 0.632747683578366 0.927487227456866 1.196927337549123 -1.433718390040348 1.631401341870610 1.784583875360938 1.889087880031172 -1.942075937433090 -1.942056497070565 -1.888247589061848 -1.784226090337980 1.652723044177333 -1.445416113103598 -1.179916075096186 -0.859528406098128 -0.790552877257253 0.068584257650941 -3.222559289503780 -3.036690818258122 -2.193112723734346 -0.593865075587715 -2.180673036494028 -1.197215734185133 
-0.422536345720795 0.824618875365941 1.186783885535966 1.491499969567124 -1.724016664445918 1.873078479961948 1.931469759167169 1.896363969050364 -1.769455838097319 -1.556883617898706 -1.269299403532182 -0.920575184708063 0.520651348356285 -0.088734024728613 0.351908256453670 0.761174574608228 2.192179809866873 -2.426775191166478 -3.246737973944715 -1.599905116380060 2.319408267966653 1.932966144379511 0.671255134511460 0.951989466035447 
-0.521341092308706 1.003339700749888 1.409622282634224 1.709529129453696 -1.880428071094423 1.909422390422721 1.794324104005305 1.543818594218161 -1.176796287322202 -0.721014089007783 -0.211704221727812 0.315503296087378 -0.839028304789714 1.267959827764037 1.674931011642192 1.923858027851762 3.037169169943120 -2.084352339581456 0.960249348032229 1.701506304132720 1.442927825324749 0.221740931928359 1.223015056931918 0.441746089625447 
-0.616928991488895 1.167004154110374 1.590616308698794 1.841860505284723 -1.893510536716334 1.739969320643538 1.397875414616963 0.904299954516890 -0.312735103628764 0.312705515337333 0.904693120984696 1.399167660611814 -1.739130657022325 1.878081513815821 2.050822735853042 1.725991476320542 0.711554970503680 0.588763338277103 2.837894940083662 1.824490256263066 -1.136770263275534 -1.216025574076185 -0.443578884924717 -0.729642160876132 
-0.709078816562862 1.313914633466379 1.725589408903737 1.883582066129681 -1.764665809871367 1.386322740265868 0.804173727544617 0.103802015896493 0.611813352422992 1.237534531738359 1.682418821282336 1.877843410026387 -1.783103047239007 1.448094248492430 1.046264031416533 0.131547621361592 -2.082899245402730 2.305462390182770 1.020351930814013 -0.315562357206785 -1.360664044478336 -0.443174128594926 -0.992378738114984 -0.419920227106684 
-0.797582190927705 1.442598331220674 1.811666070771857 1.834188036570093 -1.505856099105617 0.889475455605423 0.102950890731077 -0.703266452294344 1.374957880224236 1.783679876191377 1.851239345462304 1.562963968964389 -0.980211863633431 0.222336484696442 -0.759733384937689 -1.610648191481709 -2.585149466285075 1.438654936821921 -1.373857927760188 -1.502585612477343 0.168367647156766 0.720446438088742 -0.036717179595419 0.458282967545275 
-0.882243948068721 1.551820788974453 1.847327352890406 1.697531044531294 -1.138540638144600 0.305102167747493 -0.601881892841051 -1.363781080778794 1.796954047931201 1.796936562629512 1.362644065945185 0.601111861201890 0.285141295021376 -1.128543623015499 -2.057961568577424 -2.047183884189744 -0.735190493248611 -0.667297724885086 -1.754181046877886 -0.718489804259852 1.098202132364872 0.680586834986654 0.768399075819642 0.540891957861325 
-0.962882454751904 1.640596503266089 1.832429551657418 1.481568097505636 -0.691923683894462 -0.302641665465984 -1.207576262133883 -1.754874111046237 1.782458984210517 1.282081508679023 0.401216008334181 -0.595689660310255 1.409641856897062 -1.841667933881877 -1.890491417024599 -0.861015959466834 1.434891174977470 -1.789866682439193 -0.341103894167587 0.644579287474961 0.589265613759964 -0.179061628432772 0.506347433430725 -0.091173269553394 
-1.039329896898725 1.708196503943436 1.768186085073331 1.197915691863063 -0.200654995097652 -0.868128044884408 -1.627471750843756 -1.806712418057552 1.341953365514617 0.398839394714740 -0.685878318638235 -1.525156619990163 1.842245140301130 -1.499618405034493 -0.419072316632618 0.919816689937642 2.068763360131868 -1.112106858343716 1.063492078947370 1.045713231506612 -0.436899344770524 -0.673643478239206 -0.280769150320627 -0.523806768808895 
-1.111432527724158 1.754152862175938 1.657113638709147 0.861238139781400 0.297837830018379 -1.331309934143309 -1.803343425672531 -1.514872361070918 0.587531674482903 -0.587530609489837 -1.513526926393572 -1.803405529595907 1.362700866022074 -0.297191967768802 1.262945316140942 1.885232849671020 0.953119357082961 0.420739153196132 1.202508454417377 0.324614994827784 -0.827839128489583 -0.344091745672139 -0.651216065258948 -0.299292951965394 
-1.179050877817978 1.778260120451587 1.502944543652411 0.488500708541252 0.766181317261314 -1.644065500352775 -1.713420036347295 -0.940136752366795 -0.295503705280186 -1.385744282991016 -1.793894916452977 -1.322979822312137 0.208382754374195 1.062497684713863 1.998724669190905 1.384954487598591 -0.718440312695771 1.344100384032477 0.256336858914511 -0.579423380720540 -0.348985394314346 0.302469607015842 -0.313044532986231 0.228183521201319 
-1.242059926948678 1.780573671888200 1.310508215886514 0.098125073133874 1.169839542840832 -1.775166128134428 -1.374976508869284 -0.195952030984233 -1.094057101699450 -1.764332452157090 -1.436000841377307 -0.295148183520599 -1.038953630625925 1.789705828825908 1.373729906326492 -0.077685093775035 -1.580119506403143 1.002605861818392 -0.734953420358440 -0.789587170714435 0.382319396205160 0.559270003649988 0.285138274671320 0.464352752005943 
-1.300349237468789 1.761405150430397 1.085585259637550 -0.290911368868310 1.479643077873012 -1.713358608983498 -0.841209286762321 0.573887072739136 -1.618555371931157 -1.618604978784697 -0.575380038579919 0.841688949525470 -1.752938862201507 1.478576364245516 -0.091039697664856 -1.361017865616212 -1.135419461034024 -0.108951513130889 -0.944092559372887 -0.244317127798502 0.666824747530498 0.238070518275551 0.550048763541588 0.212475451041216 
-1.353823049299391 1.721314926627319 0.834738504711173 -0.659988744647004 1.673879541766518 -1.468261207434275 -0.192937458447102 1.222950799675173 -1.747843245581526 -0.999425184508052 0.476383974638096 1.608859900469855 -1.585150926942456 0.334591219214161 -1.386477047266589 -1.578032156607034 0.075072191363248 -0.979259388797258 -0.349500490010140 0.447227933452125 0.332538234539114 -0.277255207910006 0.294645788910212 -0.225471137612717 
-1.402400336570250 1.661101835332273 0.565125793730286 -0.991727000857563 1.739797175581227 -1.069011438817776 0.473584637569375 1.629958305160006 -1.457060207956307 -0.095923503116416 1.344104753520212 1.689664051166550 -0.637135828158462 -0.966512679669497 -1.712360803291852 -0.679946409416574 1.065310633057187 -0.960883621032767 0.439824950639183 0.664189530896663 -0.245476435617871 -0.490865508981408 -0.191357505876452 -0.420416665995984 
-1.446014826089820 1.581790291495097 0.284299746848538 -1.270795845708109 1.674418641154755 -0.560844538256982 1.060912809678241 1.721373538095363 -0.822111672182578 0.822114530248746 1.722955770407108 1.060650359882559 0.603083387382797 -1.684809808291526 -0.950320973149594 0.614074081159352 1.169805161029003 -0.191724108757506 0.780584509409318 0.287068061055343 -0.559356434132146 -0.246325765089137 -0.472671652455026 -0.219231940017352 
-1.484614977916179 1.484614977916177 -0.000000000000002 -1.484614977916150 1.484614977905314 -0.000000000690438 1.484614930719215 1.484615555959497 -0.000016678390400 1.484691517440984 1.485833901937345 -0.003031137629438 1.517125057004576 -1.437420261370624 0.340475858823434 1.390734828469109 0.438310975223838 0.643158861494402 0.477832013396553 -0.296955198681702 -0.390592416322481 0.197492220025773 -0.342549328445623 0.165638943068436 
-1.518163928395476 1.371003314109719 -0.280056467044832 -1.623912988272587 1.186445303354371 0.552473723456789 1.685365937429190 0.969524505784249 0.809822197498903 1.700911710404466 0.725988049412731 -1.048376196288775 1.666507659594717 -0.396175656193391 1.332974123844256 1.170253134821539 -0.517417614978372 0.902903656985460 -0.155707152740234 -0.585564439906432 0.072922018169265 0.444176041613530 0.052878478863180 0.387104618072305 
-1.546639396128541 1.242555938025730 -0.548381325767905 -1.683120477077951 0.803822263807140 1.037337026262370 1.637209387590046 0.277981790691096 1.413899341026750 1.413877774487395 -0.279426676281397 -1.637874658979778 1.000586187280048 0.833549307849928 1.451696400658665 0.176532617026479 -1.017297392525472 0.452250276929928 -0.610048816046248 -0.373105056540223 0.442537347295927 0.302343798337073 0.379042180337272 0.268484266552295 
-1.570033551418591 1.101025452080020 -0.797911805973913 -1.660581141892315 0.366612417623612 1.403484979001276 1.350841557548976 -0.456174041753536 1.670765191169618 0.715404845143646 -1.170589279501477 -1.532521902943463 -0.133775109881916 1.565885128314407 0.687884348830678 -0.875890461024233 -0.770986890703849 -0.306058590199815 -0.571002866340814 0.128261860579567 0.445840520518930 -0.084434589405905 0.390576202593388 -0.070926442672109 
-1.588352849843267 0.948293701549924 -1.022193419658713 -1.558573452503142 -0.091678900441712 1.613308472292420 0.871514066378000 -1.092989298845978 1.524067651163759 -0.183165621285006 -1.633868815964316 -0.788013337981373 -1.174774807322035 1.413324320729848 -0.445411822830147 -1.286967248928587 -0.017721326753967 -0.783380461116213 -0.114874586593334 0.499869492267172 0.111327798685746 -0.386572249584890 0.102967188581436 -0.340539464593721 
-1.601617830682371 0.786347866756894 -1.215543852416475 -1.383144616259814 -0.536459992606227 1.646530901370587 0.271938856235970 -1.513016849458079 1.014774267319551 -1.014815746971507 -1.512048312550086 0.274052191406531 -1.623243588959688 0.485712786419320 -1.253629593504394 -0.821152175745582 0.691253313950850 -0.645999738422995 0.392903156729535 0.457110827207668 -0.286736526424388 -0.364643817846875 -0.247081383083818 -0.324195083504264 
-1.609862881018354 0.617255660461186 -1.373193935567310 -1.143767414744069 -0.934649187871819 1.502131786943293 -0.358699978109393 -1.639664480385101 0.269960913481264 -1.536094508505012 -0.857268869704184 1.205127322846330 -1.278961058885628 -0.687708695977797 -1.275823369094982 0.172772509455627 0.883209809654302 -0.031471399276700 0.583672912816345 0.054422579983711 -0.450522834433947 -0.049513578734144 -0.395258337246839 -0.045446447463845 
-1.613135966409648 0.443139928462389 -1.491402274838234 -0.852838745637366 -1.257121402930108 1.198178939532504 -0.927973163033878 -1.453099106337975 -0.528811173047122 -1.598266623899359 0.090880051233367 1.618721103948213 -0.326307141501506 -1.458560083370374 -0.535651789384539 1.019318269068828 0.463611998248090 0.584084430142007 0.341736184683489 -0.379780416314574 -0.273715766791690 0.298692118002256 -0.243108450172615 0.265024279432806 
-1.611498329117168 0.266152954496491 -1.567540855561470 -0.525045950203307 -1.480824953738504 0.769617060868150 -1.353716000176811 -0.993194702087573 -1.189678453232210 -1.189615081202169 0.992967888585972 1.350115328150771 0.764621907977438 -1.413154212713775 0.499180329441265 1.165233328963886 -0.251788557271078 0.746107256265893 -0.135920177359842 -0.506768761322611 0.097290603365503 0.403381651786551 0.083124829603015 0.359162034452115 
-1.605024154941471 0.088450770148843 -1.600149749334654 -0.176632918215871 -1.590415741519621 0.264278638360929 -1.575851644448025 -0.351122015019924 -1.556483784554212 -0.436915969942165 1.530996870645607 0.521294171377644 1.468395991319319 -0.590379416590230 1.207132847502576 0.530306961915297 -0.768497808212641 0.345965036110700 -0.497158846921387 -0.234020490449450 0.383630048354888 0.185797458730975 0.336890014934301 0.165310783348699 
-1.593800209802020 -0.087832233294683 -1.588959890947701 0.175397722983542 -1.579293953116250 -0.262430534781073 -1.564831697931170 0.348665698139936 -1.545597499096687 0.433753807610958 1.520150487220158 -0.514072661049864 1.454490605510471 0.547979491158554 1.177186418499054 -0.453665430130628 -0.744701460616795 -0.311681603085313 -0.487542509698668 0.221694681603234 0.379281062697485 -0.179121624947199 0.334359928170651 -0.160172757285259 
-1.577925447260561 -0.260608101277841 -1.534883754403946 0.514107492907399 -1.449974433866351 -0.753583371792522 -1.325513572152548 0.972502908271626 -1.164889378995144 1.164802630411450 0.971956149176438 -1.320953292433954 0.740246367904487 1.373314707204610 0.440599064655689 -1.130299364563170 -0.209305054326419 -0.735592476393385 -0.123758334474073 0.503708637099156 0.095242744930286 -0.401681765708958 0.084300178591790 -0.357767601534381 
-1.557510588257592 -0.427859241274057 -1.439974610188649 0.823430513029230 -1.213772389033712 -1.156862425189312 -0.895974078555851 1.402992847787806 -0.510572689127469 1.543222647228066 0.087453558838018 -1.565088665694818 -0.322682127045100 1.433062356413813 -0.555624320116587 -1.046373337200432 0.466027573246762 -0.605202867598821 0.325305200024470 0.388450552711171 -0.254252690407857 -0.303278188839153 -0.223509200881714 -0.268410944198648 
-1.532677674394187 -0.587661210987044 -1.307355870163408 1.088929251023536 -0.889837240507746 -1.430111771072205 -0.341502032302181 1.561051418985561 0.257018263884420 1.462560344905491 -0.816235374227528 -1.151134645009093 -1.219408004353195 0.696623670832361 -1.213475061144903 -0.249432715467036 0.816999917428996 -0.007529173682857 0.531783263636813 -0.040334971501502 -0.409516704717888 0.042024263879944 -0.359232768699171 0.039734373486827 
-1.503559596150799 -0.738204119812616 -1.141122800227721 1.298462292815384 -0.503615503264748 -1.545722887819435 0.255289530916981 1.420383793159532 0.952642574339276 0.952759267021239 -1.419278986173787 -0.259932182269325 -1.518643368081191 -0.427515455687207 -1.134993218076321 0.735135289918152 0.597135966706118 0.616009105150400 0.342689293505325 -0.448293799877621 -0.254884748745853 0.359908904558546 -0.221922416721273 0.320374351487968 
-1.470299597490053 -0.877812412921232 -0.946219584413819 1.442733533736010 -0.084864928114184 -1.493400409877546 0.806739360892371 1.011753410676352 1.410788266054237 0.169533469992019 -1.512112963493486 0.729776993630894 -1.078796255476956 -1.314125452940304 -0.359536031325935 1.240141027539248 -0.051617601146702 0.784639310748585 -0.106881674846096 -0.503502534055145 0.094394317145616 0.388311486501972 0.084487135422533 0.341507722984540 
-1.433050758341803 -1.004962828744194 -0.728295339680898 1.515698223472130 0.334626099305885 -1.281033268272734 1.232982891133442 0.416372766042638 1.524991101259586 -0.653082595931437 -1.068233415071607 1.401781926091742 -0.115836482253213 -1.465285017463270 0.651325431051714 0.899259558621292 -0.683476307485072 0.340223863145771 -0.483812801486628 -0.142233777123162 0.372853211515659 0.091472891874282 0.325343751004916 0.076031816144605 
-1.391975456515687 -1.118300344223168 -0.493543193191126 1.514808429370105 0.723440037427001 -0.933603322527943 1.473488451086746 -0.250184452814225 1.272510057181949 -1.272587820231217 -0.251505186157141 1.477410293034441 0.900192565513253 -0.789906195374203 1.279732868476872 -0.088958040137596 -0.843780133585271 -0.407260467080083 -0.495657740182865 0.359347104715724 0.361138421070660 -0.295440407490270 0.310696223973451 -0.263108099183419 
-1.347244810629099 -1.216651947620554 -0.248526931019930 1.441088347208778 1.052871991058464 -0.490274694797074 1.495622762125150 -0.860372907728479 0.718653531264431 -1.509442683265751 0.644014355857901 0.931541208891622 1.472274734664990 0.337702777716663 1.121855904502364 -1.063151608701484 -0.388760407806371 -0.879709398460992 -0.114859457665778 0.583450222093687 0.058681883061117 -0.443048553448704 0.045719781149974 -0.385699014306641 
-1.299038105676659 -1.299038105676661 -0.000000000000014 1.299038105676671 1.299038105669384 -0.000000000257812 1.299038074147753 -1.299037987483021 -0.000011066568993 -1.299039263302150 1.299828316442707 0.000939653982050 1.319254692653320 1.280106861143871 0.246916937727542 -1.327359155355340 0.387135572536918 -0.662390886384237 0.378722184830466 0.309533779122986 -0.300866074419254 -0.203375571187748 -0.261547482296570 -0.169457739800100 
-1.247542202901024 -1.364681820113421 0.245278212967357 1.096372886493322 1.444596474722242 0.483865874959709 0.915297328388720 -1.485105696786867 -0.709271794319981 -0.709175807612412 1.486362803660244 -0.918170554503915 0.516201865793796 1.495079054370954 -0.819557727316189 -0.641413499692578 0.924894954405217 0.138711240824048 0.589300537095208 -0.268918511290759 -0.419836948023490 0.238082128236911 -0.355181331817070 0.213179074927323 
-1.192950935653917 -1.413015197587842 0.480723889471861 0.843611929300928 1.479957337668147 0.909353885768974 0.402854457747846 -1.386522577734261 -1.239449513863862 0.081646419823571 1.143491715741529 -1.439226267052611 -0.539252797363141 0.850985226191105 -1.399514524342274 0.563525956836383 0.788189360741244 0.910554551890097 0.313364435850674 -0.655943186705298 -0.179200882390091 0.487429548516247 -0.142693005451798 0.417215213145124 
-1.135464492960784 -1.443683486848716 0.700103262015819 0.553538947123251 1.403898970511503 1.231444884259966 -0.161818523679266 -1.025701092486871 -1.465936592121027 0.838186208766513 0.399798817657691 -1.348619660280169 -1.322230104825210 -0.286239106048915 -1.088164785086103 1.432336292432557 0.011563731439354 0.972937214519653 -0.263183555080572 -0.458164943245242 0.236533628059850 0.282186341051100 0.206402081572456 0.228076224575254 
-1.075288792522271 -1.456546566702052 0.897695503161820 0.240561324256417 1.223551006701566 1.416815773951874 -0.695615376818759 -0.474561302726168 -1.338422709506688 1.338370270403350 -0.475635616883682 -0.693492501774531 -1.443319709640696 -1.256791129093688 -0.041022150727823 1.278520104478451 -0.858202997547850 0.160880480003493 -0.662581933789814 0.221026943754685 0.460720037257683 -0.228717375154052 0.379623701081937 -0.206161117631846 
-1.012634844900836 -1.451677898099924 1.068439819321490 -0.080000059625112 0.953754531743902 1.447269200604206 -1.120999952036272 0.159756605120397 -0.891968826072333 1.438381448306358 -1.170813599320580 0.242473750826449 -0.846291804056477 -1.493090947913823 1.082040490912054 0.129294294311185 -1.117186335850546 -0.923496443569053 -0.488320826649806 0.774416796338034 0.255754132531870 -0.554415332696922 0.193754300267179 -0.460159153016144 
-0.947718110651163 -1.429360982894619 1.208063019264912 -0.392655632814786 0.615854603117340 1.321495686481546 -1.377242677985328 0.755679887820709 -0.237521901366424 1.113890498388205 -1.442139598424248 1.062876726636488 0.162961811167623 -0.861049427190164 1.520803822614857 -1.205183854379578 -0.456999966119692 -1.300111436875339 0.188593861841459 0.590048179643872 -0.229948562294430 -0.307848696681259 -0.202067308884701 -0.230455773884979 
-0.880757852158769 -1.390083400214881 1.313184392939329 -0.682490601336167 0.236022431336571 1.055000324103094 -1.429064595889055 1.200465668296508 0.465593192504529 0.465674157684976 -1.199549081154979 1.426971872029948 1.074498869385752 0.257067050879326 0.934157932039320 -1.677813999059381 0.693777497984490 -0.460478498216267 0.784568154726775 -0.292510595479653 -0.526465339332094 0.332924262824231 -0.413257083589135 0.292480812086242 
-0.811976481952131 -1.334528518705795 1.381395378963548 -0.935871634268013 -0.156761714920984 0.678225034602371 -1.271462309054546 1.411494440873569 1.048399964484931 -0.311549672399182 -0.535782466000359 1.190263229236409 1.437537425051113 1.198319727058759 -0.318629352198561 -0.833382578876654 1.387375976861665 1.001560031386709 0.654811158272339 -1.021669278353395 -0.266957643072701 0.668985025460748 -0.175040090937061 0.519724094812741 
-0.741598909249916 -1.263565008726662 1.411312201276530 -1.141083503668985 -0.532910166479798 0.233090475910896 -0.930058744809914 1.351579616214657 1.372822594241245 -0.987485341905854 0.309208133520026 0.459871382382830 1.087905530690554 1.426875406856086 -1.377233661681082 0.729273563526079 0.901841887825330 1.692086014249654 -0.236435787135146 -0.659907376762617 0.358446535309803 0.188367709187684 0.302324931738812 0.094995874033363 
-0.669851886496624 -1.178234302739847 1.402600397564948 -1.288866163440487 -0.864447521555061 -0.231651644950053 -0.456984403874304 1.035462731603048 1.364352588896252 -1.364414601679884 1.034703464320439 -0.454391719926510 0.218825531413205 0.847663113655560 -1.480671934712057 1.745804270703086 -0.515073368333840 0.682307429724716 -1.060923235068670 0.667496282714877 0.641321223002819 -0.666495334394339 0.448314318855201 -0.533229794419408 
-0.596963357626873 -1.079736174287853 1.355970924136001 -1.372827855592352 -1.127082479083811 -0.665742365549114 0.077055273474992 0.526371185671692 1.029111330577710 -1.335031288573139 1.385475898254063 -1.169607410288195 -0.734208295041653 -0.173688460896043 -0.551856954164750 1.341518546005247 -1.635499589779712 -1.287883916448564 -0.779113245243163 1.467585202119168 0.087823951432379 -0.721474200568224 -0.019824277119057 -0.457136809267211 
-0.523161809781138 -0.969412625911159 1.273148283398499 -1.389716036595647 -1.301979042647332 -1.022835681205776 0.593323306067228 -0.076585004121678 0.451401295626344 -0.912994154862369 1.241122312423007 -1.387368620037315 -1.317003173162293 -1.065806322722058 0.720114035885550 -0.136661625810691 -1.261972037635934 -2.129560390125222 0.617908712520543 0.353184048441133 -0.758453617902915 0.422521219145496 -0.546128206423158 0.411698582516201 
-0.448675630173745 -0.848730293898445 1.156811860871860 -1.339534912934340 -1.377098572157807 -1.265432233542206 1.016636663456957 -0.657672425630449 -0.227444159404082 -0.227390957715242 0.657971844167276 -1.018676393296320 -1.262966430835158 -1.369957260076883 1.428644486692554 -1.403029389420490 0.450786618653234 -0.570703371612041 1.584179263702303 -1.731569886837550 -0.602731223292799 1.204549815204835 -0.237111919701970 0.724754895718696 
-0.373732469787568 -0.719261592706238 1.010512359237797 -1.225505821716854 -1.348017713617585 -1.368802797207587 1.286292573498579 -1.106713850476339 -0.843609324684140 0.516818989736959 -0.151607622248912 -0.224858064614981 -0.597561149367475 -0.928279933842798 1.170967543124370 -1.485624154069482 1.812108296358208 1.865878097023558 0.485563581155217 -1.668763847534898 0.771509431489992 -0.193763902859560 0.635963955346830 -0.432471952292597 
-0.298558615539245 -0.582664834090899 0.838565859240991 -1.053874229993558 -1.218167463500439 -1.323492578369755 1.364751088268164 -1.339946017519470 -1.250273962875448 1.100048548678158 -0.896869875104690 0.651310895248296 0.367498476088198 0.055922751662203 0.242214298482089 -0.565326029845383 1.302808682698557 2.143168095662825 -1.755897253750795 1.479210644303643 1.174601424245976 -1.901975503803061 0.336862109652868 -0.946312362489289 
-0.223378372523855 -0.440663565349214 0.645928604836039 -0.833574395793106 -0.998482450205288 -1.136154506670420 1.242835204691188 -1.315614263779210 -1.352515251705231 1.352556101919246 -1.315148108002467 1.241375376409457 1.146783146410897 1.027775543255323 -0.804540964067160 0.626952708758186 -0.436710172426781 -0.095758514117749 -1.670631180384327 2.882427657304340 -1.118187065742647 0.543547922642182 -1.070530984671107 1.180392084803534 
-0.148413457909174 -0.295025377485526 0.438056088631183 -0.575769392267351 -0.706493635436555 -0.828642002753598 0.940731789884398 -1.041402467733628 -1.129428307429897 1.203738172283506 -1.263678556805805 1.308385343018166 1.335626004233843 1.361795805538784 -1.429242243380986 1.535133090184066 -1.466889367351784 -1.756413061934930 1.347623671856160 -1.189677812646869 -1.794939556239716 3.138333984989814 0.482356311761090 0.135739118600268 
-0.073882408006690 -0.147540437568533 0.220750391670637 -0.293289934088554 -0.364938764617069 -0.435479288153718 0.504697271515359 -0.572382487729518 -0.638330614056139 0.702339767856063 -0.764151820296521 0.823864510108807 0.884006693551814 0.946761353229974 -1.033343007107725 1.209598086400077 -1.396359154973536 -1.804764506474134 1.992839312495860 -2.928713220644184 3.012526701741959 -3.939156568853807 1.024425592810019 -2.288160352565640 
0.000000000000000 0.000000000000000 0.000000000000000 0.000000000000000 0.000000000000000 0.000000000000000 0.000000000000000 0.000000000000000 0.000000000000000 0.000000000000000 0.000000000000000 0.000000000000000 0.000000000000000 0.000000000000000 0.000000000000000 0.000000000000000 0.000000000000000 0.000000000000000 0.000000000000000 0.000000000000000 0.000000000000000 0.000000000000000 0.000000000000000 0.000000000000000 
******************************************
ASBF PLOT NODES
58 1
1.000000000000000 
1.008771929824561 
1.017543859649123 
1.026315789473684 
1.035087719298246 
1.043859649122807 
1.052631578947368 
1.061403508771930 
1.070175438596491 
1.078947368421053 
1.087719298245614 
1.096491228070176 
1.105263157894737 
1.114035087719298 
1.122807017543860 
1.131578947368421 
1.140350877192982 
1.149122807017544 
1.157894736842105 
1.166666666666667 
1.175438596491228 
1.184210526315789 
1.192982456140351 
1.201754385964912 
1.210526315789474 
1.219298245614035 
1.228070175438597 
1.236842105263158 
1.245614035087719 
1.254385964912281 
1.263157894736842 
1.271929824561403 
1.280701754385965 
1.289473684210526 
1.298245614035088 
1.307017543859649 
1.315789473684211 
1.324561403508772 
1.333333333333333 
1.342105263157895 
1.350877192982456 
1.359649122807018 
1.368421052631579 
1.377192982456140 
1.385964912280702 
1.394736842105263 
1.403508771929824 
1.412280701754386 
1.421052631578947 
1.429824561403509 
1.438596491228070 
1.447368421052632 
1.456140350877193 
1.464912280701754 
1.473684210526316 
1.482456140350877 
1.491228070175439 
1.500000000000000 
