******************************************
ASBF EIGENVALUES
17 1
61.799288466093621 
241.918631617100260 
542.089029190658835 
962.323891063735346 
1502.624846816307127 
2162.992332876786804 
2943.427044098518763 
3844.154529242049648 
4866.632154660771448 
6033.746852609485359 
7497.526075085488628 
9174.808476359918131 
13261.520887721962936 
16236.582666075599263 
30467.845352623327926 
54482.142762335621228 
120736.902601181471255 
******************************************
ASBF QUADRATURE VANDERMONDE
21 17
-0.026900932754484 -0.053698579625029 -0.080512168716806 0.107319387580893 -0.134115975954330 -0.160941898916334 0.187740956149791 0.211440593607914 0.229281476426549 0.278221824335116 -0.468681356232016 -0.409870631215041 -0.358025919728316 0.486718410688757 0.796518671772325 6.279386808207398 -1.304645267348715 
-0.140090352889704 -0.279104461250243 -0.417127898001659 0.553512720631942 -0.687693500492234 -0.819074600413795 0.947155649981831 1.075506436033749 1.215716541775851 1.298023717467957 -1.592488286198030 -1.546854515624266 -3.246993553298822 4.408511122402344 1.985573619960161 6.847904972158876 -0.710894781816913 
-0.336484624381390 -0.663853552420755 -0.975970714270805 1.265285800063608 -1.524977191481968 -1.748984327143565 1.932116681628000 2.067999138360796 2.155693630307320 2.191735994899882 -2.759792650822861 -2.341504533049239 -2.301568059094751 1.747068198699605 -0.375201508327083 -3.988368637207104 0.783799776788580 
-0.602028846404525 -1.155368110577853 -1.619969758917115 1.959473853574121 -2.147547024824417 -2.169610917265205 2.023733679684512 1.721617246898603 1.300915935240139 0.760169321319940 0.011107546133457 0.885273231060236 2.650388625386565 -3.218812059381022 -0.607773514823681 1.171198965501465 -0.650048821335003 
-0.913978657166451 -1.653826402371011 -2.085175857690384 2.126567549411930 -1.770086648841010 -1.082336364761807 0.192338129859433 -0.730037048058968 -1.529041386305726 -2.084463974425909 2.601920327126409 1.523967374404154 -0.513342465302427 1.724575582091127 0.765918388185455 0.031364859771132 0.527799982690184 
-1.241155540446445 -2.017390520192726 -2.045704311089628 1.314384753444399 -0.094801557073866 1.160029678768447 -1.984435358761439 -2.080600156070384 -1.414304786976267 -0.070208407603426 -1.713843862480442 -1.879666747154959 -0.780163737115230 -0.418409053522691 -0.663244713454488 -0.523472285571021 -0.400649024889745 
-1.546939920029307 -2.099155559832582 -1.309292869143158 -0.318784882805808 1.743123302424111 2.051922995012616 -1.046931100857760 0.640540888073918 1.949308941091621 1.816002377982555 -0.190672307570200 1.099511652692182 1.123856422691111 -0.276494724115801 0.487034385061025 0.713329396231288 0.257464189613448 
-1.794876176980809 -1.807331226199206 -0.031368235890524 -1.776243902918744 1.825036381254848 0.066129302804819 1.758278579746675 1.828737152406486 0.046643526768067 -1.624986695495831 1.389628567100787 -0.167370365922643 -1.000000261834212 0.606487973772798 -0.278977630891747 -0.748223036932793 -0.097496745229962 
-1.955388321437006 -1.157299233804768 1.266468769072822 -1.911011918288746 -0.130471283105135 -1.988517766926635 1.050923457457840 -1.354993514938116 -1.814533144648463 0.195724865275556 -1.617054957182463 -0.593211773385221 0.680461135658617 -0.759591636032008 0.050620678169315 0.689563075159849 -0.074256026898691 
-2.011401401161272 -0.280397017076831 1.971280758381660 -0.561147611390798 -1.891682726239642 -0.829365971691437 -1.773782389558132 -1.083832801960890 1.587357406888523 1.305762236501236 1.089665037883938 1.139833824203263 -0.267320037864895 0.823201543256445 0.189795349353047 -0.569536370967825 0.249301307762221 
-1.961013373356428 0.621710655226607 1.765864404887747 1.176097124744011 -1.395999073795490 1.615325908325945 -0.888127862777394 1.891420283159152 0.308129476486394 -1.904223319104974 -0.071187746759890 -1.437565526696065 -0.206378094086573 -0.827523955169794 -0.432250452787047 0.408934732423260 -0.416608759403119 
-1.816544062119333 1.353370347073470 0.812816276847345 1.955994532408465 0.639083167763579 1.481478244502838 1.739663495064116 0.198497195802422 -1.879886861257314 1.042818426399662 -1.085828175426091 1.342959480919254 0.716124391214288 0.765099770716831 0.663050963089153 -0.223056818577623 0.562852158918351 
-1.600634829980705 1.790771674816881 -0.396439564496897 1.347960696754940 1.900327778054184 -0.772804618951254 1.037377828794339 -1.941288090019099 1.104517349110874 0.901604154909953 1.741129405404317 -0.599856234848306 -1.182975395689115 -0.583131423910655 -0.860070156668513 0.023438858424173 -0.671878674623125 
-1.340933578435842 1.907722485010697 -1.365900270942524 -0.031296577120266 1.321217533044502 -1.906630120827657 -1.385144690986943 0.068727580315901 1.315861607072952 -2.097206425195365 -1.044064385370659 -0.905475254782774 1.359968920848434 0.157289945411234 0.976730296650644 0.182302646236307 0.722672840439543 
-1.065006359411659 1.759333367429084 -1.834294186988097 -1.264445224217454 -0.250309141236233 -0.851758058488809 -1.654555533906541 1.869486029627601 -1.449296125783247 0.561767776808648 -1.009753876569276 2.409442081590234 -0.715002152354229 0.694328526683749 -0.892647742941012 -0.391671464865076 -0.683465896091611 
-0.796626920197866 1.442837086391665 -1.810637941869863 -1.829818207665477 -1.496851078307869 0.875935874145353 0.086529774862023 0.724439761811656 -1.379429400275768 1.829304312542377 2.006363819474228 -1.815956852172517 -1.211623173119150 -1.912243596681968 0.292486957037183 0.606676649433106 0.494250787740482 
-0.553880119755219 1.058737654406113 -1.465394937106501 -1.736666671319960 -1.847615116392417 1.788008024454997 1.563462530197993 -1.196718318698625 0.708785434705581 -0.155808534149881 0.455027209322040 -1.447731285900033 3.050192942194789 2.298567208879097 1.429007773808999 -0.810836531489579 -0.010187551625243 
-0.348907372112679 0.686383632605133 -0.998418036323193 -1.273777618007080 -1.502423955749345 1.676000120597922 1.788044467220953 -1.836074128249992 1.817685447490372 -1.780716541437917 -1.603930173763138 1.752609689254385 -0.776163587077803 0.319628618041324 -4.170847343024110 0.825830955142957 -1.180837037513430 
-0.188783347320924 0.376273809432669 -0.559557284701711 -0.736763442172810 -0.906006233423396 1.065490458428479 1.213617017501516 -1.347069010890443 1.469447979924396 -1.667872795472437 -1.731946166901251 2.163309552265583 -3.153987173708034 -2.946414691863163 3.199535615834494 0.053513558641359 4.036934475856372 
-0.076936791774499 0.154038947982463 -0.230803347185077 -0.307134271537550 -0.382907027030587 0.457959135017714 0.532061683474376 -0.608256855961865 0.677042810583784 -0.750593802710378 -0.897283193311128 1.293565549739975 -1.548277512730956 -1.544816884835674 5.529657376768636 -1.877558481602022 -7.043714846744162 
-0.014606404523386 0.029269606014508 -0.043919476155915 -0.058563171785474 -0.073199744511141 0.087854207578052 0.102592195380416 -0.115154968661827 0.133089306823308 -0.176406702991244 -0.145211117851475 0.154336251986354 -0.508009497149796 -0.491177164435051 0.511990081991048 -0.521679485347920 -6.451725339636567 
******************************************
ASBF QUADRATURE NODES
21 1
1.001561957344903 
1.008193290358423 
1.019975166462400 
1.036659158854171 
1.057890009131081 
1.083215298950647 
1.112095291028195 
1.143914469948140 
1.177994670799400 
1.213609536459776 
1.250000000000000 
1.286390463540224 
1.322005329200600 
1.356085530051860 
1.387904708971805 
1.416784701049353 
1.442109990868919 
1.463340841145829 
1.480024833537600 
1.491806709641577 
1.498438042655097 
******************************************
ASBF QUADRATURE WEIGHTS
21 1
0.004016825947456 
0.009390454184472 
0.014859940448884 
0.020445479104411 
0.026144144107350 
0.031914474182364 
0.037668931758896 
0.043269809641338 
0.048529435796882 
0.053215623707481 
0.057062942831910 
0.059789761275068 
0.061120233188064 
0.060809585221731 
0.058670339227036 
0.054596630453077 
0.048583653278463 
0.040739556920375 
0.031287861321483 
0.020560047076068 
0.008990936993857 
******************************************
ASBF GLL VANDERMONDE
17 17
0.000000000000000 0.000000000000000 0.000000000000000 0.000000000000000 0.000000000000000 0.000000000000000 0.000000000000000 0.000000000000000 0.000000000000000 0.000000000000000 0.000000000000000 0.000000000000000 0.000000000000000 0.000000000000000 0.000000000000000 0.000000000000000 0.000000000000000 
-0.115041515824793 -0.229349215761184 -0.343142132123985 0.456035104356519 -0.567708716314784 -0.677827745780911 0.786078777213112 0.894481928457790 1.012254445021258 1.095916436711260 -1.380153891643574 -1.322747143169672 -2.693162070051099 3.739960468858012 2.003142081451396 8.573493977015779 -1.188826122436993 
-0.374105329601383 -0.735969024557644 -1.076776023187694 1.386353638165675 -1.655655655614501 -1.876903515907984 2.043650528908564 2.146799390452326 2.184280751740938 2.181671086772529 -2.706319170159184 -2.141314855601833 -1.389645470606101 0.440551143647534 -0.766362599715543 -4.008151313452060 0.539874636143054 
-0.744282813378615 -1.396218300340559 -1.880552275429540 2.138316042026433 -2.138304502869791 -1.880373936562639 1.395702882452917 0.750487306668669 0.032749901076927 -0.792747039622976 2.127722129261927 2.252918650582405 1.951543844187140 -1.074954476878623 0.458603430322395 2.051273633441595 -0.139948404413497 
-1.168752738137833 -1.955991616762772 -2.112335320645143 1.586170648180842 -0.547318251773812 0.668407592773459 -1.668336634939368 -2.139753617689427 -1.947617546048877 -0.954438841595582 -0.788900454025776 -1.607121339807362 -1.433076827439662 0.538156040852504 -0.488219107064334 -1.130007954108517 -0.142937487481870 
-1.570373235378186 -2.089658520362148 -1.217956814689640 -0.465583624809824 1.839177341165299 1.987319271082596 -0.810613398602178 0.918040032914700 2.059491787100243 1.634080429960855 0.198281354304022 1.305819546438341 0.988376421201999 -0.000241265060652 0.555514629772719 0.538543537207254 0.346010457397180 
-1.869039137548219 -1.591865424379499 0.507709303861636 -2.026360007533270 1.223703449001708 -0.981155573159697 2.061308562807008 0.769021341217086 -1.417204761070191 -1.797715935999034 -0.058781355156545 -1.256817651313837 -0.677246144308244 -0.398179166248107 -0.585430737240795 -0.109010201456943 -0.466290753036581 
-2.005800475854428 -0.560614492985388 1.847155350421876 -1.082525469106325 -1.541898063405883 -1.517108462122161 -1.113841167137289 -1.823413555931561 0.597973807111884 1.849853395136424 0.067019108857364 1.317219663657373 0.431715229874987 0.668637218135600 0.550108151454044 -0.202346600641257 0.493122109028005 
-1.961013373356428 0.621710655226607 1.765864404887747 1.176097124744011 -1.395999073795490 1.615325908325945 -0.888127862777394 1.891420283159152 0.308129476486394 -1.904223319104974 -0.071187746759890 -1.437565526696065 -0.206378094086573 -0.827523955169794 -0.432250452787047 0.408934732423260 -0.416608759403119 
-1.756995127810462 1.521181227002877 0.445206646952992 1.904742415458393 1.198488615864477 0.870163838432107 1.949976083290323 -0.813605536527559 -1.270818212535663 1.886128870661627 -0.046099107306925 1.637437897369972 -0.021382762253146 0.892433730701591 0.215955071137142 -0.517652463885738 0.229583502645607 
-1.445461414812775 1.898153001992776 -1.040101417415640 0.535277184666114 1.741092786713097 -1.745701892367449 -0.546339164004853 -1.026430454644640 1.915474791896851 -1.498128015496876 0.448784690678992 -1.979847080950801 0.243462450716395 -0.900480378556160 0.121425799697163 0.536383356981327 0.073965944637102 
-1.088095479031807 1.779651952676987 -1.815563912185063 -1.183557225648172 -0.116342083547862 -0.993615161680236 -1.738118371390140 1.837889586581008 -1.282742046582129 0.268499791823383 -1.275837441649648 2.452150380725548 -0.349012706157935 0.956371022953715 -0.624407516711845 -0.477135066498027 -0.506027491502511 
-0.739786435748723 1.359849285822668 -1.754170651159229 -1.858000444478290 -1.654299627365931 1.176914431482135 0.504982465776946 0.257359611437413 -0.959096516497798 1.521693798252031 2.047547979812659 -2.495383147511245 -0.090870464749313 -1.340437825977271 1.370392335035063 0.361882128459328 1.108511646171436 
-0.439786179688935 0.855685029027522 -1.221443678339245 -1.516051519866763 -1.722448727717805 1.828599404394600 1.828182771592629 -1.727708991870531 1.512037756501802 -1.199802224759430 -0.895286122616644 0.593132617084730 1.819522008065001 2.427168735102891 -2.272326210082695 -0.260609687436325 -2.049283994734571 
-0.210801862000508 0.419600455685491 -0.622595002391770 -0.817177582602991 -1.000761274497511 1.170928710812198 1.325541106382886 -1.459376805066962 1.581112484539477 -1.787844093258085 -1.798602924370549 2.193950570783178 -3.236127850084825 -2.881571802124695 1.595272946508855 0.504663589767453 4.057839888744886 
-0.063017496359372 0.126207798292676 -0.189196104921387 -0.251941070434203 -0.314376649624454 0.376414528178403 0.437913972397934 -0.500708049975665 0.559686369647388 -0.627902632258444 -0.734023629408569 1.054083869897737 -1.349500221658639 -1.330266552726578 4.592588633783278 -1.777472316687776 -8.811413061879662 
0.000000000000000 0.000000000000000 0.000000000000000 0.000000000000000 0.000000000000000 0.000000000000000 0.000000000000000 0.000000000000000 0.000000000000000 0.000000000000000 0.000000000000000 0.000000000000000 0.000000000000000 0.000000000000000 0.000000000000000 0.000000000000000 0.000000000000000 
******************************************
ASBF GLL NODES
17 1
1.000000000000000 
1.006716955842146 
1.022280001021107 
1.046075937194557 
1.077242754843079 
1.114653650167475 
1.156956391608631 
1.202622006620421 
1.250000000000000 
1.297377993379580 
1.343043608391369 
1.385346349832526 
1.422757245156921 
1.453924062805443 
1.477719998978893 
1.493283044157855 
1.500000000000000 
******************************************
ASBF PLOT VANDERMONDE
40 17
0.000000000000000 0.000000000000000 0.000000000000000 0.000000000000000 0.000000000000000 0.000000000000000 0.000000000000000 0.000000000000000 0.000000000000000 0.000000000000000 0.000000000000000 0.000000000000000 0.000000000000000 0.000000000000000 0.000000000000000 0.000000000000000 0.000000000000000 
-0.217994412260951 -0.433065279982212 -0.644116003477560 0.848941441044880 -1.045516478346636 -1.231856689432536 1.406279486130910 1.572158960289865 1.739756520680745 1.817550017280015 -2.229027632985128 -2.146525867564089 -3.955815278965158 4.823331361879460 1.271976725170765 0.708040558645511 0.550616059532036 
-0.428453204915832 -0.838917726006046 -1.217602824755557 1.549680329580419 -1.822362200509753 -2.025258507566752 2.150460571635537 2.187201223519851 2.135808291848531 2.047436176567923 -2.398342712664206 -1.633519535859664 -0.028902978037229 -1.277089066685672 -1.112578600920821 -3.182607557924503 0.104066616618945 
-0.629710164837654 -1.203722825511239 -1.676159973286428 2.006448540430558 -2.166454956513994 -2.142530117427534 1.936518825306996 1.568168318736765 1.084024227310630 0.467729730927864 0.478967114384459 1.262407729744516 2.707480922451539 -2.984362904721267 -0.391969136936101 1.611197377452763 -0.612066235824457 
-0.820313429719945 -1.516166107393246 -1.988066640726810 2.165403566809530 -2.021738595435980 -1.578223056482813 0.900864806759089 0.097825058237447 -0.712479116613435 -1.519284115693782 2.694089839478571 2.246336599756564 0.881075869200986 0.413460457689048 0.777661580446265 1.341635416823505 0.243812783564271 
-0.999020643379653 -1.767634244938597 -2.135560728671542 2.018327453589339 -1.442388183123509 -0.538615292162805 -0.487344535587949 -1.405249772573197 -2.033762278498131 -2.153629681733048 1.802604167399779 0.419962603228100 -1.427993338779701 2.056747077094171 0.423080920510980 -0.967466337565348 0.497646644945893 
-1.164792225685142 -1.952274241643043 -2.114942295309929 1.599552107086539 -0.571153525808706 0.640391085897808 -1.646783565647192 -2.135747120896149 -1.968517230786418 -0.998904439384973 -0.729837819242663 -1.578511041885509 -1.460216976206582 0.591627833152051 -0.472739377560012 -1.154837014376046 -0.126090029531214 
-1.316783103900750 -2.066945153473031 -1.935566897660665 0.977450324520806 0.398367007266954 1.604132315233171 -2.125117093651005 -1.741612425970541 -0.600988570771608 0.875100067474520 -2.218100358695652 -1.623407702523151 0.063684777481382 -1.162360386799883 -0.598444569572143 0.232876444085092 -0.503592938549763 
-1.454333219391638 -2.111078687217073 -1.617956490266147 0.242360166889400 1.265677788340475 2.083654329953685 -1.765289983305943 -0.474828217189375 1.115803636842755 1.978346726854460 -1.559584743920048 -0.057211790002624 1.181293714068671 -1.176596023149270 0.035556007083332 1.018271396076069 -0.161596093648315 
-1.576957091639917 -2.086465919893580 -1.191288773382858 -0.507002219014927 1.863901139982262 1.964723289801504 -0.740823844195889 0.993855225611059 2.081122385021978 1.572947610243130 0.306655533176865 1.353986878398564 0.942367498926113 0.077071199348770 0.569829592793926 0.484369292091038 0.367889022843913 
-1.684332690779675 -1.996987462888246 -0.690533101933420 -1.176701756648016 2.089307570398244 1.306266776725413 0.537550829112066 1.945948848102127 1.754385043607156 0.073261983386231 1.691222019603555 1.359364937833182 -0.132523703790662 1.018376485281923 0.437611842098059 -0.478283049629540 0.441533511136294 
-1.776289840650230 -1.848303802986705 -0.153486703036318 -1.688721885960263 1.915577173543265 0.309492345199409 1.592863444350475 1.960129840822074 0.409596753113342 -1.407302018374935 1.606311706839300 0.155697872576759 -0.938743155641132 0.793497794673187 -0.148759319056813 -0.803182283182148 0.020073560263139 
-1.852798346890060 -1.647521441895061 0.382065793295013 -1.988974696880218 1.392053230700832 -0.747734372955896 2.058415372971556 1.075546814453008 -1.121581251018247 -1.881502712073247 0.318476192611072 -1.084052043198955 -0.832399595616333 -0.169526183343911 -0.565381760081300 -0.296074926855626 -0.416268801960278 
-1.913956018970914 -1.402848966774665 0.880888252792100 -2.051620490578320 0.628335254550713 -1.589579715627678 1.796747369232494 -0.270270330085898 -1.976761356327225 -1.100740513164528 -1.092635872904321 -1.325667576115535 -0.026353193677600 -0.864083879435623 -0.423111431914743 0.429711360036181 -0.425801232132188 
-1.959976731366376 -1.123255443243514 1.312390765706654 -1.879653666174735 -0.230302374010691 -2.012157470808963 0.927449740991839 -1.468287708333023 -1.729917382642307 0.372382667159370 -1.614819594870254 -0.454188569430132 0.744342873935829 -0.696658755364258 0.118669675979872 0.683468447741687 -0.016147840579882 
-1.991178647277931 -0.818141639576983 1.652204688207052 -1.502151711783865 -1.031197750663248 -1.928247419511517 -0.234086047871155 -2.011513572261524 -0.568551764447460 1.585139512957660 -0.964818077009779 0.763042691199933 0.864340210178338 0.090817530234015 0.554208104736025 0.301667420106423 0.413674992747284 
-2.007972708483555 -0.497032659857157 1.883197298980746 -0.968906845643111 -1.640960662166715 -1.378966418073328 -1.295921539617195 -1.697408220651502 0.861865301389943 1.797139147830287 0.327597024908145 1.349642381114365 0.280011287873436 0.754197912152288 0.495120862785285 -0.312520517367385 0.464754301363866 
-2.010851476879909 -0.169298661025040 1.995930141281756 -0.343349595123501 -1.966195605847310 -0.513597233052531 -1.921539091371222 -0.686936102821821 1.822035750368559 0.902175840488473 1.355139727075218 0.862383232856084 -0.520829916274976 0.724636487748530 -0.008164148725827 -0.611009747614986 0.089550099605763 
-2.000378397088572 0.156091485562453 1.988599944119021 0.305267331603370 -1.965567419000939 0.453898766751613 -1.931452781324703 0.586582523952427 1.849850762952713 -0.545880569315523 1.445211062428745 -0.315786673844102 -0.909086771724827 0.057051423484804 -0.524011535893500 -0.367211798607084 -0.380308691263433 
-1.977177535003366 0.470780408116832 1.866527842473009 0.909511653176136 -1.652276068453742 1.298947474331120 -1.346518965827504 1.607514700934810 0.963130717476502 -1.682208354196195 0.564398970179407 -1.287291564921622 -0.582209390425171 -0.659195154099307 -0.603688191898278 0.175767111203140 -0.526644829025689 
-1.941923834272917 0.767194659144626 1.641281125418947 1.410470861107360 -1.087670942615720 1.837580968155553 -0.366339241489575 1.984223208928164 -0.381438155627372 -1.836980835066590 -0.697987973787594 -1.301826512957571 0.220918983201175 -0.805669354253944 -0.155757667955176 0.543749227673951 -0.205122959198455 
-1.895333921336900 1.038679015774861 1.329522213671451 1.762939980667054 -0.368029899621076 1.963783930503766 0.703613305641295 1.591818090571288 -1.530282000106559 -0.913081092816211 -1.520922931616779 -0.303739269089809 0.892637740250467 -0.243778997338683 0.462958151733433 0.432874683223509 0.321322979309317 
-1.838157479658939 1.279593454732145 0.951682742501428 1.938757958682769 0.392687600706114 1.666404075989324 1.549121664799323 0.603150153798741 -1.948085840685092 0.565693433878486 -1.365774162630211 1.007293864621353 0.895297284296080 0.564199251528783 0.720069867856477 -0.048185608210232 0.590144466230149 
-1.771169205116432 1.485374538040852 0.530557555675821 1.928180695196031 1.081067214299752 1.024297699890234 1.937890595653032 -0.594194938585285 -1.458103144888229 1.754302025563393 -0.308838502739499 1.651152093973400 0.169549782253432 0.918192569024659 0.348460771884734 -0.477312598052498 0.333153011757818 
-1.695161347010689 1.652563690420271 0.089905338673920 1.739383225407762 1.600656193950702 0.183151575127258 1.778678984078509 -1.554701422037388 -0.305187444272059 1.965353292882357 0.999115245908994 1.070968317388972 -0.776842404099443 0.460393243585533 -0.388157709004971 -0.476175283724605 -0.261122172206610 
-1.610936832745998 1.778805412150964 -0.346869157216048 1.396348660202175 1.884408270513473 -0.679207442822797 1.135836318844908 -1.941406204235978 0.974881514671447 1.061713183097778 1.723811059946974 -0.412968582864940 -1.194998567376897 -0.478762991052967 -0.851703652253210 -0.040040376971996 -0.661652885894412 
-1.519302968793159 1.862818865838965 -0.757890539479397 0.935517943302831 1.901842711227447 -1.390722501860123 0.200206265779443 -1.639816641543347 1.809337613104906 -0.458809806144631 1.364557063364107 -1.747977829847176 -0.653181226595749 -1.082725040523825 -0.549856127640195 0.438023347087868 -0.446160617564526 
-1.421065706005997 1.904346518427197 -1.123800502735253 0.401639356126835 1.660510602207352 -1.818364251570650 -0.770871713553482 -0.782112537316152 1.844741791012423 -1.741916887289863 0.090337598316148 -1.862058755952463 0.553283745196249 -0.714884913517871 0.361697639910013 0.498780134824257 0.259502766274206 
-1.317024453608074 1.904083628995380 -1.428528110725286 -0.156727586566873 1.202191413641389 -1.890796933932177 -1.525182255384269 0.318400325810915 1.090837614970215 -2.067437542323424 -1.324440733997668 -0.499381921719541 1.493081944191272 0.443042500366292 1.066534206766918 0.053108401981028 0.784632775415226 
-1.207967423126081 1.863592367027147 -1.659827786763314 -0.691626192112081 0.594895341379664 -1.607321745614043 -1.879221569217083 1.288919138813852 -0.105296012256100 -1.267854255026019 -1.959068835145939 1.442882553748138 1.249713316122328 1.371911933644712 0.739563786907665 -0.472460587045062 0.496598233414075 
-1.094667481137343 1.785204243564440 -1.809583704603326 -1.159667482305231 -0.077835101465110 -1.032941839037560 -1.758880743981514 1.824442650631320 -1.230925515949472 0.182781073579805 -1.345414057852415 2.449245540614605 -0.244458642893117 1.021852635333859 -0.544356635726087 -0.496864949272954 -0.451413794696744 
-0.977878487847695 1.671914357098964 -1.873890954922611 -1.525262397943300 -0.728663052393336 -0.281935476377513 -1.209977237311509 1.776248027450228 -1.835716310930471 1.473485023026676 0.176509465016036 1.554117682951179 -1.868236989160536 -0.571476200275571 -1.523394551156309 0.083551458792365 -1.010461504206145 
-0.858332097155370 1.527270714257063 -1.852933388398453 -1.762933668005393 -1.277639085035621 0.505949518677523 -0.379304171111571 1.180407386396122 -1.708687261642150 1.957580716781229 1.627720174475887 -0.709009058486218 -1.997654741137996 -1.926085511861706 -0.771002907652218 0.625393621203620 -0.258342309474260 
-0.736734992924184 1.355261598105355 -1.750685265708499 -1.858617798282314 -1.661489573236821 1.191785931510611 0.526730604758685 0.231640982985894 -0.934101187191394 1.500946646036568 2.041229758640512 -2.519457114634782 -0.023997153373271 -1.295524238923943 1.424224047634273 0.343358618165973 1.134018188770992 
-0.613766535628615 1.160203638526694 -1.574468779392729 -1.809959356807695 -1.840070492998245 1.661447278741268 1.294585649988008 -0.778406166661375 0.174257651052496 0.436085239223528 1.168796963430529 -2.293701351521444 2.501980065362342 1.196612367338849 2.334627597185577 -0.560254713557204 0.980850767882132 
-0.490076793292844 0.946632902263370 -1.334402266889973 -1.625678533760642 -1.799511862961143 1.843318317025785 1.753882002017416 -1.543517544324327 1.204953482734041 -0.766215223841272 -0.336464154373940 -0.297163266581306 2.738827869407214 2.772694564585797 -0.484997449107942 -0.681190554008038 -1.326912277650343 
-0.366284930679010 0.719200975917533 -1.042774706586091 -1.324154743083616 -1.552037058973403 1.717229422833651 1.812929731357352 -1.838245934466749 1.786711910749242 -1.696501302413018 -1.503587607641958 1.589644644711346 -0.247298441423293 0.826719173531709 -4.075094493402327 0.629893102734988 -1.621847349784352 
-0.242977930944632 0.482577672811730 -0.713381135909833 -0.931412129447204 -1.132815273235113 1.314065604945855 1.472070794601297 -1.599970496125113 1.710467549990897 -1.903791207709626 -1.846738708065130 2.195990419916378 -3.098147025674773 -2.500058248393030 -0.654440747971465 0.976841275849693 3.219692986415546 
-0.120709624448048 0.241361661898574 -0.360851251877417 -0.478716950274643 -0.594456751360608 0.707527316137467 0.817368670127781 -0.927118903991785 1.024130555952703 -1.140900699614657 -1.329852516521461 1.833906991896409 -2.253846218285381 -2.275150801512602 6.504685526982374 -1.493643259498018 -0.760430903917129 
0.000000000000000 0.000000000000000 0.000000000000000 0.000000000000000 0.000000000000000 0.000000000000000 0.000000000000000 0.000000000000000 0.000000000000000 0.000000000000000 0.000000000000000 0.000000000000000 0.000000000000000 0.000000000000000 0.000000000000000 0.000000000000000 0.000000000000000 
******************************************
ASBF PLOT NODES
40 1
1.000000000000000 
1.012820512820513 
1.025641025641026 
1.038461538461539 
1.051282051282051 
1.064102564102564 
1.076923076923077 
1.089743589743590 
1.102564102564103 
1.115384615384615 
1.128205128205128 
1.141025641025641 
1.153846153846154 
1.166666666666667 
1.179487179487180 
1.192307692307692 
1.205128205128205 
1.217948717948718 
1.230769230769231 
1.243589743589744 
1.256410256410256 
1.269230769230769 
1.282051282051282 
1.294871794871795 
1.307692307692308 
1.320512820512820 
1.333333333333333 
1.346153846153846 
1.358974358974359 
1.371794871794872 
1.384615384615385 
1.397435897435897 
1.410256410256410 
1.423076923076923 
1.435897435897436 
1.448717948717949 
1.461538461538462 
1.474358974358974 
1.487179487179487 
1.500000000000000 
******************************************
ASBF GLL DERIVATIVE VANDERMONDE
17 17
-17.249905059219525 -34.436097398507066 -51.637544892191485 68.842483077338315 -86.052174541763463 -103.318705037760608 120.598021609587775 134.302648690890919 139.986237603127336 182.302422620101623 -359.912184208055805 -306.564687999415241 -87.559936081440469 78.698614638319668 569.034609385409226 5369.985039311258333 -1191.713524676906673 
-16.997253613568642 -33.794435584364706 -50.332888738846890 66.465562336148423 -82.055630211375501 -96.952557259132419 111.055026486475697 125.622042094469862 142.728326755844023 142.172057771083644 -145.179259815845739 -154.793947078502470 -418.677975708897065 531.657821457058162 34.999635759641706 -1003.886793946592661 308.060774576104450 
-16.261474554956219 -31.028971192703985 -43.014841701375929 50.980860657000321 -53.896466416968877 -50.992420751297061 41.749638290280529 25.218635214556684 1.377324214026999 -18.892261764702027 51.124806623197856 114.672997809691765 408.044347731115295 -555.825222303948749 -143.867418984465843 113.069205566996061 -121.520250710024627 
-14.787750007531699 -23.976295004127877 -23.219309638256888 10.140575522733741 14.992644722456447 49.154880621440753 -86.882749699292788 -120.845261876573687 -145.302538882513517 -156.197731691221975 160.237030680697416 53.590468712941231 -179.028533308357908 297.190201149943903 87.652905341517510 -75.747359999574201 77.913839500580579 
-12.375642727413187 -11.560221040298298 8.310047968524614 -42.057373405554188 74.653007869066727 87.417702385239721 -66.728086200352323 -11.385745734640707 66.710410610887223 139.802109028580958 -183.544604915527231 -87.345596756082159 86.472582511397860 -167.380872923175787 -47.527884328647488 79.278284748939996 -52.365216030021656 
-9.040985213231929 4.222677979319442 36.314929878061463 -56.835544428673082 34.661474050318532 -29.673747040435330 94.857508565940023 104.873376440622820 32.617476591025692 -80.980888314545197 149.350738920728901 69.278783505990901 -60.880125503734874 106.502798093396862 21.218257052021563 -73.027011445067728 31.043622827494026 
-5.076648035113498 18.296940900622857 39.995123749592771 -9.735976607916486 -56.218281245887383 -72.573081615070208 -6.130631408251709 -102.127271453411993 -87.224368586949709 39.059008096916699 -120.457623678731920 -44.400945719916990 55.913762834756362 -69.113227098632777 -0.563664653780037 60.938451970100232 -11.303218008810617 
-0.973399239261676 25.310384965275482 15.281535402742080 44.560155143638113 -41.657524846880548 52.480014693794644 -75.795433630051875 44.473855918316445 108.375299709392863 -11.923191125444276 105.213804006979998 21.614329598260056 -58.114350327089277 39.513635809306578 -18.010417466812683 -46.101461687352440 -7.646521244624822 
2.752120847339741 23.141976414727807 -17.623886790667793 39.222960118877964 44.358579146517982 42.364212629937434 77.484080583741459 29.800572032931395 -107.124423150465731 -12.406543807894590 -101.340760101336798 -1.339769803603481 64.797358282222248 -11.925605978700503 36.209911478077700 29.789921750153809 26.018683291251975 
5.723584297292996 13.989525589547277 -34.180849024629040 -10.703164953947846 45.464954260307714 -62.866740500303585 0.542545493320636 -85.250273019083878 79.515084030143470 44.336499472198931 105.997019502123763 -15.512445831651313 -77.270842319878753 -16.939139842351288 -55.350654693916233 -12.335166773114082 -43.679071437816475 
7.787557140854828 2.389052337584221 -27.470380090011947 -42.660376555323694 -23.750812405700330 -26.714356007356031 -73.935126340114920 75.640524660553723 -14.726625498185342 -87.040816943500474 -112.283231956310729 22.553064599557857 100.383645856467638 50.498715232679281 77.562853470789506 -6.619595428874192 60.059272300583018 
8.998546080659612 -7.673264648327534 -7.990337236003583 -32.450163768054999 -52.622239884488181 54.187215359323297 29.367268204106907 17.058177622783063 -69.651912184018926 116.805553473928683 97.269301819544296 -0.590630054135232 -143.298235975051711 -92.584694339187735 -108.744048276228568 28.473409324207779 -73.726887119822834 
9.544024272044545 -14.328464601743161 10.830501568727918 -2.072501919742585 -22.692554113394849 46.732461923306843 68.166153898434231 -80.385552383691675 77.850199265299665 -64.291200184516441 -18.426912935265278 -77.444017018492360 208.471727570871167 138.399043874089216 169.564285785976040 -57.197771298224325 81.361732299297785 
9.658922934719913 -17.668890736909855 22.458279687908590 22.821815094430150 17.988751231456227 -7.711201521411766 7.672723176446738 -27.137109787015561 50.406945201261863 -77.362692506440936 -97.846811548801696 159.319663400565616 -226.241614266164163 -130.594360388684379 -330.160236108862080 103.321900477487361 -78.349077063262939 
9.561689241055372 -18.776244079077316 27.221536052182657 34.543397291693694 40.408380925530309 -44.521974019789170 -46.628175766441714 46.021268694520330 -44.554773350373296 45.200383583914459 22.858105073348383 -7.918131128879850 5.506913240771041 -63.348867452482068 700.209949255917309 -175.979702382371471 114.758683534311061 
9.420293490736917 -18.843636057347204 28.191241204126484 37.434284213932585 46.541057083506260 -55.467642560673468 -64.155523471178896 73.582819012426938 -80.362467375309450 82.732868392961052 113.624398631103844 -171.591498238029033 131.389743485227768 140.965950969697133 -720.955481465336106 110.138522930720683 -1028.594176295911893 
9.341709648886418 -18.720354512265146 28.091693675505745 37.460938522551018 46.827053214605073 -56.219621512127112 -65.724009927432348 72.641005474584915 -85.661077322233837 126.128754245324217 80.724724658419305 -52.109648054848805 407.166971813848534 398.208868217532768 -28.680464249098307 318.473490753462045 5518.497864210219632 
******************************************
ASBF QUADRATURE DERIVATIVE VANDERMONDE
21 17
-17.194869830176884 -34.318695814753085 -51.442672187943295 68.547497070548161 -85.624212895356294 -102.673739116580933 119.665977109861672 135.967665629555938 151.936880069269364 173.871797139834769 -250.043598811580068 -226.367580852975607 -344.473402544269220 496.321599954238764 447.678502291874338 2816.486935521134001 -524.405831581720122 
-16.936247793742361 -33.606573829104534 -49.886806148799131 65.566114938570053 -80.446400125289188 -94.324376211923948 107.046188300877191 119.424013993516610 132.575404386774380 131.472075693193005 -142.922908494901662 -148.548705997075672 -327.517674353404573 369.090322389383346 -55.893447106446047 -1294.768278096364156 330.076284830656277 
-16.382876378114858 -31.542919848626287 -44.440060315300215 54.036327142721248 -59.434544660209497 -59.919424493381996 54.931578646093953 43.097036883094063 23.485365691108314 10.094466140780810 -4.298149789610989 58.350147098648904 376.776032823705918 -568.413431932915728 -193.934597978016086 -142.177860964664120 -85.649414618836090 
-15.416017781584230 -27.111387648882669 -31.972900239032171 27.699498899224096 -13.220300443924856 11.134492141334277 -43.554677059536061 -79.908761036595621 -115.401569733122869 -158.763992819062963 261.792315357186112 219.963456852295224 61.647776487546082 95.125514696417724 116.200158409902585 279.957138588644398 9.522851183597083 
-13.927544820212733 -19.555911397657084 -11.312715213498237 -11.943696511902743 46.121264584586271 82.609249953412942 -110.328349479712585 -119.513354637969073 -104.982781138000348 -48.591197454290949 -79.247934327915203 -155.028712213285672 -187.519240530430523 126.601075448194820 -33.856270950065493 -193.933993671957410 18.538910049652884 
-11.867587824373107 -8.996918705518162 13.950704718177583 -48.706447323106303 76.292428421775469 76.341722290740762 -38.429517144700213 30.834851156181998 109.384642344143657 151.548351255803453 -121.274417431898001 -3.502326211428368 125.768398772012503 -144.864739214515623 -10.254758767394737 116.297368288735413 -31.589605161428949 
-9.277895897171923 3.199278158491595 35.068160455215093 -57.877491276190128 40.387972560597220 -20.768506511755930 89.636412279920592 111.706020336900039 53.379453930898364 -60.806934062232230 153.811475564165050 91.573584698597116 -44.508292515781299 108.580236118340892 32.151002907148559 -62.917375240462377 37.899293693905378 
-6.298074544074446 14.631406875202138 42.208954483537177 -28.364367357375592 -34.341994274263612 -84.381012704478707 51.569891449433953 -53.273279446648417 -125.988720541103788 -65.066952352482289 -84.961985935954317 -110.204704607368043 -12.314171165328574 -70.296454368829075 -42.548637447070789 26.426897263167575 -39.981247434563755 
-3.141737194169989 22.690505659461135 31.179890836200631 20.055197426266048 -67.105020832714274 -18.178993880873762 -81.237182094777211 -78.862075989483429 52.191332952294118 119.282324985382814 -4.210548780063739 91.116629969531431 45.846830578560585 38.920230114188684 45.927347415919613 -0.901512538008149 38.663269290588417 
-0.051326282727205 25.608973372589301 7.276381929391699 49.681602225777475 -21.473314300029578 70.723515404228237 -42.086211312781252 86.366727634188280 66.038289137107753 -83.006896326945707 72.853465080947316 -52.094051671838400 -62.457322436282396 -12.643156045640687 -43.811511489461203 -17.166748832081282 -34.095040419073484 
2.752120847339741 23.141976414727807 -17.623886790667793 39.222960118877964 44.358579146517982 42.364212629937434 77.484080583741459 29.800572032931395 -107.124423150465731 -12.406543807894590 -101.340760101336798 -1.339769803603481 64.797358282222248 -11.925605978700503 36.209911478077700 29.789921750153809 26.018683291251975 
5.108177720921208 16.525982257336096 -32.504665084598074 1.497497890519576 55.493366753712948 -46.861008571042284 37.268249049584966 -94.685962043992774 27.891291686527055 103.368574556437011 75.608294541802621 65.442197097847014 -50.597092100490769 38.058140729838854 -21.927980678489902 -38.089569696494578 -13.790255993723065 
6.935829024310298 7.825186527420630 -33.087618962157897 -32.943716174465408 9.439153303784581 -61.955455694517127 -67.237309615254588 3.292926437832556 84.566354616949027 -109.939634070910557 6.345034079682378 -124.100651388294523 12.747839765036499 -68.014395293989438 -1.779169696150887 42.560972320052059 -3.753001918778381 
8.231307488396935 -0.903029177078270 -22.313669686293135 -43.566984125341392 -39.779514130213045 2.265302336498154 -51.884916601739675 87.129912334097668 -73.260230074422282 -0.257935483506714 -103.112346517678233 133.124394107204665 56.148863835408108 99.132626412440743 40.000375149108805 -43.033282276142486 28.615857102357523 
9.051014874830024 -8.209058894972378 -6.651472824495038 -30.768921256620608 -52.062689960339668 56.638666518354107 35.895749786714845 7.629286173965426 -60.386611948732202 112.033011972724921 110.284000547793454 -32.836152785155136 -141.894802013466489 -111.692514647528526 -100.015126566267085 38.110180834017001 -64.282529451154630 
9.488005005934845 -13.448908356017462 8.055539844977641 -7.366228707585861 -29.935022001487354 53.752831483182248 71.357568222503190 -75.138485106130446 61.866244430844183 -37.449553137999501 32.164018027946057 -145.995193307363706 160.555007200350843 50.944979706498827 181.439675476129992 -23.220491481605919 116.718144250505702 
9.649319627516979 -16.654141163275490 18.695386262046341 14.279942938721867 2.941844078082028 14.622688133062908 36.575914191135709 -60.906358238195452 81.984181872227339 -95.122398428828276 -120.784062181810626 161.715374135873844 27.050827822896622 136.916496515060885 -224.301518971522171 -14.691532560902374 -193.735804732153838 
9.638487251364600 -18.255758125102155 24.810094098514220 28.437698613273518 28.452310959949195 -24.384446804898744 -16.012929116679643 4.187574180333684 13.410302296651537 -42.479677513872133 -50.846680554743386 82.341701651994384 -290.363972321344022 -288.135185132593790 -6.082728130737905 101.655540464031390 281.108788101360233 
9.544463390435251 -18.818190060355562 27.472629633416542 35.220973670121069 41.788047368810119 -46.928438757076705 -50.430475304833095 51.364759726183763 -52.221463111911532 58.620084181319697 35.100420121969620 -19.029290492183520 64.448313525383014 6.694591849605217 680.097864761318192 -212.873939416985678 -145.163927082551993 
9.436182591379259 -18.858670857626429 28.171858194641487 37.330371765178086 46.285936383821472 -54.981738049846669 -63.356762925040812 72.051577526392080 -78.572969537115583 83.575123163672714 107.163313083977300 -152.021675658278298 138.878627221033980 150.083807121417749 -541.194050789675657 26.241944768105441 -1326.082670066680294 
9.360892763713172 -18.756963448998089 28.142045333797601 37.519483383745467 46.888302048600053 -56.252592373892817 -65.619036540353122 74.567243285577689 -84.732194867673826 102.060447033808430 103.060981156100567 -136.474100589646412 257.030117799035907 246.255625085304473 -569.570507977087345 337.333339369725536 2893.090252665453590 
******************************************
ASBF PLOT DERIVATIVE VANDERMONDE
40 17
-17.249905059219525 -34.436097398507066 -51.637544892191485 68.842483077338315 -86.052174541763463 -103.318705037760608 120.598021609587775 134.302648690890919 139.986237603127336 182.302422620101623 -359.912184208055805 -306.564687999415241 -87.559936081440469 78.698614638319668 569.034609385409226 5369.985039311258333 -1191.713524676906673 
-16.732742344758091 -32.912973934568576 -48.135301427388946 61.921610781005796 -73.827165771997898 -83.447248734401455 90.419382226866730 93.904670217262492 92.509189028629351 91.314329117964178 -125.977211820800676 -101.791836092651920 23.326341808555071 -175.640653020543596 -222.770915130724120 -1174.074720086187881 182.741997604506423 
-16.077171968610347 -30.219751555080382 -40.749181780303573 46.134312934613945 -45.188462889672223 -37.145720216132446 21.685325120895527 -1.182601623653568 -30.006139923951650 -60.682701643040048 131.029313859312424 184.153274670067560 390.465432353553922 -452.515306404903356 -61.698914650995135 351.553823621440301 -130.117425045994509 
-15.300045937891188 -26.542522573613418 -30.371584695643996 24.416865081514644 -7.759178099354671 18.890067435737052 -53.139797277362845 -90.197277695561809 -125.001158126926072 -165.201042650429088 256.091827171283853 197.455534227782152 2.384591605710852 162.901118528724680 122.175014081043514 207.594398433355309 32.016571567388326 
-14.417921566853249 -22.086581930260081 -18.054845329793253 0.277541863132669 29.600997038354237 66.347400006605952 -102.017543916835777 -127.881257679054229 -138.059861280351555 -119.324321986245735 54.812922978943277 -54.150444095937473 -220.873585503315297 260.364733842852331 33.231279633678440 -181.959987230143952 64.524580281687832 
-13.446900029878782 -17.066424398248522 -4.907484990149761 -22.763681371422678 58.870972811946288 91.313700234052732 -106.653231536068887 -95.498642079868745 -55.183705821588532 26.180859926833449 -170.134995272372464 -189.897872512993843 -101.534429371874964 -17.069825823971769 -71.140790576174282 -118.296621793595250 -26.418120309855894 
-12.402493257820785 -11.696767265584249 7.999833256570767 -41.660336768499008 74.465861838443942 87.859187278434945 -68.111668464503936 -13.679823396782481 64.038805470957882 138.374628068584542 -185.950157679010033 -91.641823891074623 83.307184490600378 -167.127212234927697 -49.312083826095417 76.039354724777581 -53.028324975324523 
-11.299516594945004 -6.184787670880802 19.712629056025932 -54.195115768133768 74.118790388392100 58.895451483379034 -4.421573283709037 71.615477675106035 135.837394170337262 132.903582909514000 -31.475265787799287 78.325831604308746 125.673598975396430 -78.110009262725498 28.588911439338798 107.686446735354025 0.559101076429442 
-10.152004681779609 -0.723681504457488 29.451513443407713 -59.178231645286282 58.973088989192220 14.401308462414036 58.167003490101330 116.757540555486813 116.664504999150068 29.084606389728449 119.972995365744978 140.131663638315445 35.862751416721622 67.341280829405434 57.385923781892856 5.708954694453610 44.393158023412141 
-8.973148112793703 4.512419789463578 36.650154105187738 -56.486458944486721 32.982609115170938 -32.145429554835871 96.073580668631280 102.537783176714228 26.559800797695701 -86.245447738680539 147.103168735949737 62.486437185043712 -64.958598510576152 104.965346839242144 17.940672414128102 -75.141563011986989 28.799751434828799 
-7.775248527705076 9.372196524211709 40.972640236761862 -46.961936661143866 1.841372441312281 -67.868529178250697 96.910408154647371 40.291568018251695 -73.582503541335640 -132.037864872891561 55.324569064836481 -58.301435992206514 -86.846996343713627 30.093228665409967 -35.194968479365905 -59.678709295290275 -17.625579443863444 
-6.569689923662058 13.729620484387112 42.312076282075310 -32.204439854109623 -28.280952268402569 -83.909496109625280 62.790194624613576 -37.476803606741115 -124.640350638371871 -85.235627028361662 -64.409688570694215 -112.567402070369837 -30.031755331444515 -58.478101680470246 -47.199271895735819 11.321361459202876 -41.018243746965226 
-5.366924116227143 17.485270170693955 40.773300731731844 -14.298398344691966 -51.930982197796894 -77.337995736977462 8.013413018993042 -94.511455528781752 -102.359718663686408 14.573782776443078 -121.177016232836621 -66.279951289410747 43.325882067758648 -77.201530215063869 -12.293852597375672 58.694509196562080 -20.711196984824980 
-4.176468424874352 20.566609094468067 36.643279729836891 4.483013175898831 -65.282662765765323 -51.279752774428246 -47.193064992586820 -107.139615988398930 -25.272651846743596 99.298429599021659 -84.868021038213271 29.990254855297280 71.922069940280409 -22.854267598575571 32.095385284678215 44.676261760440752 19.016133658998939 
-3.006913809469978 22.927369775093588 30.353001837048648 21.958652226398186 -66.644727978374988 -13.493624366082415 -84.153293481949731 -72.883038281056812 61.114394116408093 117.266309652405596 7.183347706026318 94.989224716707341 39.680681154066050 45.302076464495677 45.158765188122580 -7.239158969001437 39.112513296130274 
-1.865941834671642 24.546193277517531 22.434656326092412 36.274971049758975 -56.533426719099879 26.021165403026579 -91.771115164179292 -9.149412263915995 111.153194643170750 61.707391674931351 86.691593783880933 81.134237983399373 -21.612331544529930 66.868348652514385 17.269731351415189 -46.441900725951513 22.238101495722816 
-0.760348986815792 25.424674693192372 13.477580285312824 46.076297885823315 -37.359591578067963 57.666981795135186 -69.363013341061631 55.928383658786679 101.863746408885987 -30.044442085691422 102.256067617854200 4.202299791234338 -62.615538920312666 28.578313841674131 -25.740195550469039 -41.564482784187305 -14.921748922003076 
0.303922989263330 25.584960215418853 4.085980498300832 50.600267853012689 -12.836632949608038 74.476235378234207 -25.842520695696429 95.808570118609822 41.637277474141712 -101.870669947357726 48.728512923775064 -74.777123662179662 -53.463106420207311 -32.332039968351246 -46.624665524426668 -1.849190752845089 -38.864185992769819 
1.321751929349942 25.067032610691523 -5.159156958418810 49.698537541425353 12.754336566353819 73.464979694659121 23.994015477075422 95.873136102508283 -37.003952105907132 -112.067677725796599 -35.079724262409812 -96.391609531720462 -2.865146677291997 -63.404955982374815 -27.465371839493283 36.362480433278733 -28.466403794383268 
2.288796331263549 23.925810054484472 -13.732201439920129 43.790906874394757 35.303845633390956 55.921242894691602 64.560765212712738 58.106007724199110 -95.046977107393303 -55.959968880700515 -94.105751889939981 -44.620559573089508 50.502732289380518 -39.546056853783412 16.359819495901739 41.587993047174848 7.712081095231326 
3.201453623288925 22.228169469456457 -21.187933496898182 33.766707549754685 51.499939590682530 26.705168851309352 84.243847092770380 -1.003631236684672 -105.769932331591860 33.144179880701948 -91.422682711750767 43.165644968712456 66.253924827195959 18.675348715937801 48.483444717649881 11.513985494474042 38.724830573008575 
4.056816450914027 20.049990527270566 -27.179001448288897 20.850614907218262 59.258365517723767 -7.155490586032602 78.461202603781118 -57.848513305760363 -66.157848783631977 103.750861655128503 -29.481719468212098 102.759566691595722 30.953904506156448 62.442142060727249 40.469761812978710 -27.251241865695874 36.808111282079977 
4.852627708147613 17.473301066262145 -31.465789914682723 6.451012910936465 57.917428462396970 -38.179177115847537 50.338903583885752 -91.128459006362519 3.363157823948235 115.275790531992712 52.635895972816144 88.005953595711560 -31.446689069039419 53.652475055766701 -4.231320876545460 -41.781824135448829 1.247450403677988 
5.587234943047935 14.583589417789968 -33.919151889063734 -7.991975085224150 48.199481395287044 -60.048790739977235 9.104274463997330 -89.636912906152943 69.706857505209840 60.655316988737347 103.232121066674182 4.533061397571885 -74.708766352842517 -3.598412255152276 -50.098207480724952 -19.755441315234378 -38.732638340568911 
6.259544678685335 11.467334482075284 -34.516795718795137 -21.144211384276431 31.975418189627014 -68.807462212452705 -33.064379219571720 -55.666187429099807 102.828379873458644 -29.635830608402394 89.228023035276948 -90.685697185273682 -62.388913404110468 -63.244964297667394 -55.764413406004479 20.038025875980622 -46.411879082745116 
6.868977110332045 8.209790694695203 -33.334355987892224 -31.889967105456375 11.891834379806792 -63.439440424619733 -64.656327293205365 -3.140002349834930 89.060149031405018 -104.468091779605729 16.833144081848396 -126.105840852007049 3.376766713025361 -71.680758983097263 -9.394575242152813 42.406135382228939 -9.916834201459949 
7.415421566890591 4.893052522600319 -30.532317595124631 -39.411971668261685 -9.068745814526384 -45.797475223807368 -77.859624803262790 48.377602302210690 36.321853286366562 -120.931578085328553 -70.596417156097402 -67.003527372575618 77.205351734324026 -13.304655166116106 54.518772116752217 25.549799214275268 41.928699803104166 
7.899193059055438 1.594411981749154 -26.340014929341272 -43.236007074456367 -28.025247831553678 -19.975632353947290 -70.264225419096121 81.183013816892654 -30.633580347568866 -69.273178290842395 -117.466324738430728 53.052911617734210 97.976298445796317 68.401426001906472 76.144200467764563 -17.469822994502422 58.596653595363023 
8.320990178028953 -1.614987038095109 -21.037905706588734 -43.240591590183207 -42.574189257214236 8.678332878479287 -44.968431295054572 85.476207718811366 -82.222027389660667 20.799744672402028 -90.412406275744644 147.123517185026458 35.492917995388183 97.837533407828872 21.718188159370030 -45.996170320393304 13.954975535324024 
8.681854556342373 -4.671202098226049 -14.939236265489495 -39.635297382988796 -51.062383578495968 34.676606302225757 -9.284773606346846 61.840656613236128 -97.390937245061863 97.336551496590175 -1.981479143246986 134.474316244018667 -74.898934132736116 31.741359717878382 -72.287370192017349 -27.482514304941475 -57.164336840171501 
8.983132056013709 -7.518264445402970 -8.372087010511500 -32.913464267016145 -52.733397304896414 53.409157907351705 27.436293906150944 19.731977771497924 -72.108748370379317 117.694193279657355 93.066165120586163 8.525755949588500 -142.700838503708468 -86.542421039762075 -110.208177926890031 25.496012690192345 -75.643705213197507 
9.226435808457840 -10.108686842334507 -1.662627975970828 -23.786446282593168 -47.744168602385756 61.896022806595056 56.228411537030226 -26.743183576665700 -19.423543482081215 74.741954626453619 130.694704290063129 -141.007237722160994 -87.284399823133612 -141.124240890689180 -21.124807381434223 55.846614270709352 2.749217130402201 
9.413611194805355 -12.403727821992467 4.879761215246894 -13.107079431038109 -37.065057426537450 59.176054336110354 70.602513248661225 -63.593359949771724 38.047056982891611 -0.886041833218187 82.080025058366274 -186.146495765186529 76.857650620233471 -44.238475388153120 136.232112677168118 16.700093902252789 106.166306377741989 
9.546702824156057 -14.373436159853210 10.975033434779284 -1.789873551037743 -22.289658507524635 46.307275773984806 67.895013787595161 -80.515227289123246 78.524788440976309 -65.505153473196586 -21.099780861416420 -73.162066694572758 209.885425463343097 142.580881423146167 167.192218931297504 -58.682968417769814 78.194020987051431 
9.627923540376852 -15.996501272095186 16.382380411301241 9.265351530858368 -5.388961144328675 26.017171630295039 49.627685692942606 -72.943978875829984 88.848028998354920 -94.173221929951254 -105.646815880154918 104.777616873026858 142.502151717602317 206.206519089349371 -65.170434383849795 -61.236329574407705 -116.124766594545122 
9.659625464957683 -17.259936237480574 20.907368838630866 19.240866040955439 11.552996214622326 2.093320862665962 20.813728429113667 -43.361035375996579 66.957270089003387 -88.333835268934678 -115.254346172544729 178.455274873640860 -122.143917052104342 -1.953040787743134 -338.181837975640690 55.167573205783611 -183.982747281138359 
9.644273063791140 -18.158620335258142 24.406316892744513 27.455367577814435 26.588570447682258 -21.350452832732685 -11.587316855447952 -1.790031439597016 20.939015982857171 -50.831920072121989 -60.488695498901308 98.532325836569640 -295.010723973311201 -273.023249900698374 -98.186516453176068 114.643251120603765 207.587864100134766 
9.584418209191950 -18.694727518350170 26.788045244237153 33.402631849315419 38.116733785356601 -40.566846634506405 -40.445089985918258 37.495168221584606 -32.211578271420962 23.545440777483691 5.894554441769856 6.795433524353598 -87.936654496316123 -161.555075555908161 619.970191121814423 -102.577751202566589 356.752974514731250 
9.482677194697018 -18.877066226100244 28.013235056092594 36.773356854037431 45.038031196131890 -52.695089721384271 -59.655113408115767 65.374391096619718 -70.893254967490407 83.572738647918584 78.716807537257182 -82.838558731405953 159.618567276470401 154.123190602486488 114.466869003799275 -170.988863208393241 -1200.439610381246212 
9.341709648886418 -18.720354512265146 28.091693675505745 37.460938522551018 46.827053214605073 -56.219621512127112 -65.724009927432348 72.641005474584915 -85.661077322233837 126.128754245324217 80.724724658419305 -52.109648054848805 407.166971813848534 398.208868217532768 -28.680464249098307 318.473490753462045 5518.497864210219632 
