******************************************
ASBF EIGENVALUES
23 1
39.478417604357823 
157.913670417429472 
355.305758439217414 
631.654681669720389 
986.960440108934108 
1421.223033756868745 
1934.442462613592852 
2526.618726791868994 
3197.751829783549965 
3947.842941602120391 
4776.898873830397861 
5685.719746037138066 
6674.915702212064389 
7801.230262423614477 
9014.707589135945454 
10996.293744422448071 
12763.560530931397807 
17868.850426208977296 
20958.569049597022968 
37830.174424553755671 
44712.260886135103647 
146121.102264033659594 
173473.871571878204122 
******************************************
ASBF QUADRATURE VANDERMONDE
27 23
-0.011991673323950 0.023982914718711 -0.035973292270655 0.047962374097128 -0.059949728377867 0.071934925841220 0.083917507064442 0.095895384168911 0.107874445031139 0.120013276168934 0.131895869264589 -0.139929444606781 0.152822757934016 -0.208975574658091 -0.211920963681788 -0.175356407662806 -0.188310709728653 -0.736654328396932 -0.601290419273777 -0.578447936425498 -0.515587327930870 6.935277959309708 5.204224785846019 
-0.062746871663157 0.125431345008008 -0.187991083767948 0.250363875718231 -0.312487694523299 0.374300758274200 0.435741630104229 0.496751336806900 0.557261819318910 0.617008549651936 0.676421990808635 -0.741632674615982 0.798710330979020 -0.862808279583318 -0.910427961025629 -1.508371888011391 -1.412265698957076 -2.141628509757409 -1.835119841208833 -6.022929808321897 -4.695105726838247 7.402389288227333 4.526334132172089 
-0.152228981495880 0.303552908089152 -0.453072105747294 0.599897630186746 -0.743156551974593 0.881997149150204 1.015593942626757 1.143150758330552 1.263914080162405 1.377361559822676 1.482455374180860 -1.575958698455371 1.660996684200620 -1.886530283793626 -1.925760205440647 -2.477938514800239 -2.232884749727163 -4.258470687993505 -3.382047456978465 -3.121627313447437 -1.369102099887673 -4.283062416964198 -3.098317343526094 
-0.277140944400978 0.548688493866170 -0.809162142109166 1.053304881768214 -1.276189303911583 1.473317043959357 1.640709573199738 1.774989564643275 1.873447649639801 1.933984603877312 1.955367843032203 -1.943502472558621 1.889219394889432 -1.858326101097596 -1.650760355137630 -1.964208984659461 -1.466465986494553 -0.158901083210658 0.819874309381486 4.366765931514306 2.950119942901809 1.315453721973364 1.446399278278938 
-0.432362400266812 0.842760845440412 -1.210347146560454 1.516447966154277 -1.745513421401518 1.885907015775334 1.930496802771335 1.877017830336472 1.728178412443752 1.491545895787364 1.179604197224027 -0.807966013878063 0.384916378378743 0.067337856578536 0.488135689614558 1.583598943061678 2.031704245301830 3.635298342876026 2.175920961126660 -1.717219781755427 -1.789953734228027 -0.080962056085512 -0.668286396989141 
-0.610771647956565 1.156780880187530 -1.580132283560894 1.835936316011158 -1.897069113597882 1.757048538464616 1.430721436045455 0.952687780356475 0.373651922401705 -0.244844235106862 -0.838249171660783 1.348320813829167 -1.697535867636405 1.967205122374338 1.964444751319767 2.001086649544796 0.741348650158597 -2.333780486964802 -2.162693969046587 -0.018722581944131 0.770333941481270 -0.418433289454902 0.279052634171167 
-0.803213990982965 1.450314791874431 -1.815531473044167 1.827880284443144 -1.484961103071681 0.853423917747115 0.056014794391571 -0.752278092659320 -1.414378063889612 -1.801909803435152 -1.838013852253751 1.510954350283999 -0.908657621393091 0.139165254293432 -0.851429802063846 -2.550111270620957 -2.088569285303189 0.267866723372561 1.137518134810495 0.675494217826186 -0.223185931720270 0.613892971124939 -0.053132639894240 
-0.998741080349089 1.674502232749255 -1.808751054151065 1.358073214737669 -0.468212089858818 -0.573062753360735 -1.429016625977066 -1.822849592432156 -1.627173582125420 -0.904821374588123 0.108795493420785 -1.077344237021301 1.723691628850650 -1.991677995471292 -1.217493549485683 0.890514495953233 1.640053552502825 0.804373709024738 -0.330067012048019 -0.825446765757542 -0.056990732693736 -0.659259229154064 -0.093158188294633 
-1.185190023073982 1.779405771839187 -1.486351956871450 0.452154737067378 0.807501533581721 -1.664511296119615 -1.691541515709246 -0.875108858243547 0.377659764375780 1.441547307081937 1.787895037611498 -1.259733006123370 0.070957304936969 1.409538824948945 1.853516013746354 0.631611668233007 -0.693742131718569 -1.066631565333402 -0.119339411121460 0.776455787520831 0.211332096985420 0.619307685562333 0.194016623542685 
-1.350098367337709 1.724919976033682 -0.853703219051309 -0.634207053352955 1.663982263656673 -1.491738956373223 -0.241901409862135 1.182674240904030 1.752932201242106 1.057525994582223 -0.402723927767548 1.593353192385785 -1.608139985931944 0.221738393186859 -1.206044038753834 -1.268607443551927 -0.050721511458823 0.958905791181615 0.344569682414636 -0.649392477520660 -0.303717091528158 -0.528090020488525 -0.265294231460209 
-1.481864683829824 1.492578353762542 -0.021504798168281 -1.470918078975866 1.503057404720046 -0.043006222006641 1.459740303384299 1.513304862577464 0.064498836443312 -1.448900845756164 -1.523609150103466 0.065676739367815 1.452456213745805 -1.350054846358157 0.178818101722302 1.243393604121150 0.489212797860689 -0.728734907705405 -0.455776493125439 0.491378242128620 0.361569286233017 0.407029319898108 0.315119286868608 
-1.570985591419842 1.094244323632576 0.808807601792347 -1.657606032362573 0.345770773474289 1.416765058532213 1.332595300400166 -0.488570838910036 -1.672906338189426 -0.676253973850923 1.202437495129183 -1.499507216581612 -0.175343710004925 1.512594945071505 0.664701501012912 -0.905000075246771 -0.710049629007246 0.475289377644145 0.510664942307750 -0.323478087264634 -0.397148814688445 -0.271208436250100 -0.347952332742613 
-1.611153129295582 0.573805472548569 1.406794701570804 -1.074829542722753 -1.023998639266966 1.439522388871326 -0.511318779453741 -1.621625035011555 -0.066199494846021 1.597864361622831 0.633920889993286 1.365910817100594 -1.086060823086834 -0.935568810111704 -1.151836487708228 0.466733289151228 0.803853562027769 -0.231210912075793 -0.535475464069625 0.157057005088222 0.416206589878620 0.131876193871331 0.366306375064260 
-1.600000000000000 -0.000000000000011 1.599999999999999 0.000000000000044 -1.599999999975558 -0.000000000746627 -1.599999918322986 0.000000576858028 1.599973869474901 -0.000070710585021 -1.598093398712256 -0.002525001170680 1.555433675813794 0.021042913574150 1.282425157113720 -0.021399228946393 -0.822320438552844 0.004884551790526 0.540999022209639 0.000731543093147 -0.421381906796919 0.002372594159625 -0.371522220187376 
-1.539339178444370 -0.548229233236205 1.344089621762208 1.026921150558718 -0.978355933705457 -1.375358536105257 -0.488527835469151 1.549343328872851 -0.063233089437595 -1.526524263115918 0.604862916609593 -1.300803949618931 -1.025768261150541 0.854151013315779 -1.082507240759136 -0.395864230832730 0.781177388508134 0.202941692098873 -0.530026942553883 -0.144941111542944 0.413497290690165 -0.124906429941176 0.364103426543289 
-1.434845855023871 -0.999418416516867 0.738717300325257 1.513959871935225 0.315806690983506 -1.293989890284638 1.217114317407619 0.446232482171334 -1.527962014621642 0.617585115530804 1.099607827642265 1.367386104659964 -0.181950894485956 -1.349338929113784 0.562664952119822 0.756909013394176 -0.665117257006917 -0.392607288137786 0.499380514413001 0.271884926694199 -0.391882769825823 0.230539029762368 -0.343800613800734 
-1.295246217326507 -1.304610662410792 -0.018796593768498 1.285678171954749 1.313770035151545 0.037590238373286 1.275907895557310 -1.322727107686285 0.056410619264201 1.266437246641180 -1.333325564155082 -0.057884387221645 1.296734344751474 1.166065135935086 0.239879374377729 -0.998139892168274 0.426448790384309 0.560516838208991 -0.437894495399213 -0.378347461554063 0.354007886102573 -0.315040002938050 0.309496143203908 
-1.131176365258445 -1.445219664030168 -0.715272996174464 0.531368711190785 1.394163162119151 1.249849560534722 -0.202676275654287 -0.990900826776597 1.468654074718378 -0.885998879287490 -0.335937677309652 -1.332379549009898 -1.372133671637923 -0.203416368272107 -1.137445344122479 0.981101369839528 0.012776319106846 -0.689169536102405 0.319313885293539 0.460305178477757 -0.294149324661121 0.374566149629948 -0.258842370664450 
-0.953929176990605 -1.432198255483412 -1.196326725109679 -0.363927798754454 0.649937358778276 1.339722625822664 -1.361478731029756 0.704353415601067 0.304000650546744 -1.160340133338683 1.437820054815129 1.010870179848166 0.071144722189061 -1.082495279498613 1.635714433324684 -0.495663613018918 -0.715996696757042 0.723690863468012 -0.087758018781813 -0.509862328847432 0.199988102736480 -0.404843777969680 0.187468390385885 
-0.774305959160710 -1.298211401289788 -1.402292092939509 -1.052889686664757 -0.362996394552558 0.444285225358482 -1.107890696529608 1.413221647868783 -1.261543248290904 0.701577792243899 0.085276577559529 0.837245653721611 1.334000454760027 1.484687814486626 -1.032513371664986 -0.553471175187033 1.558469569350075 -0.529623318393577 -0.359087851952883 0.506731423005805 -0.044104878108933 0.399699508503229 -0.087257262454868 
-0.601739827426687 -1.086525113324877 -1.360132676399671 -1.369383973966087 -1.112480917872852 -0.639355349362264 0.041964231623930 0.563581176389189 -1.059586643459668 1.349848295551682 -1.377577038907033 -1.133342163166831 -0.679498461091663 -0.086543574995507 -0.676222758021490 1.624055529513433 -1.896294589598025 -0.120402915886016 1.134964019601066 -0.394470984574613 -0.236490276233375 -0.347796838501465 -0.057682530521282 
-0.443778990463605 -0.840502424948400 -1.148104225112092 -1.333968214799746 -1.378386535907448 -1.276649347945697 1.039544227764527 -0.692211502021748 0.271484038465867 0.177955608214150 -0.608893075681106 -0.977760068609934 -1.240513692247114 -1.402012267373923 1.533041450673856 -1.243365119743528 0.641134594628129 1.286350446491587 -2.078475546609884 0.026438725919308 0.777981981061564 0.223890551408012 0.281530267186663 
-0.305935158593457 -0.596328849934825 -0.856429111337171 -1.073022882512041 -1.235107227349465 -1.334448281804081 1.365999555699311 -1.328158096562905 1.222839736482272 -1.055427647686063 0.834816609025872 0.570808492122954 0.271620777167727 -0.043717727022897 0.359103115031691 -0.972911228249375 1.760318929261555 -1.975358974924431 2.026042301675950 0.863862964617331 -1.769674322415787 0.038360525168674 -0.667449763819192 
-0.191835743169862 -0.379799762958434 -0.560098477011189 -0.729093007946511 -0.883372624985753 -1.019823579835084 1.135691913572264 -1.228639992284427 1.296799911902863 -1.338694405968233 1.353222414984582 1.344383340421699 1.318446156421915 1.256024524136784 -1.208813391678263 1.169668790464594 -1.254222908271294 0.095060606557075 0.786270994894963 -2.162580691219778 2.863359809513220 -0.632284431270317 1.437881503791341 
-0.103579328552210 -0.206542841520586 -0.308278384561817 -0.408181104046118 -0.505657043104473 -0.600126674684604 0.691028389656568 -0.777820459172330 0.859978613245356 -0.937159773383176 1.009167111734281 1.072279977323226 1.130851990594305 1.245794860499020 -1.421808611349270 1.474115508522998 -1.812064544065650 2.208950707750374 -3.096755645093369 1.530467677785905 -1.286615260308682 2.005226032167820 -3.064319434309175 
-0.042182350116005 -0.084322752201140 -0.126379299939557 -0.168310170404018 -0.210073665667371 -0.251628252386687 0.292932562334888 -0.333946864455354 0.374637801234436 -0.414820239891036 0.454303886485723 0.497499989731346 0.544569121843871 0.571803608151074 -0.639705092620821 0.862498661198757 -1.173634400030203 1.125756245310667 -1.614322457421377 2.860981240926504 -4.508433362057108 -3.412100423702320 4.442627380049448 
-0.008007183945324 -0.016014079479152 -0.024020398200374 -0.032025851728581 -0.040030151699000 -0.048033011203617 0.056034174456213 -0.064032339358539 0.072021990840146 -0.080111541261156 0.088406339703980 0.094022366083648 0.098973220309483 0.130907149867324 -0.163281331875885 0.113514071940243 -0.134900992399828 0.363092644969277 -0.555092401397228 0.290668316322540 -0.466127734000441 -3.139574091632145 5.134260942088311 
******************************************
ASBF QUADRATURE NODES
27 1
1.000955184277753 
1.005019131009625 
1.012274860546324 
1.022629419830627 
1.035948022995426 
1.052057090232373 
1.070746631565144 
1.091773007013376 
1.114862108855136 
1.139712937062493 
1.166001524090373 
1.193385158640116 
1.221506853597617 
1.250000000000000 
1.278493146402383 
1.306614841359884 
1.333998475909627 
1.360287062937507 
1.385137891144864 
1.408226992986624 
1.429253368434856 
1.447942909767627 
1.464051977004574 
1.477370580169373 
1.487725139453676 
1.494980868990375 
1.499044815722247 
******************************************
ASBF QUADRATURE WEIGHTS
27 1
0.002454431171401 
0.005728633359343 
0.009042226216838 
0.012405304068505 
0.015825110506257 
0.019299920140851 
0.022816712368705 
0.026349400466932 
0.029857590722979 
0.033286012318538 
0.036564771566556 
0.039610562266121 
0.042328918068845 
0.044617526319905 
0.046370540747458 
0.047483739740140 
0.047860286625564 
0.047416768045042 
0.046089125697454 
0.043838063575380 
0.040653513233870 
0.036557776552302 
0.031607038850719 
0.025891054635390 
0.019530972500321 
0.012675749272529 
0.005504917628723 
******************************************
ASBF GLL VANDERMONDE
23 23
0.000000000000000 0.000000000000000 0.000000000000000 0.000000000000000 0.000000000000000 0.000000000000000 0.000000000000000 0.000000000000000 0.000000000000000 0.000000000000000 0.000000000000000 0.000000000000000 0.000000000000000 0.000000000000000 0.000000000000000 0.000000000000000 0.000000000000000 0.000000000000000 0.000000000000000 0.000000000000000 0.000000000000000 0.000000000000000 0.000000000000000 
-0.045299959538724 0.090576507718023 -0.135806245277633 0.180965797149430 -0.226031824532465 0.270981035907356 0.315790208724801 0.360436905662024 0.404896538905867 0.449075187065391 0.493059957109001 -0.539540582096046 0.583574097258534 -0.648482732021729 -0.678021709173680 -1.062637848007631 -1.018815617404359 -1.725834826917441 -1.449149804287631 -4.378432017171814 -3.544919792065725 10.125048649516131 6.856580160172623 
-0.149607501397587 0.298356312218931 -0.445392670447490 0.589872642898010 -0.730966969087514 0.867865823369135 0.999783438479355 1.125960935966081 1.245678172316249 1.358427087111249 1.463248243837982 -1.557289311161102 1.642670497072043 -1.864720726491701 -1.907403239228227 -2.471782521329366 -2.228175868858528 -4.238790664833361 -3.386768707040464 -3.379820438294214 -1.579035726832785 -4.229771620936615 -3.113986285264902 
-0.306836420747657 0.606035644110565 -0.890150563514398 1.152109522621622 -1.385392329730997 1.584192542146213 1.743562033044508 1.859536881426145 1.929222665051373 1.950606594081705 1.923696820973069 -1.859226981545247 1.737883350359773 -1.584585831009961 -1.322536485213387 -1.513068886577774 -0.910245907182990 1.434138826436888 1.994786282804689 3.762964000759158 2.071887435672333 2.094356096590915 1.618722823332555 
-0.507202918533793 0.978305827964475 -1.379778126046882 1.683045147521863 -1.866521957011851 1.917149655448476 1.831324776794169 1.615152085104300 1.284030319116917 0.861917498201973 0.377952787032764 0.144208159909014 -0.645614909453921 1.092228873321488 1.484190914216692 2.880476801595952 2.577741136243423 1.161622267308154 -0.284172749766913 -2.387439358531795 -1.306335089306629 -1.370458263925525 -0.976797846906285 
-0.736440537448722 1.355115782695067 -1.757092465054034 1.878089900547692 -1.698759210818483 1.247777424404586 0.597261781201241 -0.148758264611572 -0.871004161918627 -1.454453279428072 -1.804513899903361 1.855629143720298 -1.622750618815113 1.274907424257786 0.453783082698606 -1.524235452282135 -2.091059419999926 -1.557026868491526 -0.142768760780792 1.494158012238584 0.706135963568989 1.003627126730001 0.578301257391586 
-0.975943944968099 1.653373467205704 -1.825081499325404 1.438547274790323 -0.612000986578637 -0.401739571705985 -1.292599131557996 -1.788093151285249 -1.736638790355981 -1.153470124967469 -0.218624241137049 -0.770787952755577 1.548376498575056 -2.075180101853837 -1.583196767249627 0.319895101318510 1.381165964779453 1.219785040024186 0.044108496744516 -0.994214505162513 -0.306895781871935 -0.754324026709463 -0.280683341577679 
-1.203932229027378 1.781724829069365 -1.432880118032144 0.338824834627749 0.931446062240778 -1.717291615558119 -1.610010096066554 -0.665391534001145 0.625257566979943 1.590205354548233 1.729626042285416 -0.983973923025135 -0.309617237366970 1.673316474782075 1.778133934792343 0.171329531107057 -0.999388461707100 -0.840958897315438 0.148869397929018 0.680558283594295 0.027604854852869 0.557810707911870 0.046410817270724 
-1.397737868596082 1.668040719866140 -0.592878473455406 -0.960507885652671 1.739135079179115 -1.114951459256001 0.408567563473752 1.602525882184245 1.503894144946661 0.192667585287854 -1.275804399591657 1.729663979797469 -0.744194149283217 -1.041958582356084 -1.627201094107603 -0.257749947759750 0.856183324339965 0.546217784850985 -0.318019408374134 -0.455645004296846 0.172967330537242 -0.391660436482885 0.134931082330938 
-1.536932281662097 1.290592307318350 0.453196502550181 -1.671150336369571 0.950101348823973 0.873331516659020 1.683455144406825 0.540302289689242 -1.229784499563316 -1.573345618010346 -0.089343368146651 -1.510290914028262 1.310274506811890 0.559316498878042 1.448526694036155 0.193156818091914 -0.819751728767059 -0.322727739413218 0.440801591889595 0.278302827867109 -0.311290850880421 0.246463653601278 -0.265416379778277 
-1.606615289454861 0.697378825737279 1.303906090943660 -1.263361550128474 -0.755522417495542 1.591308971123652 -0.064787668224424 -1.619433213120817 -0.638124365442444 1.342675010039206 1.218875753190060 0.821247175542988 -1.528850760560699 -0.244073768237478 -1.330963393644285 -0.087671764065631 0.818524512837705 0.145156988743091 -0.514924439641149 -0.129896338954682 0.393424970107821 -0.117605754156213 0.344566246700628 
-1.600000000000000 -0.000000000000011 1.599999999999999 0.000000000000044 -1.599999999975558 -0.000000000746627 -1.599999918322986 0.000000576858028 1.599973869474901 -0.000070710585021 -1.598093398712256 -0.002525001170680 1.555433675813794 0.021042913574150 1.282425157113720 -0.021399228946393 -0.822320438552844 0.004884551790526 0.540999022209639 0.000731543093147 -0.421381906796919 0.002372594159625 -0.371522220187376 
-1.519535603528252 -0.659580399744688 1.233233457848214 1.194886459844511 -0.714572567645096 -1.505058897053966 -0.061276075810464 1.531657682481586 -0.603547548580116 -1.269766304387031 1.153178030830710 -0.771844104331972 -1.451611561093731 0.188771156002998 -1.297090135275614 0.122186783752206 0.822981557040374 -0.140439026944473 -0.519516461522201 0.115456742488015 0.395640503268522 0.101293311198154 0.345922276884129 
-1.376218667629021 -1.155637920305230 0.405806745264823 1.496401836806529 0.850751349238621 -0.782009170243009 1.507419856866054 -0.483803048817018 -1.101170203272765 1.408701257032044 -0.080669165165730 1.347715843540550 1.183021877381827 -0.456144792069201 1.370871351951760 -0.205359914886420 -0.827904219954091 0.272865986044533 0.450597596153284 -0.224202872437018 -0.315824910453344 -0.195461201133345 -0.268143775784602 
-1.187296460079622 -1.416902901797294 -0.503615540944061 0.815895196185338 1.477293396421367 0.947085968090600 0.347054352440782 -1.361252803799888 1.277445296425668 -0.163552422666342 -1.082835522613476 -1.465080729463546 -0.643440271568993 0.834579580444086 -1.487381069189677 0.245837058191051 0.864592799338486 -0.414924715711429 -0.334517202460175 0.332386827532556 0.180076318736909 0.282724911988939 0.139064128802319 
-0.973037675835488 -1.440019084842213 -1.158077096189420 -0.273843761012886 0.752809908750005 1.387943109073831 -1.301236589327819 0.537781096369443 0.505371641846057 -1.285320142605766 1.396883869426607 0.792013687385696 -0.240679941905441 -1.293995710504841 1.563661817023257 -0.173124308647716 -0.995770918727726 0.581725490144861 0.175040686750163 -0.451277583365598 0.017356875662033 -0.366864083922595 0.040809690093238 
-0.753452387464751 -1.276444403041747 -1.409007166932542 -1.110593373994586 -0.472479599641468 0.310152690492117 -0.997917711632410 1.380450596737277 -1.340756181733040 0.890581811212241 -0.167670676488735 0.597000647808721 1.189483717220761 1.541385125962438 -1.343179810327023 -0.166487052987506 1.330316972729829 -0.779117389865840 0.003477948840090 0.603261895244315 -0.292181504508064 0.454200561545568 -0.273502045893590 
-0.545731535005954 -1.004194335584718 -1.302074939306423 -1.391738819614334 -1.258847693245217 -0.924652371859845 0.442594431930312 0.110236284503720 -0.645421685094073 1.077745695115266 -1.338313300044412 -1.376085366849593 -1.197021334384183 -0.904743474724863 0.396426035333062 0.938543448898556 -1.924795021744564 0.934529852012997 -0.085855193949789 -0.837915822564959 0.683429398188067 -0.557373543608613 0.569318933997529 
-0.362837003452526 -0.699849196658600 -0.987049842164576 -1.203997523846000 -1.335251058268802 -1.371468519730065 1.310072225690340 -1.155429362656575 0.918532368767082 -0.616543006782653 0.271269678182089 -0.101775645135250 -0.474189864331040 -0.773700670027845 1.104871968262638 -1.753755400319788 2.280209959100544 -0.676535320370736 -0.326191258764470 1.255469863553470 -1.265723301545656 0.708788512722351 -0.965461415875638 
-0.213273039686588 -0.421237686396343 -0.618717673726139 -0.800797699773204 -0.962945769652383 -1.101125994756763 1.211898984974255 -1.292509535304546 1.340963114884152 -1.355838336850798 1.336497116659905 1.290645148740754 1.221616795043869 1.081831378708398 -0.959349645047975 0.889275231233338 -0.804928926331653 -0.739063217170201 1.892462151119078 -1.890028228678700 1.992946751146756 -1.021240371529231 1.602886563492965 
-0.101759409876150 -0.202934759157146 -0.302945339535163 -0.401217128036028 -0.497186081675275 -0.590301376476695 0.680028608906547 -0.765851597780783 0.847269927789630 -0.923950450557771 0.995710158365542 1.059133666872909 1.118268497264893 1.231465032825324 -1.406864520414620 1.468650670564965 -1.809032597374950 2.199466607348353 -3.098212352550469 1.653233699846339 -1.490560937600275 1.978112626484376 -3.080849601917455 
-0.030382529837725 -0.060749357755766 -0.091084789949317 -0.121373148839128 -0.151598781182071 -0.181746065484531 0.211799402825606 -0.241743751166077 0.271567071124571 -0.301199925952557 0.330535151716326 0.361448305746533 0.395367033020009 0.425890867179161 -0.480335066586447 0.612009395009188 -0.838135156576760 0.896132846601818 -1.281368026504161 2.082787219739085 -3.386760438872205 -4.634856146280377 6.748702334372965 
0.000000000000000 0.000000000000000 0.000000000000000 0.000000000000000 0.000000000000000 0.000000000000000 0.000000000000000 0.000000000000000 0.000000000000000 0.000000000000000 0.000000000000000 0.000000000000000 0.000000000000000 0.000000000000000 0.000000000000000 0.000000000000000 0.000000000000000 0.000000000000000 0.000000000000000 0.000000000000000 0.000000000000000 0.000000000000000 0.000000000000000 
******************************************
ASBF GLL NODES
23 1
1.000000000000000 
1.003618211030317 
1.012060511072322 
1.025135360489914 
1.042587225837178 
1.064076239706985 
1.089184088884966 
1.117422057215789 
1.148240515521381 
1.181039612763552 
1.215180948989833 
1.250000000000000 
1.284819051010167 
1.318960387236449 
1.351759484478619 
1.382577942784211 
1.410815911115034 
1.435923760293015 
1.457412774162821 
1.474864639510087 
1.487939488927678 
1.496381788969684 
1.500000000000000 
******************************************
ASBF PLOT VANDERMONDE
55 23
0.000000000000000 0.000000000000000 0.000000000000000 0.000000000000000 0.000000000000000 0.000000000000000 0.000000000000000 0.000000000000000 0.000000000000000 0.000000000000000 0.000000000000000 0.000000000000000 0.000000000000000 0.000000000000000 0.000000000000000 0.000000000000000 0.000000000000000 0.000000000000000 0.000000000000000 0.000000000000000 0.000000000000000 0.000000000000000 0.000000000000000 
-0.115222780226262 0.230055683037153 -0.344110150239049 0.457000257618122 -0.568344020773575 0.677764686179934 0.784892034298323 0.889364527247584 0.990822388832794 1.088842066919836 1.183466349402093 -1.277994035429758 1.360440293622001 -1.513313898597511 -1.583800859871077 -2.301848925603044 -2.086978701309645 -3.615124207765509 -3.065161547467143 -6.208946262672962 -4.092970188097228 -1.809260877353498 -2.039923544363916 
-0.227964267736818 0.452845709821531 -0.671603190530409 0.881278390211666 -1.079035811508524 1.262201127869536 1.428297292465176 1.575075959611231 1.700564467819962 1.803274688492292 1.881026489347595 -1.931099868197462 1.961792141745362 -2.115478960478239 -2.009678607065622 -2.382937918666469 -2.042736724581559 -2.720635581228262 -1.430317601095418 3.310740749964879 2.990228343338629 -1.311967000356280 -0.096790280151011 
-0.337909967351866 0.665552711336441 -0.972972972972977 1.250829943174107 -1.490681078468688 1.685238618021128 1.828591091621823 1.916386515071308 1.945942715489455 1.916002190645459 1.828433124100066 -1.697282948548189 1.498066378631721 -1.230254316394324 -0.917453883358733 -0.875866289869329 -0.192371409528494 2.808675999081466 2.817554002478488 2.489480515019112 0.854591835065058 2.180357691420856 1.284788415018705 
-0.444759179288993 0.865541276100890 -1.239661818681187 1.546951871741842 -1.770845348980372 1.899272095824981 1.925308609275821 1.847550642441025 1.670185076878190 1.402860740768637 1.060228492431884 -0.658265089585527 0.213648594499902 0.245035310549028 0.671321154107392 1.879887545844436 2.230970095285311 3.359873576199611 1.813099046137093 -2.034401844024405 -1.862359658795645 -0.405166688707919 -0.831667589818457 
-0.548225648368103 1.050388843038001 -1.464297342599112 1.755174151204468 -1.898579515723728 1.882464383608717 1.708182682967630 1.390373600240421 0.955759535622994 0.441265555071064 -0.111198864949281 0.666525810951561 -1.147462842091580 1.550755454077143 1.842238265425610 2.926906610537860 2.155637704036494 -0.499310350692585 -1.437137586893349 -1.680232794468335 -0.446440859703511 -1.293250993878599 -0.568126364074833 
-0.648038166301268 1.217913365721868 -1.640890238749465 1.865951532023182 -1.865951532028543 1.640890238037562 1.217913339378982 0.648038740204889 0.000009245478860 -0.648111639569833 -1.218550137317131 1.641235478050660 -1.855348642212215 1.992592512868709 1.748232364539861 1.017519732591777 -0.288586485493073 -2.724091811439953 -1.928763782862543 0.854633260730310 1.138893071928187 0.220040327608261 0.639823576058588 
-0.743941125777896 1.366197448519819 -1.764987879041359 1.875083149448999 -1.678475220044099 1.207322808022780 0.538691353254730 -0.218047983575863 -0.939137158995692 -1.507104538481944 -1.827665583784657 1.838859064511255 -1.563487114338879 1.166861325102118 0.309395759657052 -1.697770102381467 -2.158005896212367 -1.364072115696576 0.029917778100256 1.446288640931929 0.608630590262617 0.999011930053700 0.520307843942617 
-0.835695025200860 1.493608703750772 -1.833779953884799 1.783842540173802 -1.354419884282667 0.636865092201021 -0.216172950892461 -1.023222058365862 -1.612613502718636 -1.859075991577360 -1.709007029801523 1.194595011471606 -0.440526186341727 -0.485131152085557 -1.403071124269537 -2.557483630637645 -1.632372152322513 1.040372983369523 1.428274333692310 0.105641142834714 -0.591396549580579 0.232439123744169 -0.348123683485636 
-0.923076923076923 1.598816130063577 -1.846153846153845 1.598816130063315 -0.923076923104595 0.000000005514454 -0.923076954402515 -1.598820191333859 -1.846154776305112 -1.598377389499215 -0.922620182481730 0.011779614364307 0.912973443534295 -1.838226529010564 -2.021459235907474 -1.094029513563157 0.352994032110446 1.798442221062301 0.916259767378772 -1.004410268612278 -0.756765143235833 -0.668893566938443 -0.582488506399429 
-1.005880841214358 1.680802365136770 -1.802698937717263 1.331463615082564 -0.422144305812843 -0.626070764657342 -1.468293392723638 -1.827416017091474 -1.585250664772911 -0.821058271824294 0.211902265193851 -1.166299370933601 1.763302716972780 -1.941770976022291 -1.085343999665543 1.053724359851201 1.692224167777368 0.662703278739631 -0.437983520116007 -0.756266527689290 0.021541756858655 -0.615233559985029 -0.032400809888826 
-1.083918116031950 1.738871719833153 -1.705660555376104 0.997428061036114 0.105540193642800 -1.166740535906885 -1.766199134671943 -1.666677380343193 -0.907548674693347 0.210641404473602 1.244629674195339 -1.793683752180115 1.642707496536086 -0.750121384334589 0.615045132418292 2.020145381778044 1.317175361869281 -0.823554030910712 -1.056311013941954 0.228849449485126 0.633252817655426 0.111896200274466 0.480839489763339 
-1.157017697435773 1.772653955421970 -1.558845726811989 0.615636257986533 0.615636258025898 -1.558845733610465 -1.772653895879837 -1.157012618584710 -0.000005429772467 1.156455477247302 1.772527039049991 -1.577209254771321 0.621075845332163 0.883245403464668 1.762385023391985 1.258621209160076 -0.130549993557816 -1.261233634710461 -0.513321985681930 0.800401339586742 0.453888526895397 0.612493492668567 0.381681171775142 
-1.225026394873113 1.782103819723911 -1.367484295154536 0.207240243397376 1.066002114161880 -1.758003928357865 -1.491449214099337 -0.411673783614027 0.892540758909726 1.709690112929215 1.596255675526612 -0.622453057562847 -0.727802886707570 1.862071584021720 1.563066207641693 -0.345017059763713 -1.243991353878080 -0.519635004083332 0.424288872894689 0.507176006772455 -0.176899087860463 0.432045598108037 -0.122209663475412 
-1.287809070326054 1.767496411365518 -1.138050194199119 -0.205541552877517 1.420152537999745 -1.743594053224685 -0.972901101113759 0.408302440533179 1.533275513506944 1.696261092187978 0.795718895068690 0.613261429472918 -1.653913056141658 1.600831397259120 0.270650952737670 -1.452028549275765 -1.167512837627056 0.527172957518817 0.815122474701816 -0.210628390699811 -0.550114648201276 -0.140024363438556 -0.449961145339525 
-1.345248778160158 1.729418493094602 -0.878048780487804 -0.600620739499074 1.650191919387628 -1.520825092404040 -0.304943206532299 1.128792484136574 1.756104723586653 1.129408219718773 -0.304937215052036 1.542510023314328 -1.656335393322872 0.353812772904928 -1.114856231585824 -1.335744449232296 -0.155519638153037 0.963981772853366 0.406577476708346 -0.640678022873800 -0.344271422936203 -0.518056681827376 -0.298280698461520 
-1.397246851895884 1.668755924678586 -0.595777023857615 -0.957209187607509 1.738988404678738 -1.119694539856358 0.401717854760559 1.599468680606179 1.508584896933416 0.202731593108947 -1.268293042755219 1.732097532056032 -0.756274958956895 -1.030652990558418 -1.628145714437177 -0.270301018816266 0.849352809325259 0.553394472784686 -0.311738538794067 -0.460075720975933 0.168095377327648 -0.395166445763256 0.130745079375122 
-1.443722938121556 1.586677432689105 -0.300064051008453 -1.256901652638220 1.681421536346404 -0.591010807948347 1.031889987583555 1.725076809607144 0.864019619279420 -0.775591025427899 -1.717707331511147 1.107376156321546 0.531460811320889 -1.694174083335403 -0.992208620809575 0.851567779732779 1.064079151502457 -0.240006272646756 -0.674612513250311 0.089278002514217 0.481417200031810 0.057633388846382 0.407691632479465 
-1.484614977916182 1.484614977916171 0.000000000000004 -1.484614977915879 1.484614977951173 -0.000000006309213 1.484615029085264 1.484619870571751 -0.000003954505056 -1.485207496715755 -1.484805624106169 -0.021123722176087 1.497913399249373 -1.288764843946043 0.271359978082868 1.238769146758044 0.425237897492848 -0.744972705651680 -0.420594143413936 0.508100788942579 0.337492501587833 0.422333984803443 0.294959107196966 
-1.519879136298088 1.364241020748724 0.295338632882344 -1.629336493386642 1.167151132179380 0.581703543945749 1.689287406454635 0.934603240032387 -0.850419274813743 -1.698531492138090 -0.672343599686421 -1.114949637675607 1.631622912224040 -0.134247631064793 1.270011325280995 0.717454400057269 -0.479035036744002 -0.617436192842888 0.166701972186540 0.476407413154854 -0.094566207662464 0.410462827745913 -0.075435270730780 
-1.549489680360462 1.227443020154509 0.577158991862066 -1.684645017082679 0.757348616618872 1.084704089579998 1.616607391947364 0.195908082627410 -1.461443883749038 -1.353716607482807 0.390907595370739 -1.666549325715659 0.885717810000372 1.032109277342745 1.359734741946309 -0.248467771026546 -0.935742053035071 -0.033031363224313 0.569058872516820 0.068688923587944 -0.420098211007674 0.068583508672349 -0.362671822589945 
-1.573438806897335 1.076295532498380 0.837209302325582 -1.648980423648575 0.290759739328935 1.450089052937270 1.282679050367062 -0.572688627850708 -1.674422688142314 -0.572218546531110 1.283354985849067 -1.434003083507850 -0.315219708738061 1.521284638049725 0.540205089880025 -0.953831299902961 -0.643077495441569 0.521731587291799 0.474644812636900 -0.361508618633196 -0.371666500817432 -0.304755674524992 -0.326233796379451 
-1.591736420462658 0.913030302025328 1.068016336094559 -1.525651377586037 -0.192892841986448 1.636295966216604 0.745696986054530 -1.208565016897220 -1.438912091189707 0.383873725689138 1.657678614097929 -0.544143641178936 -1.318218606967377 1.086327104069603 -0.597161822833954 -0.945837175322672 0.118439725224139 0.640644656835970 -0.002697351390531 -0.482556856207356 -0.012564747743927 -0.417248906710872 -0.014112084638924 
-1.604409862940778 0.740004755139682 1.263096181020605 -1.322584806374923 -0.653078087561470 1.623805154162720 0.095872269253127 -1.579588965464236 -0.824395916990880 1.199714887920007 1.375607023220696 0.577343483783437 -1.594952907018832 0.031298084673790 -1.290794720141197 -0.290878083826139 0.747325067391261 0.275429033632135 -0.455629872751968 -0.226886523576692 0.344790030436815 -0.201252788218567 0.301165779665334 
-1.611503595838158 0.559669325441992 1.417132478919990 -1.051834270396039 -1.051834270397280 1.417132476698400 -0.559669356820998 -1.611501818876291 0.000015271792534 1.611277815147540 0.558342427961767 1.409674755065239 -1.015853815270115 -0.998876427228905 -1.106094154020771 0.521267223519503 0.782169012642615 -0.269903691688095 -0.523727772765010 0.187076429947633 0.407680530436901 0.158130426494137 0.358955570011469 
-1.613078836633532 0.374534045717038 1.526117339020720 -0.728876864084632 -1.356882460595201 1.043925735277109 -1.114497613233925 -1.302690999728706 0.812016126135300 1.490585062312512 -0.465328725136248 1.577138019584447 0.093421883967884 -1.405375892990873 -0.195303624748185 0.933245094564002 0.224012823171273 -0.586595041575302 -0.168163137556758 0.439871575708018 0.134340289482229 0.381325182159631 0.119075158196044 
-1.609213150646224 0.187134846649616 1.587451303362960 -0.371739015524830 -1.544221900392013 0.551316045874540 -1.480109409582606 -0.723432750158725 1.395948352269715 0.885196579767196 -1.291035701310366 1.016278601251587 1.134372492582527 -0.973534018065939 0.824846800254798 0.688024709462716 -0.490375864458583 -0.456957205270505 0.316055390877722 0.350859236196599 -0.245322830672536 0.306747022847906 -0.216145083895647 
-1.600000000000000 -0.000000000000011 1.599999999999999 0.000000000000044 -1.599999999975558 -0.000000000746627 -1.599999918322986 0.000000576858028 1.599973869474901 -0.000070710585021 -1.598093398712256 -0.002525001170680 1.555433675813794 0.021042913574150 1.282425157113720 -0.021399228946393 -0.822320438552844 0.004884551790526 0.540999022209639 0.000731543093147 -0.421381906796919 0.002372594159625 -0.371522220187376 
-1.585548251372014 -0.184382863610672 1.564106431254682 0.366272265296585 -1.521512754880846 -0.543208457923809 -1.458343265665751 0.712794778598805 1.375453639057577 -0.872271528517987 -1.273614289769705 -1.004662081194695 1.140812981289817 0.985324675318621 0.882210585843512 -0.699131510343047 -0.525292523411248 0.450391800024283 0.328550733156595 -0.340039262736466 -0.251556077827828 -0.295162591983211 -0.220706440405969 
-1.565981644323063 -0.363598745112181 1.481559168538365 0.707595787760995 -1.317265454547808 -1.013446151526133 -1.081957746859481 1.264656052778561 0.788349595914409 -1.447046331702051 -0.453705914194657 -1.530501701686981 0.119781055285076 1.354870006563838 -0.108587036253176 -0.882606959466214 0.177881145592926 0.552503836651268 -0.152661385676514 -0.415625894387442 0.126631425610351 -0.361092729063575 0.113354879834172 
-1.541438222106064 -0.535335876509751 1.355518023314774 1.006102345596163 -1.006102345639601 -1.355518019939978 -0.535335995512550 1.541435567834463 0.000033031872316 -1.541108402944610 0.533141706917232 -1.344332444626885 -0.957973954522934 0.916963143041450 -1.033806926982039 -0.448794525387793 0.756805526375407 0.239268275983401 -0.517223340850911 -0.172774792888490 0.404449714313301 -0.149146322422673 0.356379887726837 
-1.512069726944186 -0.697414553405043 1.190399997940282 1.246464817518756 -0.615490859451949 -1.530348741054274 0.090354538528974 1.488676318286100 -0.776967159211781 -1.130536968449491 1.297195914036834 -0.539374787711731 -1.514743598911404 -0.068657150652059 -1.272400243985087 0.304427707328066 0.761682265209843 -0.255374143844750 -0.463598773252885 0.201233655338313 0.348645408196101 0.175497776726013 0.303726090070388 
-1.478040961858182 -0.847813851880680 0.991729454944945 1.416676279187016 -0.179114781744584 -1.519417682421346 0.692433121263403 1.122238540025727 -1.336173130374528 -0.356398403458632 1.541103765627475 0.507496459175332 -1.252184840002134 -1.018694837037599 -0.647720848752995 0.854437448140486 0.164763212995732 -0.559226878313031 -0.019528083624985 0.417766135733350 -0.004504839105596 0.360600891000392 -0.008310707579526 
-1.439529121203944 -0.984695912711303 0.765957446808509 1.508641664189157 0.266014229671009 -1.326677219355683 1.173515027046254 0.523949687641458 -1.531949395725764 0.523464849270976 1.175631135384636 1.310206433291466 -0.312057013126263 -1.363290364736732 0.440936484202756 0.805080553321622 -0.595848707340417 -0.434045801677619 0.462037172392584 0.304742834668790 -0.365760407958055 0.259224066934160 -0.321656880712045 
-1.396723092155908 -1.106427511125210 0.520255992664396 1.518553254835153 0.682680443136871 -0.977761434231746 1.457223542925718 -0.176592160433178 -1.317355183531542 1.220129919888781 0.352416437409784 1.497810555171715 0.796789342676772 -0.882772705920073 1.261986582747386 0.166669184606106 -0.922307125085226 0.038821581482441 0.571468414583544 -0.055587562350062 -0.421279046519197 -0.052084190280756 -0.362978518222689 
-1.349822729439559 -1.211598668776857 0.262293750881522 1.447033109511253 1.036560795626234 -0.516617833728980 1.500276054887965 -0.830031466735150 -0.755234470604860 1.508387345985585 -0.598482079314550 0.986229410497614 1.470392314792384 0.150446360887879 1.231542213834705 -0.627381989545761 -0.513340625846252 0.500854876253975 0.183589969065595 -0.378232612360874 -0.102178501896804 -0.323999257627843 -0.080507097173603 
-1.299038105676657 -1.299038105676666 0.000000000000005 1.299038105676375 1.299038105620874 0.000000005653051 1.299037971441281 -1.299042447151575 0.000032092286575 1.299552380588953 -1.300834665721039 0.017724166301348 1.338292108611089 1.116943728751464 0.325699430143801 -0.999052149326557 0.362932314482896 0.575147717831075 -0.402153566743537 -0.392049569153939 0.329647866768796 -0.327278539889497 0.289180646634309 
-1.244588739759960 -1.367825373007864 -0.258675906041768 1.083535907446671 1.449501324422410 0.509492076947840 0.889560300025653 -1.487136011409327 0.744852926862720 0.668701525980609 -1.481346472460249 -0.951803023890059 0.470754455015549 1.412734260497047 -0.861272646731143 -0.634080686339677 1.017805605638665 0.167684236329268 -0.670817947688614 -0.066573996399411 0.480298055327668 -0.046632854819362 0.406108461962119 
-1.186702805719790 -1.417299552466757 -0.506002403824274 0.812972186735070 1.476949056097387 0.950973446007211 0.341185163865552 -1.358453768371370 1.281238923664816 -0.172075881854394 -1.076282748774500 -1.466931935991656 -0.653825883005255 0.825035428401497 -1.488688106409166 0.255370735559504 0.858409196387129 -0.420017335015583 -0.328410445061881 0.335514455816587 0.175268250989398 0.285217592342527 0.134925945745165 
-1.125616324582987 -1.447064453405699 -0.734693877551019 0.502560210601237 1.380772830596276 1.272527118405762 -0.255156379818534 -0.944500080169679 1.469358700006262 -0.944977116990716 -0.253674193457972 -1.288328437000898 -1.411063989855905 -0.309270472227226 -1.056726849220196 1.026154436906862 -0.087955108418710 -0.689627293341147 0.381448911760509 0.452835530748296 -0.334890930083996 0.366773306085775 -0.291872718562520 
-1.061572341755260 -1.456990285044558 -0.938122457380351 0.169432901696367 1.170666281349346 1.437286988957133 -0.801985986091569 -0.336573022912761 1.263903693406888 -1.398328444797420 0.656610404515891 -0.506571301360601 -1.381034870708799 -1.282400076715828 0.189428942348494 1.044810434166969 -1.084994146508319 -0.350886031220840 0.804371132442220 0.142971879381823 -0.547666461140244 0.098829025995590 -0.447290696514737 
-0.994820092480846 -1.447211826755667 -1.110507380628856 -0.168295768128033 0.865679569158112 1.427640772839357 -1.211176996586596 0.334313162665292 0.724835956334398 -1.388504312736648 1.295587304182662 0.502305852793336 -0.587808220321596 -1.451175087445280 1.365440798862169 0.197715255963250 -1.212915342758817 0.371956333807719 0.442277591404719 -0.340302289867478 -0.184872596671018 -0.285827345186100 -0.126167416934124 
-0.925614157948616 -1.418123164337582 -1.247076581449591 -0.492509006389218 0.492509006337813 1.247076586486003 -1.418123285129902 0.925610433374988 0.000027854870593 -0.925208020645021 1.416746447442870 1.259376156413913 0.515051909969783 -0.670128261866791 1.560646971348910 -0.921985729645314 -0.190723492147831 0.835771850477586 -0.477868519317672 -0.518061720824607 0.442726803440870 -0.396662779528763 0.374763139629887 
-0.854213614621203 -1.370369103709575 -1.344196066819578 -0.786052577902677 0.083174059874090 0.919484264158414 -1.391905317410213 1.313473700229851 -0.715211392558936 -0.165951058855582 0.980419942046659 1.413829174668711 1.309083016125336 0.572625953993100 0.556456370635322 -1.382469859352732 1.194929276927439 0.508444497298581 -1.037254392104989 -0.139914097707285 0.631525968568517 -0.072298947655484 0.478400456069204 
-0.780881179363776 -1.304833415040389 -1.399463649017349 -1.033636227498359 -0.327717289972704 0.486028621025213 -1.139859215373466 1.418651098261794 -1.230678147978760 0.637488392940372 0.165351773828499 0.907390115113043 1.367835091655213 1.449315909057214 -0.919384697241886 -0.665959135627183 1.602463166890867 -0.442956849091347 -0.462978432404803 0.466091802129500 0.033585021321865 0.373769462883865 -0.027033573241436 
-0.705882352941176 -1.222624099460383 -1.411764705882354 -1.222624099460183 -0.705882352895400 -0.000000004015589 -0.705882240519047 1.222627018830209 -1.411791604118030 1.222313711463511 -0.704475307255696 -0.007954055171591 0.688612555089733 1.357690230513811 -1.701564437705018 0.760206826198150 0.391034518201790 -1.101605875621517 0.860786421861246 0.593624984908883 -0.743713721141902 0.396235912754991 -0.575314801801662 
-0.629484564437011 -1.125055906721359 -1.381288796432707 -1.343673601689298 -1.020212380386989 -0.479716563849616 -0.162831604345357 0.770739318955979 -1.214691727210467 1.400278263396070 -1.287421492364106 -0.900828483623958 -0.334538514077924 0.365587077024011 -1.144894486677777 1.653719960210648 -1.462179721395934 -0.588293481430495 1.400476837679386 -0.069992593915424 -0.596580415260330 -0.132404339841482 -0.348937938279881 
-0.551956319125535 -1.013630365030831 -1.309507136062945 -1.391190723784685 -1.245320324622840 -0.895755632538161 0.399674083598898 0.161778119950465 -0.696752424918225 1.118107669700253 -1.357096973794238 -1.365427094699972 -1.154578374329756 -0.827083860852622 0.280287795354150 1.050452364642914 -1.983817141015813 0.826171667014998 0.080497309588379 -0.814084864189115 0.586203045232212 -0.556105728287440 0.511478660582059 
-0.473566352297079 -0.890013613412132 -1.199112097547687 -1.363579965709252 -1.363579965727064 -1.199112096594118 0.890013562193658 -0.473567053076254 0.000013866208561 0.473644175465829 -0.890861851350917 -1.198212429086790 -1.357526459700668 -1.420135688904260 1.391781439132183 -0.648003364854228 -0.293232095335244 1.537249402658362 -1.832123026703707 -0.453093419483127 1.131636932589136 -0.118627142981067 0.636790362152059 
-0.394582791500608 -0.756012351995502 -1.053921017284711 -1.263278210739547 -1.366493536729626 -1.354894746565079 1.229456452769196 -1.000715388382310 0.687880675676845 -0.317531213267185 -0.079185538970825 -0.477613853627953 -0.839024393018581 -1.102899827895507 1.394732844788814 -1.789763301095878 1.912992057657601 0.234917276302828 -1.416829205052921 0.903656146437540 -0.413779536097247 0.677866293831583 -0.557769298628389 
-0.315272329622576 -0.613548246349995 -0.878747618305650 -1.096573478703045 -1.255282779011601 -1.346319460617720 1.364775751028575 -1.309655971841892 1.183922665080563 -0.994446540702498 0.751866937369399 0.466103057043944 0.148189188835004 -0.169305938759456 0.492941361577712 -1.149980534433669 1.942899730011999 -1.836854669393920 1.677482264444786 1.033805946952531 -1.835245428241794 0.203553177988847 -0.828148997186876 
-0.235899411170169 -0.464631138102792 -0.679245283018868 -0.873220903725266 -1.040664149178551 -1.176487337799803 1.276563477290585 -1.337854238643201 1.358509063393075 -1.337637417327317 1.275711702189738 1.182760481167243 1.059724810083312 0.849221426417174 -0.658961479203489 0.500456338103259 -0.202157087629661 -1.471266255418677 2.665498939381372 -1.274247921234742 0.796703978690400 -1.075326013047726 1.267525625420296 
-0.156725434069062 -0.311331425502296 -0.461727193489658 -0.605878893270534 -0.741837120379073 -0.867763274786846 0.981954450889717 -1.082865152321093 1.169127426011262 -1.239706832637000 1.293631831484670 1.327934730030706 1.351899033840100 1.409734167761163 -1.490524707300029 1.435799528414597 -1.687628990146371 1.417248288554899 -1.323373948717423 -1.598879234745247 2.930719881985139 0.635915988589471 -0.082520394700216 
-0.078007969221510 -0.155751984168010 -0.232968983702222 -0.309397689940202 -0.384779492338853 -0.458859322029145 0.531386507065672 -0.602116133998559 0.670809429661406 -0.737186950471382 0.801119101059854 0.864203653920779 0.926929191311782 1.002225308997066 -1.146560330779782 1.342246175726085 -1.712818964338597 1.889273260385238 -2.761247603837619 2.982782180701286 -3.933233534234679 0.825830251876502 -2.034097115629081 
0.000000000000000 0.000000000000000 0.000000000000000 0.000000000000000 0.000000000000000 0.000000000000000 0.000000000000000 0.000000000000000 0.000000000000000 0.000000000000000 0.000000000000000 0.000000000000000 0.000000000000000 0.000000000000000 0.000000000000000 0.000000000000000 0.000000000000000 0.000000000000000 0.000000000000000 0.000000000000000 0.000000000000000 0.000000000000000 0.000000000000000 
******************************************
ASBF PLOT NODES
55 1
1.000000000000000 
1.009259259259259 
1.018518518518519 
1.027777777777778 
1.037037037037037 
1.046296296296296 
1.055555555555556 
1.064814814814815 
1.074074074074074 
1.083333333333333 
1.092592592592593 
1.101851851851852 
1.111111111111111 
1.120370370370370 
1.129629629629630 
1.138888888888889 
1.148148148148148 
1.157407407407407 
1.166666666666667 
1.175925925925926 
1.185185185185185 
1.194444444444444 
1.203703703703704 
1.212962962962963 
1.222222222222222 
1.231481481481481 
1.240740740740741 
1.250000000000000 
1.259259259259259 
1.268518518518519 
1.277777777777778 
1.287037037037037 
1.296296296296296 
1.305555555555556 
1.314814814814815 
1.324074074074074 
1.333333333333333 
1.342592592592593 
1.351851851851852 
1.361111111111111 
1.370370370370370 
1.379629629629630 
1.388888888888889 
1.398148148148148 
1.407407407407407 
1.416666666666667 
1.425925925925926 
1.435185185185185 
1.444444444444444 
1.453703703703704 
1.462962962962963 
1.472222222222222 
1.481481481481481 
1.490740740740741 
1.500000000000000 
