******************************************
ASBF EIGENVALUES
15 1
39.478417604357340 
157.913670417429785 
355.305758439216902 
631.654681676189284 
986.960442048300024 
1421.224706192597523 
1934.468474647654830 
2529.473182440135588 
3208.640765223188282 
4147.140065361778397 
5162.797317136024503 
8201.902952166694377 
10386.649305983122758 
30310.279972144373460 
38923.575031454427517 
******************************************
ASBF QUADRATURE VANDERMONDE
19 15
-0.023808841944133 -0.047614296875224 0.071412974605495 0.095200751417103 0.118981386744242 0.143096316815154 -0.166568946623299 -0.178406312202146 0.204458078364603 -0.392017252308331 0.385960505599019 -0.349708130128864 -0.368513727901263 -4.280566163153999 3.416373522431938 
-0.123697851992971 -0.246912590975340 0.369162994327955 0.489972379625412 0.608862714055438 0.725002991891598 -0.838758500842252 -0.972050935482268 1.079437369725744 -1.329256369436682 1.366782991061691 -3.554691168012427 -3.122989699460907 -5.674452903551821 3.549714078895693 
-0.295908382026089 -0.584982281266922 0.860545067530900 1.116231830530641 1.346136364879284 1.545154097236047 -1.708789289856965 -1.838168231041669 1.903091946648843 -2.448722142800673 2.325024067784823 -2.811425032253806 -1.435427704303859 2.532779206259711 -2.182083396561351 
-0.526454290644226 -1.012344875671682 1.420233510690311 1.718691675224163 1.884733933803861 1.905735286987794 -1.778360545113983 -1.520909565219145 1.157695576204561 -0.680899181827357 -0.231909253259156 2.753486405571929 2.289427281077518 -0.049505712820402 0.784646089303908 
-0.793460565984609 -1.436912971267257 1.808708944740625 1.838559534011910 1.520800736559638 0.914969326926226 -0.138658282756306 0.652729346604864 -1.381147825103270 2.376259461143104 -1.906003286796630 -0.213784101834548 -1.070036560462850 -0.738722519928843 -0.152780740959504 
-1.067572422015007 -1.728442822176582 1.730846231167629 1.073865358110971 0.007808595496490 -1.060345589120656 1.727489881543891 1.784630344634913 -1.058364343588395 -0.645915743178602 1.511485562185581 -1.000639787935717 0.128941694708522 0.857245573605638 -0.148653264729714 
-1.314704670799383 -1.752975539343046 1.022644029411398 -0.389420380001621 -1.541902040888762 -1.667526386517457 0.679173345128589 -0.822462996885497 1.710727259054446 -1.052919529456918 -0.334666757799291 1.107523350107585 0.328452690302504 -0.729183357894164 0.312583081139574 
-1.501280676377273 -1.432273309077762 -0.134842770935939 -1.560919365241951 -1.354318426904639 0.269733459543403 -1.611207767456597 -1.220991439025534 -0.460595340063173 1.428819004699541 -0.526954403596475 -0.798551047487408 -0.527182366281996 0.504053070483238 -0.406315287736834 
-1.600850699092169 -0.797977674307140 -1.203081955923509 -1.397678480417292 0.506385402039104 1.649660942483481 -0.313924044144561 1.472540124676012 -0.970731295175762 -0.893025443429859 0.945803637179220 0.397224252972193 0.607590573760153 -0.248057325325999 0.455100237253204 
-1.600000000000000 0.000000000001223 -1.599999996074675 0.000000195668805 1.599979817121459 -0.000123272981642 1.596100220000563 -0.007026742775652 1.492459364600558 0.030876275439595 -1.043502284300978 -0.008303189085621 -0.626100980244912 -0.001734330070522 -0.468972830914306 
-1.501357517471737 0.748383206986170 -1.128310187886242 1.310812196547819 0.474937626312287 -1.546957788780135 -0.291694540421859 -1.370441460396369 -0.877040546207774 0.772518544377855 0.884549701370221 -0.338273409340239 0.596649290715477 0.221676899384528 0.450914237901934 
-1.322499208807491 1.261709650871654 -0.118784873533973 1.375035850649754 -1.193077334492278 -0.237641672106433 -1.423489476432123 1.073723388939986 -0.468710496377166 -1.195047819554198 -0.429111441529993 0.623276045292690 -0.504447480053798 -0.395181134161850 -0.398643692569664 
-1.091165310615379 1.454916941708589 0.848763751015814 0.323207329561597 -1.279690215239300 1.383897987728270 0.567545950191381 0.674322993967942 1.494188612948648 0.854189035699144 -0.398697863502454 -0.791081074525868 0.293681820407928 0.507505698296737 0.302608958505502 
-0.838621285812694 1.357761695688772 1.359649684984449 -0.843564905367415 0.006099707214508 0.833093826963481 1.354497944139801 -1.390294708252737 -0.875768756484917 0.416978424662859 1.427651780704707 0.671228522873066 0.167834691241299 -0.536302171691935 -0.137707222389715 
-0.593473985609254 1.074748392788501 1.352835597860763 -1.375162282870566 1.137512694433243 -0.684494069989232 -0.102331760858799 -0.492280335190835 -1.047741413292693 -1.596278544354205 -1.676856904384209 0.083047723022399 -1.074692445620626 0.423744207790007 -0.163185043369214 
-0.377684623415693 0.726268357821500 1.018892559934524 -1.233010188400842 1.352126700133444 -1.367114548556889 -1.276151088860273 1.090344899341812 0.852812501364845 0.436541318693432 -0.211626831704935 -1.506460604820414 2.183539014099922 0.014241800604879 0.789738437488689 
-0.205363118943227 0.405983044430836 0.597226137435366 -0.774675060775751 0.934222348749713 -1.072351700380410 -1.186933457478479 1.272004891847975 1.340989153745238 1.549423119987610 1.920924325567226 1.510580376027686 -1.301822587782548 -1.232825540521781 -2.157416324537815 
-0.083841631252533 0.167355811525390 0.250216364802824 -0.332100132156255 0.412698310957927 -0.491446662461037 -0.567380573341472 0.654765806573145 0.762016161682108 0.838778472909359 1.055581164390918 1.827341659893303 -2.885307426844569 2.693759706169851 3.449894295840847 
-0.015922842777162 0.031843420391938 0.047759471333790 -0.063668325451613 0.079558934050564 -0.095646426540532 -0.112457399685554 0.121079489807116 0.129250063532479 0.226325339643235 0.326391921217421 0.200973458712157 -0.301487417815871 1.963061348018686 3.350413640799081 
******************************************
ASBF QUADRATURE NODES
19 1
1.001898289039104 
1.009947961966293 
1.024211024096296 
1.044321335865714 
1.069758455666193 
1.099863673834580 
1.133857314656010 
1.170858975009093 
1.209910338589944 
1.250000000000000 
1.290089661410056 
1.329141024990907 
1.366142685343990 
1.400136326165420 
1.430241544333807 
1.455678664134286 
1.475788975903705 
1.490052038033707 
1.498101710960896 
******************************************
ASBF QUADRATURE WEIGHTS
19 1
0.004883936639715 
0.011427570528919 
0.018107073251939 
0.024944915704720 
0.031918747413363 
0.038938420372669 
0.045834949549364 
0.052357151919377 
0.058177947933521 
0.062911894472181 
0.066144206816536 
0.067469728360497 
0.066538356222480 
0.063101729016289 
0.057054928025355 
0.048466847490873 
0.037593943997529 
0.024874753613932 
0.010919565337407 
******************************************
ASBF GLL VANDERMONDE
15 15
0.000000000000000 0.000000000000000 0.000000000000000 0.000000000000000 0.000000000000000 0.000000000000000 0.000000000000000 0.000000000000000 0.000000000000000 0.000000000000000 0.000000000000000 0.000000000000000 0.000000000000000 0.000000000000000 0.000000000000000 
-0.108188916680413 -0.216055484529417 0.323278317271170 0.429538444399130 0.534516088137077 0.637660212339927 -0.739065038173053 -0.855245189108022 0.954941972582933 -1.206662005902854 1.232293711475436 -3.121505939627811 -2.805143082055221 -6.409280673557525 4.257124820187530 
-0.349040192268319 -0.686737817050891 1.002118895101198 1.284933554807968 1.526000025972418 1.718052263330890 -1.853602151011398 -1.920695662134986 1.925322849892005 -2.456927145057210 2.130758919824781 -1.208452667954640 0.015710192067745 2.928626486289477 -1.950309272183738 
-0.685434050848217 -1.277371499560404 1.695069151661833 1.881552554992482 1.811368136063058 1.493302278472376 -0.973033145170650 -0.353554472948105 -0.368060774349489 1.713160274410738 -2.103871072797466 1.727687962230142 0.369348635732731 -1.519374075953554 0.843472333065340 
-1.055701155047156 -1.720267992272412 1.747480352408168 1.127254396107457 0.089406443720058 -0.980657668729569 1.690152049064932 1.824261619012536 -1.183012993766092 -0.469225315040953 1.426978738209470 -1.132626578369131 -0.001117525433820 0.906838318744550 -0.234934604669241 
-1.379301896648312 -1.692951511285616 0.698622334283983 -0.835462786451900 -1.724095264440245 -1.281515837880165 -0.155135071069647 -1.519728457957990 1.591577138130825 0.013637333997364 -1.128351712141668 0.624877669903179 -0.341618570038491 -0.524718063057605 -0.157993109138949 
-1.577258235214415 -1.046865476863815 -0.882427617073327 -1.632555551589614 -0.201112220181463 1.499611632213982 -1.191994562433133 0.739147840756975 -1.563003099124342 0.035331871964190 1.053005554485637 -0.265669792334705 0.552733383659535 0.236474245567379 0.390295956205512 
-1.600000000000000 0.000000000001223 -1.599999996074675 0.000000195668805 1.599979817121459 -0.000123272981642 1.596100220000563 -0.007026742775652 1.492459364600558 0.030876275439595 -1.043502284300978 -0.008303189085621 -0.626100980244912 -0.001734330070522 -0.468972830914306 
-1.447000997646022 0.960410512114802 -0.809552679133506 1.497731245785545 -0.184521982356755 -1.375540258320942 -1.095058568033906 -0.664497430651010 -1.462845897585907 -0.090466898107094 1.052354199931357 0.243092209807128 0.562770214478139 -0.197542844056326 0.393819756173450 
-1.165236002259917 1.430207596920319 0.590197026365632 0.705800338530769 -1.456486643200626 1.082436752871416 -0.128614717376519 1.270660068079136 1.393012107885935 0.046188895130836 -1.114797485018888 -0.477120794395595 -0.364344230155030 0.377244383856030 -0.165219500916097 
-0.827376751632375 1.348212736698475 1.369539690642430 -0.883454882291885 0.070034016844343 0.768704502319492 1.321915314898520 -1.418260015246411 -0.976630037085022 0.288933912311124 1.355326534273151 0.751220660282147 0.041615275968111 -0.564596331952055 -0.223433447530282 
-0.503828912967471 0.938933064798107 1.245962084686788 -1.383036716575269 1.331479940554834 -1.097749813320672 -0.712687943000093 0.254208050010040 -0.248713618552117 -1.117164745515624 -1.872272264559363 -1.030923461537312 0.295699966085468 0.833780372345766 0.825562006752471 
-0.244052970487072 0.480175085590165 0.700693220402608 -0.898440621222197 1.066974729922820 -1.201218105609250 -1.298148352849845 1.341665877005325 1.357017922162167 1.550458195435394 1.794972444336294 0.684613489440904 0.074669982578223 -1.459182410585137 -1.914382923646259 
-0.073176475481753 0.146134921686081 0.218657956217251 -0.290529804615506 0.361544319116625 -0.431321368603130 -0.499131871573288 0.575497946573725 0.670492942483539 0.755834171307785 0.954544895295855 1.606605289540721 -2.580592339788507 3.024210900634128 4.147993893137681 
0.000000000000000 0.000000000000000 0.000000000000000 0.000000000000000 0.000000000000000 0.000000000000000 0.000000000000000 0.000000000000000 0.000000000000000 0.000000000000000 0.000000000000000 0.000000000000000 0.000000000000000 0.000000000000000 0.000000000000000 
******************************************
ASBF GLL NODES
15 1
1.000000000000000 
1.008688518374040 
1.028729488944256 
1.059120077512046 
1.098436698632538 
1.144840486321582 
1.196161511159052 
1.250000000000000 
1.303838488840948 
1.355159513678418 
1.401563301367461 
1.440879922487954 
1.471270511055745 
1.491311481625959 
1.500000000000000 
******************************************
ASBF PLOT VANDERMONDE
35 15
0.000000000000000 0.000000000000000 0.000000000000000 0.000000000000000 0.000000000000000 0.000000000000000 0.000000000000000 0.000000000000000 0.000000000000000 0.000000000000000 0.000000000000000 0.000000000000000 0.000000000000000 0.000000000000000 0.000000000000000 
-0.181862273724771 -0.362172962644731 0.539393725512800 0.712013745044749 0.878547710641144 1.037038525092281 -1.187858260102574 -1.360322643831003 1.478973766962062 -1.788898807993466 1.851971439362140 -4.431858887889493 -3.533462819842922 -2.195990862506005 0.654428180489004 
-0.356999063186480 -0.701840951457479 1.022782482474607 1.308893189668824 1.550439861529962 1.739802571806058 -1.869104399105839 -1.925149838194653 1.918659875498078 -2.435749149014583 2.075580587138018 -0.958515352130181 0.221895375894607 2.902551753780693 -1.858450917379031 
-0.524199530278920 -1.008377100725919 1.415566373191399 1.714678547011840 1.882888100232357 1.907538288909637 -1.784986199747902 -1.532494348343557 1.175119997186423 -0.716330647005325 -0.194957883370707 2.736671427125233 2.295979569773944 -0.005900875437287 0.761018208663942 
-0.682345369464621 -1.272536215766291 1.690864002305421 1.880832807982105 1.816770389239689 1.506547363142929 -0.994290335577473 -0.381364034318681 -0.335990775716426 1.677741177652806 -2.089491900734163 1.778510022125848 0.419081795290407 -1.524328112288746 0.867033407455888 
-0.830416662816562 -1.486717026161177 1.831292355293428 1.791895038392703 1.376768579670770 0.672669790578009 0.170188784692638 0.980306088801925 -1.632926042438192 2.312429481411497 -1.550378105223817 -0.799616622708941 -1.324162106677689 -0.319359974814089 -0.451703330394435 
-0.967496947990814 -1.645164967904663 1.829997939896469 1.466624878540231 0.663910003155112 -0.336939273052623 1.237529333654308 1.818200778560601 -1.809192602496502 0.911260102464167 0.400350794584961 -1.719341409813488 -0.944293673562104 0.893836700529954 -0.730012129809613 
-1.092777473967719 -1.744110499630105 1.690882966906936 0.954595454989752 -0.167291390453090 -1.220829573741968 1.784386368277791 1.667380750618632 -0.768314408183125 -0.996182027043267 1.636356854217420 -0.694564129729610 0.388786410887366 0.718225840687287 0.036040983906755 
-1.205560625472788 -1.781840104947511 1.428030826768365 0.328815192923434 -0.942026442642885 -1.721377137261614 1.604018685978269 0.631113934089279 0.731472788414945 -1.834623256538945 1.206115727801368 0.702233860708910 0.972624472297339 -0.201728351853788 0.605509058631666 
-1.305262503142983 -1.758699324354092 1.064393651948911 -0.324542842943909 -1.501697793150118 -1.699843529946799 0.786675135358928 -0.699368742408807 1.674811359049304 -1.181402529168639 -0.191931809692653 1.133127347303170 0.421478732335293 -0.723173309475800 0.371017353890986 
-1.391414652693750 -1.677029326549128 0.629857273056184 -0.917880382123162 -1.736177939256196 -1.175396751660148 -0.323540469211550 -1.606768471967510 1.490799328794291 0.229172504879566 -1.216725153938748 0.484323530574207 -0.452373948059379 -0.441727565954705 -0.244255508327331 
-1.463664942521867 -1.541040602841733 0.158841732989576 -1.373802254960760 -1.605278079491982 -0.316014067298132 -1.274652839239983 -1.642232505394624 0.373621880707459 1.282783990400191 -1.095177194530693 -0.454188078533742 -0.746727075490837 0.210875849364942 -0.528816149580562 
-1.521777595303605 -1.356629286387451 -0.312374189079133 -1.635105363994887 -1.145264481518295 0.615195638117810 -1.691659103178006 -0.835951870291255 -0.916056314220223 1.307184382722991 -0.093209780821688 -0.859369913996044 -0.286460324792159 0.582970730012639 -0.242467740766119 
-1.565632385172745 -1.131143302921668 -0.748400211918441 -1.671851394389197 -0.459453801735388 1.340730039134960 -1.423610360590140 0.357763069503542 -1.569446060089791 0.423715876141280 0.881923238296819 -0.501151866822809 0.395492502842175 0.395958792378397 0.264746707090254 
-1.595223017945163 -0.873107001844187 -1.117348874062847 -1.484660863359776 0.304769106761602 1.651316189662391 -0.596032469200762 1.319463076477942 -1.220248438266406 -0.665654014339984 1.063521398247041 0.220642316708869 0.652202278768285 -0.114604787082976 0.482485897806215 
-1.610654717554345 -0.591914055429251 -1.393126865209328 -1.103885231798667 0.987433868274408 1.465778578207162 0.447606905505494 1.579989977309055 -0.129759446475378 -1.209205661249273 0.375893505852818 0.691277253123281 0.289714972412270 -0.483057138418348 0.224874872340790 
-1.612141047334818 -0.297499219312288 -1.557241507118641 -0.584865885062424 1.449279937897293 0.851349217087977 1.287801721386918 1.038829721435186 1.006812130459153 -0.886680212733493 -0.583766942983710 0.566519137477466 -0.325067540764684 -0.416109306385988 -0.240429437086225 
-1.600000000000000 0.000000000001223 -1.599999996074675 0.000000195668805 1.599979817121459 -0.000123272981642 1.596100220000563 -0.007026742775652 1.492459364600558 0.030876275439595 -1.043502284300978 -0.008303189085621 -0.626100980244912 -0.001734330070522 -0.468972830914306 
-1.574649395071217 0.290580632818135 -1.521026604435570 0.571264591651937 1.415617058804368 -0.831704304351755 1.262022609268995 -1.023363048901353 1.041476843843381 0.896844789053645 -0.644745007771248 -0.551911062356545 -0.343451390053378 0.395642124387928 -0.247441019661658 
-1.536601627092077 0.564699616098579 -1.329075073270638 1.053131796978593 0.942081216449577 -1.398338429963293 0.431864079951249 -1.504298142431506 -0.058302390311439 1.121071604027328 0.294121979562226 -0.628187650495935 0.268543201711790 0.442051487984092 0.216830812032411 
-1.486457812176175 0.813576978989022 -1.041166000492887 1.383433644570375 0.284001436873963 -1.538519251437823 -0.553853694588333 -1.217092442985655 -1.121216575487904 0.550891391465104 1.017014576508177 -0.177188666523342 0.647034110753017 0.102799985247745 0.480447938275095 
-1.424901384258342 1.029467500409882 -0.681128269886681 1.521572297945817 -0.418186330454569 -1.220009957471635 -1.298516023964130 -0.313242688813996 -1.477063731422995 -0.426464801259567 0.907104367973779 0.435065562854449 0.412499006038247 -0.327892633575557 0.270756051075432 
-1.352691195825428 1.205892699010862 -0.277665927992965 1.453426946454738 -1.018058615198079 -0.546793595306130 -1.508314022527333 0.745942468363876 -0.885947807240089 -1.126618348151208 -0.006059935614221 0.689884159212653 -0.260696115145009 -0.464221135743961 -0.233601281512880 
-1.270654180870632 1.337826457413741 0.137895576504062 1.192641776010465 -1.393610426037946 0.274203842392107 -1.108825232940521 1.416856216692497 0.293472453104788 -1.020939480039363 -1.002011524935989 0.331665565890943 -0.736209517528873 -0.161917922457085 -0.525489956900144 
-1.179677640327311 1.421829211641544 0.534009416014623 0.778203260623292 -1.471950744311176 0.996335281862209 -0.272388546577556 1.348783725752001 1.303308252782620 -0.125067711502235 -1.188641872671155 -0.377925072875455 -0.471072107833413 0.319482778637570 -0.250319554735232 
-1.080701212279674 1.456127397584060 0.881272146937288 0.268707616404861 -1.243299718260885 1.407316339525792 0.655193204722841 0.571803640616769 1.461513581597713 0.946532169622416 -0.266206000213910 -0.803130445257489 0.386447231897485 0.500999169197907 0.361148726418365 
-0.974708590807786 1.440636680594434 1.154578111267656 -0.265850792785731 -0.761626361568932 1.391850386031774 1.298567090978728 -0.505657025852280 0.631601319533608 1.357262923242701 1.064277415342789 -0.451919247651083 0.956497306511538 0.133148495550743 0.602896084285912 
-0.862719058395568 1.376929341811369 1.334907617986312 -0.753628283455059 -0.132101439495674 0.963974371515069 1.406726286381712 -1.304812339987873 -0.638255047639731 0.675049615316995 1.529777500270491 0.481279613158112 0.418483642905849 -0.454010329182425 0.045338267522879 
-0.745778897409589 1.268147996092975 1.410623424612357 -1.130523388588555 0.511732241262983 0.259763070699100 0.951231681850628 -1.394060161893872 -1.461181852548308 -0.674450317598235 0.438655704811930 1.072858628576923 -0.887372106461510 -0.536864697298535 -0.719468675281442 
-0.624952746243394 1.118869514535294 1.378189087511935 -1.348539323565007 1.036134039820483 -0.506356272169718 0.128558363374010 -0.739956871368715 -1.259246529429235 -1.572588828961584 -1.347646348616262 0.440193529290393 -1.307186450155889 0.187970111296493 -0.457113726318816 
-0.501314965320947 0.934924566686495 1.242267416965359 -1.381836180266148 1.334802088960899 -1.106944909717888 -0.727966734538681 0.274551368005918 -0.224374756255949 -1.093225535794812 -1.859637912548161 -1.058672962878718 0.343665955864108 0.835498419323962 0.849154244746817 
-0.375941077270741 0.723179536883083 1.015204169266435 -1.229719124796737 1.350349371366923 -1.367947693725794 -1.280533408618085 1.098358464707083 0.864695385595722 0.458940784448377 -0.179107619232852 -1.495549963008811 2.190798996848808 -0.008687355640979 0.766688397509228 
-0.249899344230536 0.491288666019463 0.715947747634250 -0.916225353382061 1.085284255045129 -1.217789275014227 -1.310562428916002 1.346607862901047 1.352986260491856 1.536858116476031 1.752796692060733 0.553500068438821 0.269857273955172 -1.450778685581617 -1.822080959015641 
-0.124242543435734 0.247425093293135 0.368496694414962 -0.486425055546732 0.600216975061854 -0.708558909845460 -0.810014688770970 0.922812186119214 1.050253695882707 1.140963150804301 1.449722926148592 2.290928050634672 -3.287386757514730 1.078129820093586 0.603176208784269 
0.000000000000000 0.000000000000000 0.000000000000000 0.000000000000000 0.000000000000000 0.000000000000000 0.000000000000000 0.000000000000000 0.000000000000000 0.000000000000000 0.000000000000000 0.000000000000000 0.000000000000000 0.000000000000000 0.000000000000000 
******************************************
ASBF PLOT NODES
35 1
1.000000000000000 
1.014705882352941 
1.029411764705882 
1.044117647058824 
1.058823529411765 
1.073529411764706 
1.088235294117647 
1.102941176470588 
1.117647058823529 
1.132352941176471 
1.147058823529412 
1.161764705882353 
1.176470588235294 
1.191176470588235 
1.205882352941176 
1.220588235294118 
1.235294117647059 
1.250000000000000 
1.264705882352941 
1.279411764705882 
1.294117647058824 
1.308823529411765 
1.323529411764706 
1.338235294117647 
1.352941176470588 
1.367647058823529 
1.382352941176471 
1.397058823529412 
1.411764705882353 
1.426470588235294 
1.441176470588235 
1.455882352941176 
1.470588235294118 
1.485294117647059 
1.500000000000000 
