******************************************
ASBF EIGENVALUES
14 1
61.799288466094055 
241.918631617100971 
542.089029190773658 
962.323891782770033 
1502.625319915356386 
2163.005096077211419 
2944.360105629700683 
3864.814923352146707 
4932.051511948248844 
6834.399181420641071 
8661.577215161169079 
15496.477687258993683 
27734.029017407799984 
61112.786432152723137 
******************************************
ASBF QUADRATURE VANDERMONDE
18 14
0.036296836070384 -0.072449956368190 0.108615818095747 -0.144753193731667 -0.180651908415600 -0.215503121721124 -0.257571470499930 -0.345232874833083 -0.366248360148891 0.314074933118537 0.413825699832124 -0.757587923236776 -5.053186869921444 -1.268865756152682 
0.188196963190214 -0.374339042157441 0.557939961568231 -0.737547523233602 -0.912048430203250 -1.081303867118007 -1.235576962371995 -1.393506832177061 -1.511264693843992 2.538348940301368 3.542306689834862 -2.004531289382473 -6.044067148137879 -0.826228296492442 
0.447839011964420 -0.875248981521183 1.266321875161013 -1.604315730132197 -1.874894374768759 -2.065920733600628 -2.171839158254032 -2.303527947565416 -2.209111693098535 2.182181955168948 1.715679066735790 0.205488323601895 3.229278198710968 0.859215106216362 
0.788298718105952 -1.466490805212637 1.945749204819564 -2.160179325919982 -2.080323001806812 -1.717518642451582 -1.128306147121429 -0.373830409523777 0.579122541115692 -2.091460293308801 -2.817723703488030 0.814935271248933 -0.614309088167997 -0.667117448242400 
1.166715614599238 -1.954084000403203 2.113689514516850 -1.593088292984033 -0.559988567749955 0.652662626511481 1.676358671459744 2.280075358438677 1.800942895929199 -0.111380933321042 1.290935624697046 -0.879616842900523 -0.429800119148145 0.484318375696878 
1.527839806235711 -2.104836382998093 1.379679212933796 0.200181593584615 1.656898492243368 2.089827058937137 1.197847491311332 -0.590498497975517 -1.751481355735250 1.261097729831131 0.018784392755394 0.647434289628829 0.783505876161043 -0.291878920631327 
1.814235445270069 -1.759775559312200 -0.101103596091478 1.858722370551603 1.706549106215347 -0.202240005123306 -1.875727848519836 -1.479325791262689 0.365922170707338 -1.303604067376988 -0.708229965247927 -0.337405843975076 -0.843694153618395 0.081046569267350 
1.980100583535309 -0.946261244185063 -1.524650154710613 1.679700762776377 -0.717296329712013 -2.021175894098270 -0.266612822484039 1.776933941755968 1.024719391704667 0.771887131138335 1.009292058976756 -0.002623690708567 0.754045514671966 0.142752654009422 
2.002823344595817 0.106763899053659 -1.997371150000048 -0.207219090133487 -1.986938315903245 0.306504375620632 1.964799602878441 -0.341786704516867 -1.738319765165274 0.020347327590109 -1.089595750500356 0.357181998931302 -0.576252719702144 -0.365904354254852 
1.887246796055134 1.077674402954847 -1.275406429015030 -1.801780159122455 -0.251509690340419 1.945098628215110 -0.830180772419149 -1.452147649062487 1.396473841996377 -0.884879552545556 0.979957253777022 -0.707625530169115 0.343986006043515 0.569117014770684 
1.661428390438594 1.709603633428352 0.091712792315989 -1.614953531941516 1.749051048332112 -0.179036451454296 -1.596962387771255 1.702913300148043 0.084758907237849 1.514949089134758 -0.584827181105364 1.011740881506259 -0.077938594271622 -0.727269572959433 
1.366685192475511 1.909333417146597 1.293540028178789 -0.106139689464591 1.440787017818086 -1.903789882330767 1.236746940833557 0.334336000625910 -1.849356870801356 -1.274496682951869 -0.277025806902238 -1.151762397017444 -0.211510669032044 0.805236040177950 
1.046519236172176 1.742174996942268 1.846761201230062 1.325746310128696 -0.355450975106171 -0.733475950568957 1.564699679640166 -1.971422567863051 1.715647724998374 -0.478547910415057 1.563723367080140 0.800054706417213 0.523835136442051 -0.742482660207815 
0.738216180952775 1.357490121934956 1.752382840881685 1.858321279224575 -1.658228587090237 1.183697000433624 -0.508592559636097 -0.220783020544255 1.060991651860914 2.567503155593005 -2.140924565484235 0.711234521093273 -0.844070821054951 0.399039963258766 
0.468744566716586 0.908316285825319 1.287477257321489 1.581461813511899 -1.770865424390998 1.843842855210989 -1.799148820938113 1.630747005370658 -1.468680590498155 -0.975074069543791 -0.070164119706474 -3.457708384968561 0.977278633074066 0.625740774563084 
0.254563887878538 0.505146614596293 0.745645721468133 0.971505908548873 -1.178276745815791 1.362015146257707 -1.528389211625736 1.664662045451986 -1.845125432264515 -2.567254978909452 2.475038071137772 3.107803332545926 -0.119413763494158 -3.283395018803876 
0.103878860305667 0.207827256238064 0.311012803045016 0.413148588077203 -0.514056500272701 0.612931140810190 -0.705031331183752 0.832733745028429 -1.032866404093001 -1.285538503309763 1.329661994488594 4.408107296371016 -1.856751546448895 6.284010367942598 
0.019726281252015 0.039528208313462 0.059309934562708 0.079085580399799 -0.098727224967867 0.118731373905857 -0.144696689100761 0.146381276300319 -0.152385711296071 -0.396299758765419 0.394280953525517 0.403403452367783 -0.502921617251635 5.253311651101388 
******************************************
ASBF QUADRATURE NODES
18 1
1.002108707894767 
1.011044012607150 
1.026849383375611 
1.049073760256869 
1.077078239234912 
1.110057292231513 
1.147062209634289 
1.187028443577124 
1.228806246739566 
1.271193753260434 
1.312971556422876 
1.352937790365711 
1.389942707768487 
1.422921760765088 
1.450926239743131 
1.473150616624389 
1.488955987392850 
1.497891292105233 
******************************************
ASBF QUADRATURE WEIGHTS
18 1
0.005426818340515 
0.012704677199668 
0.020146198053881 
0.027773086877019 
0.035543998253851 
0.043326005956106 
0.050881656559206 
0.057867891484478 
0.063849760778439 
0.068330713191442 
0.070798823815918 
0.070785279885376 
0.067928443840435 
0.062034575923199 
0.053125468569846 
0.041464259094315 
0.027554163598402 
0.012124845244570 
******************************************
ASBF GLL VANDERMONDE
14 14
0.000000000000000 0.000000000000000 0.000000000000000 0.000000000000000 0.000000000000000 0.000000000000000 0.000000000000000 0.000000000000000 0.000000000000000 0.000000000000000 0.000000000000000 0.000000000000000 0.000000000000000 0.000000000000000 
0.170893629829070 -0.340139287087568 0.507510163095905 -0.671895499677389 -0.832450088907609 -0.989140234021543 -1.134952344859436 -1.291091824444030 -1.399067668459379 2.322772240384775 3.279593207830572 -2.011956717614233 -6.763896735402914 -1.065379428904618 
0.545975768332662 -1.055523569212270 1.498955493322349 -1.847870836764976 -2.079830710742440 -2.178656407417600 -2.152721924247811 -2.134370992986681 -1.760281098498027 0.784530104883555 -0.356736613533363 0.953935666226686 3.189232572794290 0.379553004737434 
1.047971784277529 -1.827663876320933 2.146666324620084 -1.923476683125784 -1.214762509799308 -0.201419888313913 0.886048318583128 1.925306706305767 2.198445676748898 -1.379451875590593 -0.137381379335975 -0.690657547530502 -1.510468276185396 0.068422226032127 
1.549208917894514 -2.098360119138152 1.300690689878478 0.332965312592908 1.753493193686378 2.049322201085331 0.997850127494706 -0.840911863645514 -1.846767672353636 1.099677662249047 -0.233862486078148 0.700874236776782 0.624994040971975 -0.368592071223937 
1.903896844834609 -1.450537028287554 -0.793752962821737 2.058141023443406 0.779409133282303 -1.463235723791539 -1.867789308165214 0.123490907628667 1.659304141233178 -0.792290390098969 0.641623498201969 -0.706496962468011 -0.046973969702575 0.530217923848111 
2.009592577023155 -0.093436585950591 -2.004829591024488 0.192693960010846 -1.995212962954593 -0.290758041237425 1.958991855700424 0.374282477948009 -1.665109993640653 0.552590321350586 -0.947194636090054 0.622904576164056 -0.336280997051983 -0.534379745955154 
1.852296961235032 1.226791485497040 -1.043872033741379 -1.914577363131035 0.219058800499096 1.771581857685025 -1.378042433657146 -0.921282108524321 1.785521236577957 -0.382054363879746 1.157726930117819 -0.410123009521780 0.555909820019090 0.362534600618295 
1.501784124096193 1.873592768908745 0.828791302248967 -0.841818106675666 1.875962379904194 -1.494917694235024 -0.014672963022283 1.612173342388978 -1.889803327574152 0.357345999108026 -1.344973692765663 0.035606587938583 -0.631346833345240 0.000421220036421 
1.067221972769488 1.761337204448046 1.832649656170329 1.256903698738105 -0.237231204830751 -0.864400112559171 1.654093829069562 -1.955537997578295 1.537774183880869 -0.755403624324435 1.680834406422981 0.529601080495167 0.593573926418737 -0.581943859139709 
0.649167924475139 1.218293997544916 1.632078369037332 1.838371506580658 -1.811428821615753 1.553235385518586 -1.085777098336099 0.543927571486931 0.106650724391182 1.963859594030672 -2.332459527989060 -1.159728829532961 -0.523099243092704 1.492698961650003 
0.314142588633311 0.620170027520039 0.907502842335944 1.167789249702361 -1.393103905052016 1.577633785600240 -1.731264981552899 1.798293925633575 -1.897827325124560 -2.643036546981483 2.267381559627967 0.562545918774118 0.726680860617416 -3.240057392916476 
0.094155827373533 0.188429724250287 0.282121992970358 0.375027558200103 -0.467016224083529 0.557514351848166 -0.643004014283039 0.756704779145317 -0.938120482409282 -1.198384338625586 1.232102590620625 4.026999544016530 -1.809683636692383 7.029684680152110 
0.000000000000000 0.000000000000000 0.000000000000000 0.000000000000000 0.000000000000000 0.000000000000000 0.000000000000000 0.000000000000000 0.000000000000000 0.000000000000000 0.000000000000000 0.000000000000000 0.000000000000000 0.000000000000000 
******************************************
ASBF GLL NODES
14 1
1.000000000000000 
1.010016238683185 
1.033049736542413 
1.067782850227168 
1.112340149267838 
1.164318996664322 
1.220917032779074 
1.279082967220926 
1.335681003335678 
1.387659850732162 
1.432217149772832 
1.466950263457587 
1.489983761316815 
1.500000000000000 
******************************************
ASBF PLOT VANDERMONDE
33 14
0.000000000000000 0.000000000000000 0.000000000000000 0.000000000000000 0.000000000000000 0.000000000000000 0.000000000000000 0.000000000000000 0.000000000000000 0.000000000000000 0.000000000000000 0.000000000000000 0.000000000000000 0.000000000000000 
0.264737370063121 -0.524687759213264 0.777314718502129 -1.018804613928338 -1.245967872978710 -1.456884609985461 -1.634254282750115 -1.804025202849651 -1.940909133485152 3.143223162273137 4.067876557474174 -1.633832019840716 -2.359932663552684 0.177215882104975 
0.517725875691456 -1.004298493592278 1.434545111712249 -1.783744078005237 -2.031791041183515 -2.163237713584355 -2.182341460929713 -2.219168189113090 -1.932163261214868 1.211134430220064 0.224806217984513 0.782300617050938 3.377747127625594 0.545901298342308 
0.756076897492308 -1.415263796580402 1.898794195975650 -2.145803008651615 -2.125165620820196 -1.839474570772510 -1.335603879205980 -0.686312339290114 0.236156888688820 -1.876823448923957 -2.821495769174323 0.974437045943362 -0.125656471227733 -0.627746045044866 
0.977370245743497 -1.739761822848753 2.126373421009269 -2.052657698343173 -1.534797098402888 -0.687016391371598 0.327275845708058 1.435364412598080 2.056872859990368 -1.953471330543193 -1.128567985202367 -0.358519571903821 -1.821121392208466 -0.239720074597176 
1.179638338598024 -1.966024190704234 2.104627670681324 -1.548603865186458 -0.481609541230961 0.743916927830935 1.743826771684859 2.276640968826319 1.711663074368695 0.031014352883840 1.403865198474912 -0.868516009398934 -0.295263668458892 0.511782578791895 
1.361344946648409 -2.088274467459226 1.849938099077709 -0.755267051126022 0.689502711020870 1.817910892482890 2.095144658108852 1.318140911820305 -0.167342189642539 1.520615543042904 1.663084933030305 -0.172238741379920 1.129951316403882 0.383914072687009 
1.521359788670486 -2.106361504885944 1.402745600991067 0.160207004822107 1.625878023835702 2.098259383922795 1.255079242933972 -0.512951091198300 -1.715808045757992 1.304914349641107 0.096297778203903 0.627653376998324 0.827745644925911 -0.266875137074036 
1.658930107306396 -2.025156013716726 0.820621408836929 1.021381364033489 2.070883661826371 1.511752051890666 -0.237402810141132 -1.842991815500728 -1.698883630759344 -0.023237827417040 -1.238002162145278 0.634964337568750 -0.328809001125890 -0.539594689895582 
1.773650204667039 -1.853778930772665 0.170439400089436 1.675704030020784 1.926313512493812 0.339540910807312 -1.553729854295291 -1.855698058164478 -0.324918910343778 -1.139346063616655 -1.124768688697819 -0.036650564105485 -0.915328335377602 -0.163641632315750 
1.865429778347258 -1.604726494626932 -0.479389324776661 2.019094903277435 1.262510910039110 -0.932182551628657 -2.032650607079432 -0.684547196405533 1.210047383669151 -1.185535155392643 0.036310470756891 -0.637204366697664 -0.486524860096636 0.386222564847631 
1.934461769411271 -1.292950581715159 -1.065836603857460 2.008940364663105 0.282011177743887 -1.819003174182081 -1.483346731959550 0.842487096896814 1.754032133404837 -0.272946412034449 1.023720616576770 -0.593183833266923 0.349147682978411 0.522367051544972 
1.981190316189155 -0.934944724675977 -1.536772440525237 1.665026969747958 -0.746406740310690 -2.015990674189360 -0.223928865796732 1.790621596281202 0.986503256434797 0.797682316603960 0.992332213636658 0.019141974040063 0.755232202343545 0.126034785683135 
2.006279301440546 -0.547877161327560 -1.854751468802428 1.060051949059366 -1.562052631313673 -1.487780166136189 1.117311067465161 1.651940090697333 -0.476178885809143 1.207304994584889 0.078643177459479 0.622175889252350 0.430160753615559 -0.402921935910807 
2.010581885460465 -0.148802922574956 -1.998968755898043 0.302775671534418 -1.975558195182322 -0.453820126475084 1.915372178605821 0.566709742162467 -1.589126366236888 0.682806433166077 -0.865643614810022 0.670578346907438 -0.250706134524057 -0.557477842979789 
1.995111333645697 0.246022108492415 -1.965472226792090 -0.482453584909115 -1.907465873671726 0.710536852219283 1.827022942055525 -0.819891097573751 -1.595678345875762 -0.367872594840063 -1.034737438257678 0.107977953566403 -0.658018584355144 -0.184757968531399 
1.961013373355430 0.621710652906751 -1.765864180759218 -1.176116556114956 -1.396547574382024 1.612769592002902 0.920759833701002 -1.739327723594020 -0.498070798536904 -1.172571283998796 -0.300576207004893 -0.592017208649278 -0.459236411692914 0.384877533080883 
1.909540250918183 0.965189987207481 -1.424821072880701 -1.680800593790801 -0.580010855055532 1.971911422262834 -0.380548218798997 -1.705484521065631 0.973307648686962 -1.129520508357986 0.718913597969194 -0.811459856844142 0.137144788080088 0.626582795810956 
1.842026604621489 1.265523776346811 -0.976810051850670 -1.933220587343983 0.346248144272140 1.698023068886572 -1.503073671592236 -0.748560445388528 1.840132643714844 -0.221981572548868 1.160866957028982 -0.304060173224903 0.591149288140870 0.284919903383110 
1.759867222701796 1.514114424350280 -0.462387926795073 -1.909973698558878 1.175939068382047 0.903856187397588 -1.974931943078190 0.620475706234561 1.502654378788800 0.943504842162035 0.606205992257477 0.554841495238495 0.498662454924340 -0.368982767998660 
1.664496715954557 1.704794672594027 0.075558790804717 -1.627077456079155 1.737567027782397 -0.146750820670795 -1.619522791857304 1.682447953070761 0.134110275663682 1.514113022809915 -0.550247953185399 1.011311973927477 -0.058746752677944 -0.726803890810816 
1.557371101848310 1.833820167630276 0.595326122138220 -1.134203982027914 1.927207280648974 -1.130725685392622 -0.612217939637879 1.879986549648337 -1.402512638687416 0.974333548329525 -1.348526952692890 0.547221710586877 -0.567558613256666 -0.377438390902344 
1.439951270219977 1.899776703431352 1.059418080726209 -0.505102890856137 1.723582377200902 -1.765715586235440 0.614883456741172 1.103099353902781 -2.086125335569849 -0.425110926623055 -1.007639358866670 -0.576655649957992 -0.524030730548521 0.434759727939197 
1.313688279059056 1.903416933197745 1.436920883694457 0.174024457077538 1.184722341505135 -1.887676971803157 1.569412640546106 -0.252201553273213 -1.410487360865150 -1.716643265440037 0.352885262581977 -1.353458983143466 0.074722813370163 0.895605454848554 
1.180010411907789 1.847441672768277 1.705135742547799 0.816449199028460 0.429459495072397 -1.486284163820908 1.903531746826451 -1.487640769139240 0.233110763774173 -1.818575436846126 1.626131758100090 -0.815586671464078 0.639542019210857 0.359368949074681 
1.040311915414006 1.736240614644919 1.850448461063288 1.345619217808163 -0.390452807829960 -0.693569227412550 1.535669317481142 -1.971928374180416 1.764001875845878 -0.392421019403504 1.521233425017865 0.879726022084355 0.499629228821394 -0.787576487277047 
0.895943326024996 1.575606470114315 1.868472604453332 1.703496671511813 -1.121054610086403 0.264418390847071 0.644607399655249 -1.480958883445159 2.145929799397939 1.650394959043421 -0.190393536958453 2.077427361257047 -0.318556482425175 -1.130545401740334 
0.748203288207235 1.372435381964912 1.763549205441238 1.855820518672640 -1.633982817699792 1.134293060606250 -0.438150045284472 -0.309055294767244 1.160975668667346 2.582081722236456 -2.065137597563322 0.887461065786593 -0.848489916389088 0.264437787356274 
0.598331762471367 1.134425017443152 1.547718604837738 1.794037758155143 -1.847238897894060 1.700559369152343 -1.359347739688253 0.931883870176180 -0.426974109787102 1.280899127594640 -2.014948211956094 -2.247558324041327 -0.140299975864582 1.816923587409179 
0.447504519475104 0.869780163567940 1.239298900022546 1.534081164874005 -1.736325407030179 1.834749120713753 -1.830079868401706 1.698070024961655 -1.580302673233901 -1.327582809477278 0.324903648150602 -3.284916623253008 1.097376615136179 0.133086510329916 
0.296828816213552 0.586933991604992 0.861211511353722 1.112556540482214 -1.334140646209667 1.520767600837162 -1.681717112680534 1.770788408596641 -1.894659358943917 -2.663906476196875 2.379647594379256 1.306372101539498 0.516154541988448 -3.433767017411063 
0.147340151469730 0.294291498427172 0.439190112490285 0.581155637081400 -0.719486678602641 0.852421746632362 -0.973562360897663 1.143557899344359 -1.391638902707281 -1.694928586022565 1.776087472872523 5.370787252286823 -1.727751125945403 2.473724830194456 
0.000000000000000 0.000000000000000 0.000000000000000 0.000000000000000 0.000000000000000 0.000000000000000 0.000000000000000 0.000000000000000 0.000000000000000 0.000000000000000 0.000000000000000 0.000000000000000 0.000000000000000 0.000000000000000 
******************************************
ASBF PLOT NODES
33 1
1.000000000000000 
1.015625000000000 
1.031250000000000 
1.046875000000000 
1.062500000000000 
1.078125000000000 
1.093750000000000 
1.109375000000000 
1.125000000000000 
1.140625000000000 
1.156250000000000 
1.171875000000000 
1.187500000000000 
1.203125000000000 
1.218750000000000 
1.234375000000000 
1.250000000000000 
1.265625000000000 
1.281250000000000 
1.296875000000000 
1.312500000000000 
1.328125000000000 
1.343750000000000 
1.359375000000000 
1.375000000000000 
1.390625000000000 
1.406250000000000 
1.421875000000000 
1.437500000000000 
1.453125000000000 
1.468750000000000 
1.484375000000000 
1.500000000000000 
******************************************
ASBF GLL DERIVATIVE VANDERMONDE
14 14
17.249905059600160 -34.436096516227288 51.637487632770934 -68.836856220948633 -85.869526643126932 -102.020079112186210 -123.977286950084292 -180.929655038521020 -191.456555144015113 82.469069182179908 72.265797795422372 -397.135469748873561 -3158.085640974411490 -844.016273988395824 
16.858277639596039 -33.352069328496597 49.259814405443905 -64.278882155437287 -78.180039675255728 -90.910424324489611 -99.689589427158580 -101.343177403416007 -111.482452081959764 221.933969962336960 279.387668151042817 -9.043852657745674 655.503522156534018 228.134592667061952 
15.641841720842020 -28.201919419744314 35.051921481048936 -34.087558262661929 -24.034927780561304 -4.620040072389315 21.865347235840659 55.075004036897610 104.104522928135736 -238.101110494252964 -313.151792747850948 84.042688261148811 -136.986800571598224 -95.280670586308901 
13.153935306344797 -15.551464365913567 1.133051061849429 28.727107345427697 64.907695413072133 93.356705223237043 100.246409274244144 74.460177962254050 0.345772486174511 125.061507744576232 183.397834219377927 -48.562302706119340 88.429556039016347 56.801675422842749 
9.255257851892758 3.297834114115620 -35.192401166349597 57.789855375361853 39.836493425622237 -21.838894510075647 -90.231247000112205 -106.283098231575337 -33.516717121330416 -75.297755074275685 -107.834692108570763 19.026626881383937 -72.460351538039674 -31.064590570621533 
4.393140442698344 20.055232747230143 -37.575467038050292 -1.079555020848122 -63.687315256393497 -56.976002867117565 37.078172374326499 100.223596707790293 34.255434834574757 61.429349745381806 64.814989373719754 3.868761436011454 55.892132339095156 8.404590329630565 
-0.543881960515598 25.523594133025178 -1.912130582457459 -50.868567356802011 -6.882364357702034 75.658570633640366 15.982136633844725 -89.843477818068891 -29.683551278527528 -62.269248441309614 -33.693695158110053 -24.810710866493935 -37.909744259732747 13.142259476920174 
-4.673768487377908 18.100880325763185 30.633419762718507 -9.839360759276019 59.052500585851703 -31.495589785093355 -60.547366127763851 77.508537100789951 30.732886180707819 72.270022877099862 6.173592839621454 46.949347050079233 18.791981934314890 -34.070036413918700 
-7.508680750390949 4.285469703966465 29.860932025815906 40.395994677949659 -12.793431552684410 -41.571022616006360 79.947873702959981 -49.923254048930708 -46.566897035567607 -91.821129071177992 20.711286367742773 -74.585530786649898 2.009633658525168 54.261811277201986 
-9.046092512325423 -8.158235341747082 6.779746581766716 30.934400278994801 -52.115302445854383 56.399620811117188 -36.468718671741939 -11.740258714920728 83.084022134565629 117.028750776227355 -42.728808918900768 119.113690295386277 -26.624242326374187 -73.061369610871679 
-9.609780927200141 -15.566963119332693 -14.912814890074788 -6.168628951453925 -10.334449799240936 32.447084186272235 -56.130165621594450 77.815572732940851 -104.044829571642154 -108.540644723307722 30.306472447301758 -214.561147398359168 60.657911977704856 90.785376087861096 
-9.624284908059371 -18.428779115929167 -25.551384890248123 -30.265497470417785 31.943455574042204 -30.226269837215739 25.299110011152408 -12.716808537477817 -0.939175696993317 -21.855956215578829 73.947618109124448 407.530355396240907 -107.368174150401018 -140.532062185204154 
-9.455101671060824 -18.871142697111583 -28.127162708617380 -37.151353388237716 45.907664860794839 -54.169861973755395 60.613734787410181 -74.892130439074151 94.417821579995177 84.212470301077360 -94.186487638719655 -396.507047146616060 60.570663696235329 679.254636969713829 
-9.341709649139805 -18.720355069405244 -28.091631663616667 -37.465405538095148 46.735776068158778 -56.299210999351821 70.858717724652209 -64.580874955023731 55.382788941916807 228.284053099639920 -228.879115500842090 -25.511433264576567 229.270095170826721 -3284.673786189997372 
******************************************
ASBF QUADRATURE DERIVATIVE VANDERMONDE
18 14
17.175065943872099 -34.272983753459435 51.358678692830566 -68.405377960984737 -85.362325789139646 -102.111379149160896 -120.230816999569299 -148.884353400813666 -158.737399897020964 203.470881681730589 295.233834073974094 -319.052337235193818 -1712.838386168332363 -388.844932117838653 
16.813048536217668 -33.197766229497262 48.869885880144047 -63.466816768737445 -76.695216733890419 -88.402104411430457 -96.082714786310362 -97.949494802743061 -106.777000160064517 197.041537319462805 231.176968525572420 23.009778577852103 739.635847548599486 235.623938872116241 
16.008854357165887 -29.912080802685963 39.883215213088519 -44.286559621400613 -41.844828193777602 -31.634910434386313 -15.785082511055805 -0.652415236662534 38.256587721111316 -199.579598916802638 -334.915478410900960 152.933617882229726 150.308007662897353 -47.598269150655838 
14.576643639546321 -22.900350060338479 20.266472714098320 -4.452987654660262 23.496327148134782 59.148252865541394 97.713376429868546 143.950051334320790 152.692658718873759 -81.530281915740403 24.915628136388136 -78.473825668816048 -206.567042945691924 -9.104904037853373 
12.389465324938135 -11.630502377882422 -8.150502671957391 41.854264308421449 74.587628134652292 87.923914528930709 66.822091941603617 0.895693023474834 -81.605736230339630 137.180772412954752 113.389709448663922 7.657043889482480 128.885248945331227 28.438517397933580 
9.465996510871845 2.374236743933121 -33.994205178723142 58.502887545458044 44.751688189492015 -13.608216225756010 -84.795182919231152 -112.829195445223121 -49.886488514848097 -65.805623588125883 -113.067721287271652 27.729794878752433 -66.015173024029593 -35.994156717950489 
6.002413837595359 15.577998001996185 -41.932401284370059 24.026989684996568 -40.516872985313285 -83.538610090469433 -37.017321160016053 72.295326956887962 104.248407404090699 -9.438595371734685 74.965024431155825 -42.613416195201488 24.330907193367239 37.777612378743314 
2.331855805124873 23.969837862177584 -25.855468989890969 -30.860877896286823 -61.939469289776760 10.272112295532750 90.425090687876036 30.128683621189005 -80.314837928742335 55.377049508100491 -35.037685441290677 46.155872270532555 3.285493035421268 -35.303927162021935 
-1.169102455250397 25.188265861223179 3.774918219700093 -50.178900173921733 8.902365127238378 74.628314096603305 -14.432783516052558 -89.432722193367255 11.372278246480338 -70.412468733718015 -1.769379844874623 -41.259520604349554 -21.775669342079226 28.699402526429054 
-4.182574218468235 19.679200521482294 27.950333158729801 -18.704716991191191 59.670720514339841 -12.112212973726422 -77.063311852150363 55.473924716004888 66.335609655510353 53.266789966177519 37.857320673530587 27.177366139655401 33.830558425994838 -17.331492607911088 
-6.518129053845445 10.138280122391453 34.238089147938766 25.913928849620987 23.986112336168844 -68.391883214989633 48.487059497134609 42.518783149819114 -104.811402326917573 0.629803113129178 -72.948470424165450 -0.052964025238715 -40.639303339801351 -0.242544320750994 
-8.130047884095063 -0.119190036423355 23.653329951373809 43.708279916700519 -36.392166552803523 -4.724072623317827 59.181040786411401 -89.985441324316071 51.891057783249835 -81.509527838556124 93.506319400964827 -47.003032685499129 41.900797682923965 26.754227988941864 
-9.091171419884255 -8.628249916616687 5.583114177026481 29.366924663712510 -51.422229688481629 58.244661142821300 -41.787361332001510 -2.171401528467669 72.548995847130755 125.193467413783125 -59.782785741517841 117.317092426343265 -34.376218764203585 -67.184993315597580 
-9.545406764329051 -14.351635342470724 -10.904922433614349 1.926092778565476 -22.504601113752443 46.512816179945332 -66.904853760443260 84.396858953793100 -96.754631379352162 -19.152661995084713 -67.770103891803700 -173.068371278104706 7.251946822643632 129.096679780367992 
-9.660265410293533 -17.440762985655290 -21.586423772519851 -20.796578667689232 14.355306670709979 -2.059191486087258 -16.894003550440473 33.809902200184155 -54.805985252672627 -165.354832428966347 179.166633752738335 49.947584379232012 62.423953500032624 -207.866953987741795 
-9.591888639677006 -18.659482208058357 -26.612674087827266 -32.950117445612193 37.184587449598538 -39.070865538822190 39.719420964399092 -30.391503082229576 18.276671974100168 43.861786998738921 -6.936647124703768 388.049979348091824 -158.775520644117478 153.857052002897291 
-9.465424285663271 -18.875187388953190 -28.091777629448490 -37.027506853897656 45.624761307433964 -53.659469189455862 60.082198155111087 -73.010408794479119 89.866481445016376 85.500424105867324 -95.679753240937373 -344.069660065573089 31.162371304210410 765.963165359054983 
-9.367478591357658 -18.768650115805151 -28.155791583506357 -37.531666550491138 46.871956305177022 -56.274268018089160 66.707467821084265 -73.392548576202472 85.953438057301724 153.939310799171494 -152.535726584736494 -326.832851572889695 240.073494949706856 -1779.619122208547196 
******************************************
ASBF PLOT DERIVATIVE VANDERMONDE
33 14
17.249905059600160 -34.436096516227288 51.637487632770934 -68.836856220948633 -85.869526643126932 -102.020079112186210 -123.977286950084292 -180.929655038521020 -191.456555144015113 82.469069182179908 72.265797795422372 -397.135469748873561 -3158.085640974411490 -844.016273988395824 
16.600575151183946 -32.417743108874411 46.823876766850645 -59.137885259805216 -68.739294561304362 -75.010235502813316 -77.230297007823481 -80.201352678114233 -78.564872033256620 63.407349330193369 -1.945318693361287 128.395444211663744 797.680686437343411 185.116653631197408 
15.751151413021933 -28.720264051159617 36.517502763739195 -37.161016639893603 -29.336335725666686 -12.514907189286561 11.021265705337044 39.081283993075942 86.614242519184586 -234.946179125182482 -331.676513671477551 106.504696829409994 -70.135618017521878 -88.663726165232418 
14.731981117242064 -23.692875795604138 22.438500340220855 -8.624967595882651 17.261820774192444 51.687434041468350 90.625103982965300 139.796641718856620 158.636195326400298 -113.587253839698491 -22.153992709322893 -65.947764615473204 -236.772972905961296 -26.816091612914818 
13.572602787340431 -17.717417574381109 6.558915865883634 20.053415604519785 55.848907538823923 89.652536557497911 110.017318597483879 109.640804152502938 53.199826339799387 88.645271824912044 186.202898983526438 -75.786106794517551 24.485398421280706 57.450826308384620 
12.301353920711422 -11.182951884912345 -9.162170870552401 43.132919053163377 75.149643403543024 86.402695832575205 62.059881685050215 -7.441701196886712 -88.894407700613883 134.775052230803340 102.317201262721710 13.516692212775013 128.005130235202273 24.016126771544208 
10.945066045042479 -4.464125488275460 -22.999169565774622 56.591489289272786 70.875720117487546 46.226402669320308 -18.382246328175896 -104.103385887783830 -129.476928690996886 42.700770325684076 -61.541697880814496 61.707083165945591 36.864414371274023 -34.983266986421214 
9.528836945128072 2.096197414141983 -33.618879017327856 58.670949747913980 46.174744462740101 -11.106650497015195 -82.951490893580527 -114.459291866360360 -54.672428127183153 -62.606793375336352 -114.105005759906390 30.245976440883990 -63.629722992732525 -37.284240652848524 
8.075870279175929 8.199873243728383 -40.171292649900394 49.905463981712330 9.728685681163697 -60.794229659002085 -98.722519774998688 -46.661811189954811 54.002774279770591 -91.863339159033160 -42.959547589759346 -27.559437324470913 -67.449165344481230 5.306544968607710 
6.607373343011733 13.602111480258351 -42.314818989386907 32.723728989161259 -27.441800061853225 -83.828120254274481 -62.373560870621674 43.283639725941342 107.868077595393032 -41.306904101954395 52.135014861486312 -49.408040900295738 -2.914913868538378 36.933366285973563 
5.142504382697773 18.116132443840890 -40.185025536090464 10.775029153313170 -55.290821486235160 -73.586591500906394 3.142741275011382 97.100987499931051 75.410661517489615 33.841556999677209 82.009596161448457 -20.798029930540224 50.262641046066648 26.482191874400144 
3.698361558251471 21.614323776188304 -34.320119331574098 -11.853144301591749 -67.263803387359602 -36.575267918117589 63.542439929162029 87.777874036517360 -9.296562047188566 73.628914216306157 34.679229019402740 25.415946297374205 46.878142692619249 -10.357817215692180 
2.290006390189254 24.026454138029656 -25.558178785182410 -31.373775516739158 -61.523432121457923 11.718812736323081 90.602375662414786 27.922454660129798 -81.760491659773322 54.021052106980996 -36.887388263200421 46.151344194886569 1.748348500357054 -35.595412344375106 
0.930515251269040 25.335539783063112 -14.921027646183655 -44.880500127357827 -40.817300494541179 53.438600808686935 74.094300072498115 -44.002893507678507 -93.476780862432690 -4.648850541486055 -70.060853157491252 24.675679007556536 -38.824926805289252 -26.145050339942117 
-0.368946820664964 25.571958229164089 -3.498066066546263 -50.702225065291174 -11.255368337988571 74.748516369504486 24.251733892947257 -87.582201069502972 -40.365643726820146 -57.757663197676472 -41.466210082637659 -19.126137181755595 -40.951417156316438 8.143998338902350 
-1.599035029824999 24.806372359875919 7.659159609497863 -48.513491966575003 19.535188310461010 69.958737320640694 -34.761653912446093 -81.240134211577072 39.460781382232916 -67.866065367576297 21.260527559545960 -47.372505970470939 -7.353190881246235 35.689862133755355 
-2.752120847352067 23.141976389230905 17.623892758365731 -39.223325414721913 44.354592456192670 42.442418198955536 -76.496563144878948 -30.997345000630002 92.678834537383423 -28.231400514876967 65.520841427851366 -35.017031740079837 30.315212244818667 31.064091285048619 
-3.822178953726600 20.706509678461479 25.657972409870204 -24.695064652523286 58.019191219369823 2.556763621981272 -83.662454517987314 34.963656725664876 84.490440068198055 33.968018512657906 54.948867437367639 9.861833436831933 39.698522420928867 -3.167099363685509 
-4.804668349137467 17.644411748085886 31.250774576371612 -7.365703528515400 58.291865195789235 -36.352983134458555 -54.768576415333214 81.758521868324294 19.603734453737637 75.290733613108316 -3.295747253846525 50.803362058330137 13.680691912303786 -37.455886096047237 
-5.696410382512624 14.109417143111909 34.134018326384577 10.164065944943298 46.043516169428372 -62.382935503853190 -3.682632645002949 85.382271453018731 -60.860019621491766 64.111964659169132 -63.204675008780754 50.364243991043651 -24.590035234591497 -39.113181122201610 
-6.495465999507272 10.257816077487531 34.275066881099079 25.506325596866436 24.720156549444788 -68.537158426155870 47.194405224151481 44.276716276369754 -104.490393470147183 2.914422940241728 -73.700925100817145 1.870092119500335 -40.752215983560184 -1.731172036080039 
-7.201014107203399 6.242538917225804 31.852648265656580 36.782143405698029 -0.669066923910002 -54.313956861949180 76.906656811794093 -20.233685602394111 -80.515064477747813 -69.294310885818277 -19.272606695058926 -58.493017155850865 -18.400027114148592 43.777421013571143 
-7.813232596396094 2.208161513244807 27.219630712546831 42.810360977174142 -24.755264615117547 -25.176509630414753 74.676738104970710 -74.750781832437724 -1.126709834327926 -98.823930510094357 61.773230851151126 -73.716237393802956 24.139097734527837 50.628299879184993 
-8.333183248417221 -1.713124683721034 20.857686006778529 43.181237498581226 -42.920496208984254 9.661831335451879 43.655375406797830 -90.853480216146934 83.204716420369408 -53.939188506569650 99.641058769497619 -14.064670747213789 45.621307114205884 0.378242151454003 
-8.762701479446182 -5.404578386047707 13.328458111265107 38.223572034583327 -52.100786394772896 40.253489678033759 -1.747538859765612 -60.152270515498813 114.785652352254232 45.147143261982478 48.053216851696661 81.805913228360339 18.551133983769105 -65.024737563994393 
-9.104291637974654 -8.767046831115643 5.225332836759918 28.885468130009656 -51.175467304169445 58.728507913164165 -43.303367267785966 0.688038665636910 69.175026318162139 127.238329379657728 -64.756036589845294 116.175954227882798 -36.567456785893057 -64.962773108321016 
-9.361028367253034 -11.720241279887544 -2.870820606281782 16.555362972516740 -40.949829597626497 61.119272124890585 -67.064148548274659 58.782909825064152 -22.844259465862592 114.148405340584603 -137.823674651075464 13.827450868432294 -56.777007678912028 33.731748834869535 
-9.536464370898887 -14.203234276532203 -10.429406158710830 2.852249711522518 -23.818206599018616 47.872585818989478 -67.670672861980734 84.228722585262958 -94.223725649031195 -8.714954667600722 -76.945478223019677 -163.519726500002776 1.212887888778511 127.919094008604361 
-9.634544773244020 -16.174276345406625 -16.999710709069209 -10.586294240287771 -3.217264641175731 23.211663809759074 -47.119929162954122 68.484934003278084 -96.740800997697079 -147.808801687298626 89.213508438506636 -190.585299640142011 82.403535908393408 27.107115339396273 
-9.659528143483973 -17.610036718841343 -22.231586621856810 -22.291600364913222 17.050441615190692 -6.205098294863333 -11.218150237723222 27.416130786712188 -46.732177258787573 -154.653383267956684 179.364955789884391 107.631163848167034 46.216779334157735 -239.112290540792856 
-9.615914151623841 -18.504374688632218 -25.887189018327330 -31.105073211882079 33.567309178138800 -32.947869504398653 29.734282283658871 -17.847637296147582 4.464796275285806 -1.431563018105408 50.667860125330890 417.205428555318008 -126.201611186816990 -72.277670035468418 
-9.508377742389751 -18.866747008279070 -27.844276387844079 -36.264788380681637 43.953070612354288 -50.717917402416319 56.867001158131160 -62.168943565578701 66.368534619134692 92.469906409184290 -96.615878301796499 -71.567936258549707 -81.099242489001767 823.942017855028553 
-9.341709649139805 -18.720355069405244 -28.091631663616667 -37.465405538095148 46.735776068158778 -56.299210999351821 70.858717724652209 -64.580874955023731 55.382788941916807 228.284053099639920 -228.879115500842090 -25.511433264576567 229.270095170826721 -3284.673786189997372 
