******************************************
ASBF EIGENVALUES
7 1
39.478417604720136 
157.913798730901249 
355.333664035105528 
639.039478418014255 
1020.060319382985313 
2242.974988859256882 
3537.318325942443607 
******************************************
ASBF QUADRATURE VANDERMONDE
11 7
0.084344022306862 -0.167358220716152 -0.248870557773818 -0.282457033088649 -0.375520065417259 1.936962913556064 0.023345557897293 
0.425670939079082 -0.830227726444204 -1.209798859061620 -1.652001712458610 -2.044835271072771 3.930179954267804 0.035558551947284 
0.955633657985973 -1.725834748364273 -2.200661780021670 -2.434976169513203 -1.907703546462491 -0.191522433429525 -0.014275424205521 
1.517897838418260 -2.190464019173026 -1.676156309515643 -0.063153770299190 1.429418820119798 -1.501031961189657 -0.003246572405845 
1.912039452583320 -1.556378567730694 0.613424035796358 1.962228403965066 0.841950668576656 1.010552501709253 0.009691970931931 
1.984169730663059 0.000078366958247 1.956289861627342 -0.023804985077067 -1.685863596235003 -0.019222819342423 -0.011097374274409 
1.716434655399805 1.397099835624825 0.561825261285278 -1.735410065147492 0.655153894907648 -0.811787504712509 0.009274973453669 
1.232365961648756 1.778334085862841 -1.372169999228575 0.079462887461574 1.377992565454017 1.060655805781552 -0.002504026042783 
0.712095377674882 1.286109534516222 -1.636636374252504 1.762655007120226 -1.582120543602846 0.050433603815658 -0.014523746296234 
0.297390979906642 0.580014767738148 -0.843527493734363 1.133770630448936 -1.610369886332240 -2.118772205415934 0.033389476815120 
0.056740633907943 0.112541917089812 -0.171701207589575 0.197061257802878 -0.233995186519306 -0.956280399958890 0.022370108080388 
******************************************
ASBF QUADRATURE NODES
11 1
1.005442835463486 
1.028234350057976 
1.067461998606488 
1.120225967698297 
1.182614211011914 
1.250000000000000 
1.317385788988086 
1.379774032301703 
1.432538001393512 
1.471765649942024 
1.494557164536514 
******************************************
ASBF QUADRATURE WEIGHTS
11 1
0.014069051492475 
0.033192959915535 
0.053068265041622 
0.073159076337464 
0.091888056607301 
0.106611362022617 
0.114024671084148 
0.110987195260860 
0.095574568519027 
0.068004725233465 
0.031086735152152 
******************************************
ASBF GLL VANDERMONDE
7 7
0.000000000000000 0.000000000000000 0.000000000000000 0.000000000000000 0.000000000000000 0.000000000000000 0.000000000000000 
0.627006456570618 -1.198156134619803 -1.690021763041664 -2.260090785966886 -2.510602584958742 2.668568639346497 0.015372080743356 
1.622067894460006 -2.159629972357286 -1.283914644637131 0.612589218410798 1.830424397723484 -0.981956404506598 0.004138873992420 
1.984169730663059 0.000078366958247 1.956289861627342 -0.023804985077067 -1.685863596235003 -0.019222819342423 -0.011097374274409 
1.343944272661676 1.789218006315704 -1.072751615276394 -0.464858079969001 1.718412536612106 0.740312537020695 0.004686600230142 
0.448436054699759 0.856973072783214 -1.202173091298659 1.572511926738240 -2.059796198851707 -1.535055381708054 0.013722789697834 
0.000000000000000 0.000000000000000 0.000000000000000 0.000000000000000 0.000000000000000 0.000000000000000 0.000000000000000 
******************************************
ASBF GLL NODES
7 1
1.000000000000000 
1.042444025930358 
1.132787801632321 
1.250000000000000 
1.367212198367679 
1.457555974069642 
1.500000000000000 
