******************************************
ASBF EIGENVALUES
3 1
61.860002734504512 
250.989207637060957 
675.893213870857380 
******************************************
ASBF QUADRATURE VANDERMONDE
7 3
-0.227667136850390 -0.646501550943568 0.760771261675158 
-1.018384999794790 -2.048604321370118 1.753928901065577 
-1.805435810312946 -1.552147186325104 -0.101061866318835 
-1.960156651975381 0.593682019818862 -1.538774694053832 
-1.396727844503825 1.808975425069034 0.675079324142840 
-0.615960480170443 1.260844638380576 2.518137753990358 
-0.114161520185255 0.286943173917988 0.976319750602114 
******************************************
ASBF QUADRATURE NODES
7 1
1.012723021914310 
1.064617203600151 
1.148538712155651 
1.250000000000000 
1.351461287844349 
1.435382796399849 
1.487276978085690 
******************************************
ASBF QUADRATURE WEIGHTS
7 1
0.033200201677291 
0.079255207271516 
0.125921935208055 
0.163265306122449 
0.174348146035458 
0.144070916824511 
0.071604953527387 
******************************************
ASBF GLL VANDERMONDE
3 3
0.000000000000000 0.000000000000000 0.000000000000000 
-1.960156651975381 0.593682019818862 -1.538774694053832 
0.000000000000000 0.000000000000000 0.000000000000000 
******************************************
ASBF GLL NODES
3 1
1.000000000000000 
1.250000000000000 
1.500000000000000 
******************************************
ASBF PLOT VANDERMONDE
5 3
0.000000000000000 0.000000000000000 0.000000000000000 
-1.646816306674532 -1.914593896497482 0.559464111172866 
-1.960156651975381 0.593682019818862 -1.538774694053832 
-1.194703431199200 1.803480953485416 1.418031730964153 
0.000000000000000 0.000000000000000 0.000000000000000 
******************************************
ASBF PLOT NODES
5 1
1.000000000000000 
1.125000000000000 
1.250000000000000 
1.375000000000000 
1.500000000000000 
******************************************
ASBF GLL DERIVATIVE VANDERMONDE
3 3
-18.397865432300691 -56.278242993060985 69.959116011774597 
2.411268669201772 19.829732533242122 4.579027305553531 
8.752790755493599 -23.040687139907465 -88.275225233988692 
******************************************
ASBF QUADRATURE DERIVATIVE VANDERMONDE
7 3
-17.385965993207176 -45.508030718454059 50.080279535429341 
-13.038761463033074 -10.939987294262835 -5.341162744268971 
-5.717504667446335 17.774188491516682 -27.561732433470244 
2.411268669201772 19.829732533242122 4.579027305553531 
8.157077480116671 2.288310967175512 32.194509637348368 
9.906014695386954 -14.823019246756941 -0.607959878878987 
9.175994092668716 -22.008936168112328 -65.671111859741714 
******************************************
ASBF PLOT DERIVATIVE VANDERMONDE
5 3
-18.397865432300691 -56.278242993060985 69.959116011774597 
-7.764290721077554 12.674219733867901 -27.867183993655026 
2.411268669201772 19.829732533242122 4.579027305553531 
8.969925055678438 -2.759353467246829 30.156697646431795 
8.752790755493599 -23.040687139907465 -88.275225233988692 
