******************************************
ASBF EIGENVALUES
25 1
39.478417604357332 
157.913670417432314 
355.305758439217072 
631.654681669717888 
986.960440108937291 
1421.223033756868745 
1934.442462613511452 
2526.618726679398605 
3197.751825984857078 
3947.841776684951583 
4776.888752268034295 
5684.923543935933594 
6672.018211995619822 
7744.496758388429953 
8900.971304062597483 
10322.058900786723825 
11789.264558230170223 
14621.923172464721574 
16831.892375604264089 
24083.176265265494294 
27965.682459195511910 
51467.128065552009502 
60127.518041067189188 
199838.279097878810717 
234290.206364062381908 
******************************************
ASBF QUADRATURE VANDERMONDE
29 25
0.010423139839451 -0.020845996109474 -0.031268285248353 0.041689723709818 -0.052110027970342 -0.062528914457851 0.072946101070038 -0.083361406624225 0.093774049532132 0.104166702653516 0.114588424092965 -0.125744297490952 -0.135899373693851 0.137327686241593 -0.149521668693324 -0.237876019888478 -0.230481303540880 0.185564609308893 -0.192060682945428 -0.819020478435130 -0.653528234950844 -0.639882520794028 0.555840928510282 7.600746819037504 5.651643685035253 
0.054589833157050 -0.109138632784200 -0.163605396195225 0.217949182368027 -0.272129142719284 -0.326104551911840 0.379834836593284 -0.433279475605739 0.486398900305121 0.539175741151302 0.591509870442033 -0.642469765314700 -0.694068612653565 0.765044350671372 -0.812268685404127 -0.905568449872079 -0.928752345386389 1.697467170155282 -1.521906857782369 -2.355215653188967 -1.965246404953972 -6.631061562166181 5.087652776809385 7.801088782400974 4.765491625485012 
0.132673826081439 -0.264750602054402 -0.395635964616392 0.524740911985944 -0.651484454489648 -0.775296228999096 0.895619067156640 -1.011911625008150 1.123650118314476 1.230310238068257 1.331458099328372 -1.427659422169684 -1.516478607617431 1.598143579814639 -1.667498405649565 -2.047765549023978 -2.025184374819050 2.736575566691853 -2.371167946708177 -4.706275629511595 -3.646758816380241 -3.143901815476031 1.345835238961318 -4.670852569601031 -3.313339266330447 
0.242214639135587 -0.480721142777345 -0.711868144373566 0.932116946164422 -1.138095694151847 -1.326650998869629 1.494896211008719 -1.640255532722436 1.760503692045371 1.853814819772193 1.918750136542283 -1.953744671017790 -1.958609337297675 1.959970789502995 -1.905903567155748 -1.973496091240422 -1.714830256138498 2.201938151778903 -1.596109519792656 0.032550546965139 0.978273022117641 4.695185082595464 -3.098383013573867 1.595839496881719 1.593039869825974 
0.379405800393731 -0.744146904934932 -1.080125433840354 1.374355231035748 -1.615463801735629 -1.794131879193480 1.903453629750161 -1.939203589506348 1.900000422311604 1.787355807363155 1.605579781079989 -1.362052165394615 -1.066982665097382 0.729149905000435 -0.341069308019913 0.076225019263902 0.467356634746506 -1.860262570406816 2.220574546612255 3.856353620269883 2.227456641256332 -2.042433220144236 1.942555696842618 -0.281435037361572 -0.777990054716495 
0.538956523393570 -1.034251744951964 -1.445761400050212 1.740148760252004 -1.893565268516932 -1.893582529945678 1.740199148527897 -1.445840909374529 1.034352935966344 0.539059402051939 0.000190079118930 0.538348595655868 1.036028446126918 -1.466286819213749 1.735462014579725 2.133442567262078 2.088802494781020 -2.106322825203623 0.716301127808789 -2.673948685059190 -2.292497577177365 0.222492082320782 -0.898321507207224 -0.279562756319165 0.368404789509186 
0.714025861992315 -1.321452059920760 -1.731593603101498 1.883218884881323 -1.753691184433905 -1.362348189902272 0.767614996653567 -0.058281443945374 -0.659751689955934 -1.279259853861895 -1.707919962342153 1.882841072245358 1.772283866462360 -1.392804965487163 0.829764906492310 0.074264063608208 -0.924326032275214 2.865540445509593 -2.172345636413084 0.558688096162841 1.277328766524118 0.522732609736620 0.329471600948488 0.526915130295653 -0.129819954424473 
0.896313744729582 -1.568463204564898 -1.848346636235738 1.665966374657550 -1.066934953560855 -0.201067603119345 -0.715085901721119 1.452399191563319 -1.826475386156270 -1.743801510534318 -1.224842587745842 0.397692994081017 -0.523858244334306 1.304678480693084 -1.807701794640103 -2.142989128290444 -1.224001239738812 -1.215079227923768 1.765133554044262 0.612559364114245 -0.461194680552259 -0.747708233793497 -0.032990059942301 -0.618294517892162 -0.025514394173452 
1.076363688240069 -1.734173093083007 -1.717632755183509 1.033174542647390 0.053043442208540 1.118634978564586 -1.749234642231065 1.699628043062950 -0.989102964049083 0.106100028652059 1.159871652690144 -1.760226063389694 -1.681423337108441 0.986338342170048 0.183195862518452 1.742873431322464 1.935629889504356 -0.380678190692374 -0.841476098968595 -0.974452722380935 -0.001262041491734 0.759247322617038 -0.133820216298714 0.619533157225170 0.133802088298114 
1.244095698422485 -1.780275914471648 -1.303443317801587 0.084925249316254 1.181916994642928 1.776224689889307 -1.359824795952695 0.169656903023910 1.117047468261332 1.768067046677127 1.413170476858740 -0.257095531013961 1.050327253783784 -1.821662971742446 1.462283777099819 -0.180273894419477 -1.387004347033414 1.121034185089001 0.113437860779349 0.950682809253690 0.239926772036004 -0.680584023095729 0.236423721996837 -0.564483065324670 -0.211992947735462 
1.389540546250067 -1.679602466626457 -0.640673292065632 -0.905190777410835 1.734819602951124 1.191766588694020 0.294275739216421 -1.547471081876023 1.576225952259871 0.357848616365269 -1.143773464464198 1.743616566158208 0.960369487263794 0.650040884085335 -1.694680516497535 -1.046237655654140 0.466496590794954 -1.211306176282389 0.317159197749011 -0.786383679965667 -0.363638947906930 0.560923863743689 -0.303409715875021 0.473946712836885 0.268880426327381 
1.503697021794177 -1.424052737757666 0.155070157124711 -1.570909503846395 1.332635110159672 -0.308858272898415 1.625134507411544 -1.230200201052639 -0.460093141941340 -1.665977751490426 -1.117628279623191 -0.610523180841257 -1.695414219316809 0.938273776153732 0.815785179829490 1.473244405094297 0.306595144705420 0.990929323872733 -0.539740484295278 0.583519179941498 0.430003801781431 -0.422680803233047 0.347870281537109 -0.362375840006264 -0.309377668316687 
1.579393978462344 -1.029532161004644 0.908290704043879 -1.621603869588157 0.148756086634309 -1.524636819421210 1.142594647683832 0.779833643485082 -1.650931659821237 -0.296292926910760 1.457867551066595 -1.244455911417246 0.649901857847493 -1.630427110183436 0.352213633137842 -1.263241049540154 -0.800933679497207 -0.668053145273963 0.645248812654692 -0.378669804882573 -0.465889310023212 0.278097650399152 -0.376208215006676 0.240550664515133 0.336359119883614 
1.612020714916516 -0.535729632772138 1.433979429978667 -1.012290055548743 -1.097560812835819 -1.377047062505405 -0.639920965182868 1.589714615984526 0.111605653415848 1.626788716783421 0.428870453425385 1.483313162347481 0.915460923450786 1.163600159947844 -1.209470877341766 0.706341392163153 1.049470762534646 0.332946224509063 -0.688849512464102 0.183826999281360 0.483346491057048 -0.134983423688129 0.391688846740881 -0.116798231591505 -0.351521484266448 
1.599999999999999 -0.000000000000000 1.600000000000005 0.000000000000003 -1.599999999999475 0.000000000023837 -1.599999996434991 -0.000000034618509 1.599998039393892 -0.000006945026722 -1.599774519629456 -0.000386280032367 -1.591549195049982 -0.007303411481121 1.486837463674990 -0.026483317120552 -1.107633470778213 -0.014278718765500 0.696823258157317 -0.002492125638772 -0.487461227973710 -0.001177868102490 -0.395912440271250 -0.002359131359155 0.355800537959011 
1.544917944249792 0.513429086411514 1.374287893796620 0.970151969594181 -1.051873204212839 1.319725421135944 -0.613283302380466 -1.523540309150326 0.106961157044875 -1.559059169766300 0.410917734027508 -1.420914179003589 0.874607921036326 -1.102304536521623 -1.140864710583385 -0.623306327228627 1.000975984254219 -0.282973142912773 -0.676402866680395 -0.164636523329251 0.479600055477004 0.126333564751630 0.389409694534089 0.111783805073486 -0.349559515199513 
1.451285760182436 0.946024478560145 0.834617190429160 1.490071911557660 0.136690143953359 1.400970078204264 1.049916217472934 -0.716579613597227 -1.517023130173378 0.272252249268588 1.339793505336214 1.143142815533674 0.601994716864143 1.489959115911157 0.287189092897026 1.106364110080167 -0.716319340398640 0.556053515521042 0.619584401231097 0.317512327756884 -0.458255711689745 -0.237363059749243 -0.371794761806445 -0.207388283523454 0.332636677583638 
1.325975671681858 1.255744513748887 0.136742477221867 1.385244337339166 1.175131499023359 0.272354437036209 1.433060501183327 1.084803345606583 -0.405711994252715 1.469078725477155 -0.985754671263120 0.538397486260836 -1.500732800438813 -0.826398164371411 0.771735939130202 -1.253497846625190 0.216831332980101 -0.786866609423155 -0.500323277620333 -0.455085240960212 0.418155002986215 0.331643485423652 0.341585386903642 0.285815218541925 -0.304276759510093 
1.177430265318487 1.423214877209947 -0.542875935714882 0.767015413898459 1.470003240206129 -1.009846063520879 0.249355209711293 1.311253066926538 1.335615395756596 -0.303220889592014 -0.968953780704371 -1.477215625106655 0.819000714575676 -0.543755717915029 -1.495016316625298 0.872199488126810 0.505424784112530 0.917802262444458 0.266821941082159 0.571863790050488 -0.347039599310498 -0.406437139656820 -0.295582435136580 -0.344077652721855 0.262924086990422 
1.014778021112271 1.452126931884808 -1.063186403061956 -0.069271420641426 0.964060393795231 -1.448822448397254 -1.109175385990261 -0.138384963276839 0.911150942981247 -1.442175220807496 1.152482316280842 0.209334555230902 0.852857842627209 1.474011413613382 1.239692483105316 0.101726502566951 -1.307466252560891 -0.820755452147613 0.161272119678434 -0.648849700922369 0.218136912443387 0.457657088093136 0.227380039651251 0.379080738218553 -0.205792411180999 
0.846991366522348 1.364622064033271 -1.351606460150200 -0.813005796548056 0.041739923126470 -0.880254675552680 -1.376474000288840 -1.337438493412132 -0.778328389950048 -0.083481387117782 0.912872672399302 1.385519148248188 -1.320432716675827 -0.766578391876869 0.129182542910521 -1.260620304854073 1.727286060625454 0.300141917559782 -0.852134623775098 0.631664363808576 0.024474438166377 -0.476802258332297 -0.123828484824481 -0.386858601528072 0.127998988412712 
0.682199604482482 1.193783966932573 -1.406807997312294 -1.267995284637066 -0.812062302524002 0.153035965542082 -0.544264022976772 -1.105445724931675 -1.390159540174987 1.327227999379398 -0.932367318080230 -0.303091528558844 -0.400946349487705 -0.995555705616879 -1.390493283866509 1.512652226622464 -1.051899067400193 0.730459346930928 1.685391924686463 -0.391394613051496 -0.482762799281701 0.442534676854648 -0.043616040583059 0.361110213022898 -0.020731693586787 
0.527226590037036 0.975741496961236 -1.278584207224338 -1.390542169157483 -1.294900748505931 1.005938620457248 0.566796052165841 0.043034235053129 -0.487152419138992 0.944594767649388 -1.261040271639182 -1.389906044353088 1.310134764013127 1.029235063422990 0.620202225083338 -0.034695473988802 -0.762264299985310 -1.734699601258038 -1.996705302443392 -0.285303658135903 1.269134249076078 -0.297580540024624 0.339511513267124 -0.289857313100714 -0.132991008363127 
0.387374416967147 0.743367320568530 -1.039139439099183 -1.250730035132126 -1.360997984146348 1.361010390801003 1.250766250330436 1.039196557524437 0.743440404395943 -0.387453266118341 0.000121273355930 -0.387128704478271 0.744858166811684 1.047807393905822 1.267859964838828 -1.454494690323896 1.685699460322748 1.248200931660191 0.626759805410801 1.436007327859273 -2.211055939562412 -0.102912635729820 -0.901962461104507 0.146471230466931 0.369302898843380 
0.266431122651931 0.522564217768990 -0.758499294539876 -0.965117050786819 -1.134431349898632 1.259897898922885 1.336667195626323 1.361771996601581 1.334242542785967 -1.255137450816239 1.127465964670800 0.956526369205663 -0.750215424192002 -0.509618413202066 -0.238096657050900 -0.049994145596809 0.350260488717029 1.083989732989713 1.969176903269215 -2.040495389972270 2.090137268446588 1.015269805505605 1.919489447898707 0.137967843222786 -0.775343815013391 
0.166850158094524 0.331145957808426 -0.490372146188463 -0.642091082459540 -0.783980056587350 0.913866848376249 1.029762984524605 1.129894115481294 1.212726576181519 -1.277004371312668 1.321791535228805 1.345845368120540 -1.348564078839166 -1.344680210854872 -1.344471939978985 1.287586311074866 -1.299016987150755 -1.250070761737978 -1.399056126635072 -0.004275485005620 0.942510787869013 -2.295110477756743 -3.014813502964720 -0.761119116872404 1.582447629962401 
0.090034694348515 0.179664220431240 -0.268485233294248 -0.356098026402082 -0.442108330371649 0.526129087178623 0.607782189809798 0.686700269606569 0.762528950218646 -0.834911650542076 0.903481657841913 0.968697431517819 -1.030869266384153 -1.082537338845526 -1.142903920025432 1.301751860324239 -1.554705111397121 -1.559230824950777 -1.980995658433857 2.384954288697294 -3.379776871187261 1.524087365321133 1.270774273466916 2.174676023288812 -3.277765479917144 
0.036658671528860 0.073289787840797 -0.109865814431333 -0.146359258205232 -0.182742688141833 0.218988755973966 0.255070218786406 0.290959873352422 0.326630050202116 -0.362069147015461 0.397284946721906 0.431565579803158 -0.464950800572431 -0.509957696831302 -0.563527334161024 0.583210624482613 -0.677895378418955 -0.931011295597570 -1.299735332268130 1.208734076613183 -1.758232945380586 3.122021443174064 4.908266270610152 -3.582253786115402 4.683671300753879 
0.006958379282608 0.013916569257229 -0.020874380621025 -0.027831624081460 -0.034788110361794 0.041743650161456 0.048698052684670 0.055651189609794 0.062603362154894 -0.069543181249140 0.076447668921319 0.083831267572451 -0.091717319802870 -0.092958010890706 -0.095663365555594 0.142372477273414 -0.184721389019791 -0.115389519520230 -0.143031998380528 0.397273834002290 -0.609691577581243 0.316106485051643 0.509084120315372 -3.435532616595133 5.579974191031219 
******************************************
ASBF QUADRATURE NODES
29 1
1.000830139434851 
1.004363623684647 
1.010678601055478 
1.019704941761735 
1.031340548769974 
1.045453628096187 
1.061884287066381 
1.080446365599328 
1.100929550715443 
1.123101761218943 
1.146711777956498 
1.171492090533090 
1.197161928458500 
1.223430442466830 
1.250000000000000 
1.276569557533170 
1.302838071541500 
1.328507909466910 
1.353288222043502 
1.376898238781057 
1.399070449284557 
1.419553634400672 
1.438115712933619 
1.454546371903813 
1.468659451230026 
1.480295058238265 
1.489321398944522 
1.495636376315353 
1.499169860565149 
******************************************
ASBF QUADRATURE WEIGHTS
29 1
0.002132762545890 
0.004976166891582 
0.007850132130713 
0.010762447192209 
0.013719881316704 
0.016723335815450 
0.019766214517256 
0.022833158454686 
0.025899074255546 
0.028928528515086 
0.031875597545908 
0.034684257267771 
0.037289380696769 
0.039618382053444 
0.041593508483717 
0.043134735296255 
0.044163171951079 
0.044604837978068 
0.044394625078574 
0.043480228278457 
0.041825809014221 
0.039415149348808 
0.036254070771888 
0.032371923494457 
0.027822001987714 
0.022680810190864 
0.017046204128273 
0.011034814229497 
0.004785457235782 
******************************************
ASBF GLL VANDERMONDE
25 25
0.000000000000000 0.000000000000000 0.000000000000000 0.000000000000000 0.000000000000000 0.000000000000000 0.000000000000000 0.000000000000000 0.000000000000000 0.000000000000000 0.000000000000000 0.000000000000000 0.000000000000000 0.000000000000000 0.000000000000000 0.000000000000000 0.000000000000000 0.000000000000000 0.000000000000000 0.000000000000000 0.000000000000000 0.000000000000000 0.000000000000000 0.000000000000000 0.000000000000000 
0.038239939653653 -0.076465813039406 -0.114663559063529 0.152819126978727 -0.190918481552711 -0.228947608261420 0.266892518027591 -0.304739212944134 0.342473880921225 0.380089627775227 0.417561110910850 -0.454601227375044 -0.491604169595600 0.537481802028869 -0.574563029673046 -0.670378175232504 -0.677481866705511 1.152359998767928 -1.060024208865260 -1.862219375295479 -1.521722100330274 -4.681940560373430 3.732578400776493 11.034543035799850 7.481879515052110 
0.126598892005584 -0.252679610405550 -0.377726102496594 0.501226548699167 -0.622675457452273 -0.741575734134727 0.857440716740885 -0.969796262526196 1.078182206436941 1.182138183260238 1.281268734741078 -1.375994155848649 -1.464476638397531 1.548952403501185 -1.618473990032975 -1.979936123814074 -1.969397902279410 2.718572850466277 -2.356780440472177 -4.643978295245921 -3.652583773088224 -3.899822622733328 1.950602868600555 -4.520723433187644 -3.350925693571494 
0.260754173210739 -0.516864911333301 -0.763771468231865 0.997077003174478 -1.212626878504672 -1.406582644349813 1.575490390774172 -1.716342098402684 1.826630066871717 1.904418208537474 1.948264270567478 -1.956296175795323 -1.930289929355728 1.903096131712844 -1.804811119283489 -1.761384858088241 -1.477243839038654 1.861690460570064 -1.189318508430464 1.300060749962116 1.903308239556162 4.216784183440416 -2.435314087922767 2.195549115996428 1.742441371495993 
0.433877308637440 -0.845551181284559 -1.213954430747533 1.520234220509563 -1.748716848415669 -1.887709839717848 1.930100305919020 -1.873719156423317 1.721450783947309 1.481049097348141 1.164907501455775 -0.790929562501570 -0.374589370090067 -0.089714416106958 0.527114195517842 0.968080693553508 1.345767160753724 -3.147862320820187 2.822335721769026 1.597852700261010 0.038959615413953 -2.632728141559750 1.554393379144686 -1.437736271212700 -1.087245848789186 
0.636003401571245 -1.198368782370953 -1.621984110780680 1.857802173726515 -1.878519382306261 -1.681737047920035 1.290239104478802 -0.749353868746601 0.121707636080955 -0.519981916437939 -1.101551409791999 1.557858655551554 1.830892349124862 -1.874943127862660 1.715992893100953 1.644041401069162 0.869887441452293 1.374707050397667 -2.051679332221775 -1.934053893169945 -0.464981651827581 1.642181105248181 -0.896435997474460 1.069264490697650 0.694778975792056 
0.853957350479995 -1.517005587608898 -1.840914883529183 1.753272679867087 -1.273672104292274 -0.509331767201840 -0.368873826174722 1.164614371787980 -1.699997328045102 -1.855386786750242 -1.595864915828751 0.977148224368553 0.143778875049366 0.696143991918065 -1.429571013226520 -2.298528115251483 -1.940826655897011 0.018056687722878 1.177470034666407 1.484198551570193 0.310103316812173 -1.108647066904550 0.473401479124003 -0.825693779693439 -0.403832931981730 
1.071830616510151 -1.731253243762796 -1.724542007923803 1.054279189472137 0.021638360191283 1.089230123370325 -1.737719098462901 1.717586657775296 -1.036576992144337 0.043333128188261 1.106403184146400 -1.741302364488710 -1.711339117299904 1.062787727311753 0.084792334897837 1.672212603454173 1.948957145992690 -0.501915291499723 -0.760610819198292 -1.033617746571571 -0.069200096056022 0.785248321474625 -0.180101478518114 0.636523794635105 0.170963037645005 
1.272139641879561 -1.773533453243848 -1.200404099566704 -0.100008976915852 1.339830040200422 1.767893979647272 -1.124851512399164 -0.199700250278652 1.403258253547677 1.756575556007760 1.045850607876846 0.296098299636056 1.465387300152436 -1.793705199773208 0.921132617746820 -0.930783895871411 -1.649795063224847 0.524059296926878 0.636263535570539 0.702220137997988 -0.136799330083672 -0.559047842460795 -0.035648834885184 -0.477496818281254 0.017042988149335 
1.437616175219568 -1.599276112314914 -0.341498533913727 -1.219376068692099 1.697993439995422 0.669556731312569 0.953145049338554 -1.729882683575891 0.971265402334046 -0.649350847198816 -1.693873755675423 1.237205551867453 -0.325609694996668 1.643996614442834 -1.380849052195847 0.449773790787699 1.386565964835927 -0.399946218781249 -0.630987302979918 -0.461454504751016 0.292463625830665 0.383448144793297 0.195124316910954 0.338469991459195 -0.163824602937264 
1.553366331851513 -1.206065169030574 0.616952839346524 -1.685079883855401 0.691377406572556 -1.148280423330556 1.582925654422026 -0.080735399021952 -1.520243570826957 -1.261120003763620 0.541338269870230 -1.683188795714699 -0.756730708582094 -1.131016694421208 1.513528469403375 -0.201223753078209 -1.221953566823651 0.251407495536546 0.658995042847800 0.276984469432280 -0.400746027720694 -0.237933642551004 -0.306625694447711 -0.214561577289203 0.269683396826415 
1.608965327633983 -0.642440187483029 1.352446813900593 -1.182455668090557 -0.880306719860016 -1.533951380626527 -0.267818689232658 1.640888227581518 -0.387365569458135 1.486240429717894 0.980553725324656 1.095841108868075 1.409280767405754 0.555141045053270 -1.516030798428201 0.085599492076365 1.136831408679878 -0.111922607500830 -0.685271051397203 -0.126794053922620 0.465118367000141 0.112416623201671 0.373218540812917 0.103099771822098 -0.333912599759046 
1.599999999999999 -0.000000000000000 1.600000000000005 0.000000000000003 -1.599999999999475 0.000000000023837 -1.599999996434991 -0.000000034618509 1.599998039393892 -0.000006945026722 -1.599774519629456 -0.000386280032367 -1.591549195049982 -0.007303411481121 1.486837463674990 -0.026483317120552 -1.107633470778213 -0.014278718765500 0.696823258157317 -0.002492125638772 -0.487461227973710 -0.001177868102490 -0.395912440271250 -0.002359131359155 0.355800537959011 
1.528668839287387 0.610378781222970 1.284952053158021 1.123444428915618 -0.836374425571499 1.457398513316623 -0.254453016293299 -1.558998538982630 -0.368034673217983 -1.412055279539499 0.931672502733544 -1.040411576176402 1.339983905864672 -0.513035228717875 -1.453166090612031 -0.028630820384826 1.124072897847510 0.130560840941841 -0.690498823079703 0.120022897678222 0.468419741196574 -0.099738507479533 0.374943841848467 -0.089054978999108 -0.335071165171784 
1.403279275594074 1.089534530273457 0.557342537765699 1.522266596261471 0.624576164914728 1.037332976553268 1.429982556440274 0.072934640619335 -1.373355283188659 1.139257533007906 0.488932965249117 1.519874398872973 -0.685464347106626 1.007306838603395 1.390619972289227 0.126358401825865 -1.190454366347333 -0.240416906516932 0.669820167793053 -0.233792621505852 -0.407678667050561 0.193897255656743 -0.310129664627154 0.172567920884060 0.272011256929492 
1.236769063980230 1.375843743669290 -0.293788306934261 1.049018941989781 1.460769427631946 -0.576014005822835 0.819982649089799 1.488203531907463 0.835569297826589 0.558642265720594 -1.457087361942732 -1.063759334249557 -0.277767074318158 -1.400007214878405 -1.217481498028103 -0.323236418116913 1.321967521709076 0.341728860343260 -0.647751601322212 0.353137698817759 0.303835688811683 -0.285547356867031 0.200533620065651 -0.249919207223672 -0.167345215443281 
1.044622432514510 1.456343917823447 -0.985716511936525 0.082122761762839 1.100206667312102 -1.451713042031671 -0.923676217561606 0.163984589222685 1.152293482241537 -1.442428743910430 0.858641109409506 -0.243631221352291 1.200712891697097 1.459755915485261 0.784917893631018 0.683203231792167 -1.526873276903036 -0.413228070226361 0.657525617362272 -0.491356546065405 -0.154283872841754 0.381089854896797 -0.043220108463667 0.323499111490880 0.021797324347360 
0.842670859806254 1.361107470706504 -1.355831111935156 -0.828871966692806 0.017012030920146 -0.856350313642366 -1.366190903477846 -1.350362787254703 -0.814957166001681 -0.034059935236147 0.870026644569761 1.369391926310503 -1.342625166919715 -0.825894092833499 0.048967855026352 -1.206968916615833 1.741110930727046 0.379973729579329 -0.776995799025542 0.667297493823580 -0.042289930595556 -0.492105561546429 -0.169829366687259 -0.396944668291782 0.164906579371402 
0.645234718716744 1.146221966544756 -1.390961968285332 -1.324741105386498 -0.962363590511870 0.384841865206631 -0.278714394665782 -0.879961577982460 -1.284484663748326 1.401889646631152 -1.205977442520514 -0.738639370658034 0.105364119241015 -0.529733372199869 -1.079359730819379 1.610188818375772 -1.675893903554375 -0.057275354584306 1.155725195135890 -0.894435824041546 0.268018723241359 0.642893981215036 0.459157104413943 0.476533887197119 -0.396356478506807 
0.463907082545371 0.874101874722228 -1.183091025784237 -1.355099020273674 -1.370210354216092 1.226675400742832 0.941112990308651 0.546586047411072 0.088772453509647 0.379285403650103 -0.803330811229185 -1.136019920878648 1.338991261664499 1.367250527725234 1.255010547440604 -1.108659965621935 0.748442055417109 -0.795251169533914 -1.917819656709958 1.104333605668901 -0.403450640002318 -0.889427005446592 -0.874757386255730 -0.575233682794524 0.685655017939900 
0.307074332336715 0.598434302233666 -0.859169721227538 -1.075937595640647 -1.237644947047695 1.336016489324457 1.366018108241351 1.326114636902770 1.218349404669326 -1.048208624658245 0.824332944131161 0.559563255844466 -0.267701085959617 0.060058461765575 0.395897936833752 -0.663051609266341 1.027506610013489 1.822262593680848 2.539354490869094 -0.884450361654295 -0.014803835469987 1.349516023719880 1.515235252881260 0.727413663795550 -1.075907890132612 
0.180082568530706 0.356958278635360 -0.527477378697596 -0.688603313778761 -0.837466799711580 0.971416918561947 1.088068328248895 1.185343626784800 1.261509548817014 -1.315230298050618 1.345606572498469 1.351161497704418 -1.331787758150803 -1.307625793147474 -1.280802628201022 1.158846197387713 -1.111391986605704 -1.048096847993743 -1.061623990635051 -0.651903094123344 1.820087156370427 -2.079304902677976 -2.357234138727248 -1.056254376172462 1.726678306311035 
0.085841585658341 0.171331818763357 -0.256120784859802 -0.339861439802289 -0.422211030219379 0.502832496368252 0.581395849939023 0.657579592903822 0.731072552498782 -0.801561661033399 0.868721799829729 0.932904907668458 -0.994496621068238 -1.047927427720923 -1.109633445751839 1.259474278817902 -1.508106126975369 -1.544257064646913 -1.971116532084778 2.355197800619816 -3.377932345312761 1.880313413299996 1.860021501889467 2.099471925924520 -3.317530771174260 
0.025623255290287 0.051237085263046 -0.076832068067793 -0.102398788786808 -0.127927842898213 0.153409839754559 0.178835406800441 0.204195164843370 0.229479506883456 -0.254684201580520 0.279816591139205 0.304636067551163 -0.329067863580504 -0.358403302991904 -0.395010461260551 0.426390625559102 -0.499412783698687 -0.636839705091234 -0.896465796390917 0.944611659787050 -1.368307396598801 2.207265290105886 3.583750463721278 -5.034098134674348 7.372839205249921 
0.000000000000000 0.000000000000000 0.000000000000000 0.000000000000000 0.000000000000000 0.000000000000000 0.000000000000000 0.000000000000000 0.000000000000000 0.000000000000000 0.000000000000000 0.000000000000000 0.000000000000000 0.000000000000000 0.000000000000000 0.000000000000000 0.000000000000000 0.000000000000000 0.000000000000000 0.000000000000000 0.000000000000000 0.000000000000000 0.000000000000000 0.000000000000000 0.000000000000000 
******************************************
ASBF GLL NODES
25 1
1.000000000000000 
1.003052513767127 
1.010183965436866 
1.021254307316344 
1.036080883541171 
1.054420085189821 
1.075970737796216 
1.100378963180002 
1.127243971295280 
1.156124635535193 
1.186546733957781 
1.218010735129223 
1.250000000000000 
1.281989264870777 
1.313453266042219 
1.343875364464807 
1.372756028704719 
1.399621036819998 
1.424029262203784 
1.445579914810179 
1.463919116458829 
1.478745692683656 
1.489816034563134 
1.496947486232874 
1.500000000000000 
******************************************
ASBF PLOT VANDERMONDE
60 25
0.000000000000000 0.000000000000000 0.000000000000000 0.000000000000000 0.000000000000000 0.000000000000000 0.000000000000000 0.000000000000000 0.000000000000000 0.000000000000000 0.000000000000000 0.000000000000000 0.000000000000000 0.000000000000000 0.000000000000000 0.000000000000000 0.000000000000000 0.000000000000000 0.000000000000000 0.000000000000000 0.000000000000000 0.000000000000000 0.000000000000000 0.000000000000000 0.000000000000000 
0.105549859350869 -0.210800526157791 -0.315453655970587 0.419212598122598 -0.521783236619406 -0.622874823859404 0.722200804084332 -0.819479606630020 0.914435783212672 1.006803074139951 1.096290998333311 -1.182650273290177 -1.266263010086612 1.358312913002103 -1.425190296095373 -1.699228524188920 -1.721035251763699 2.603868502121794 -2.262587726540344 -4.173960843688424 -3.419188404623876 -6.199645276857765 3.922069406670309 -2.891325824615322 -2.675336144442216 
0.209043855106482 -0.415719159804935 -0.617684200309833 0.812650632011155 -0.998409407332670 -1.172855805061523 1.334013279497723 -1.480055931105249 1.609328324496351 1.720353393829056 1.811942488231407 -1.883629189530464 -1.932145436259988 1.969002059038427 -1.979108477280328 -2.239716900618542 -2.039735196080093 2.584312968860420 -2.098342537452988 -2.249878716222849 -0.909861161701718 4.277710194812418 -3.441384186301238 -0.396428548810905 0.519887200892160 
0.310239545954552 -0.612579372208106 -0.899320911917699 1.163162781942859 -1.397386700086800 -1.596028554838358 1.754030267631983 -1.867368371731971 1.933158194916354 1.949762269160769 1.916628229662934 -1.833169659887382 -1.705628943841741 1.568360468733053 -1.338082001637787 -1.057860942867678 -0.721022062030450 0.511064467038536 0.236294613719191 3.799555892877487 3.294365564261445 1.530699592404308 -0.076635988766508 2.021665262705021 0.953869898471414 
0.408904091611403 -0.799328490502770 -1.153628660779405 1.455792636770878 -1.692164655323762 -1.852062303612130 1.928259293001245 -1.917312175875299 1.819715404129641 1.639854439628260 1.385889015194859 -1.070526635628106 -0.706268790703829 0.291721061207613 0.133634379838436 0.567102496102865 0.962306263323405 -2.681830119462815 2.696355786765465 2.785675030565874 1.078599590786990 -2.635419312463352 1.920355363214066 -1.071638640339009 -1.093057545788231 
0.504814676078820 -0.974057958373717 -1.374664965125233 1.678407219101961 -1.863881746425758 -1.918019221187458 1.837004889786282 -1.626547565093867 1.301475455101180 0.884661682219541 0.405628004344825 0.100599660930601 0.603353054491064 -1.092792555714807 1.455444778853425 1.894539149044742 2.055092164087109 -2.961406884198204 1.763351526598797 -1.731255371161851 -2.078769077487017 -0.893377857517232 -0.211031967256757 -0.970605670189619 -0.164256612595913 
0.597758903525645 -1.135021746895872 -1.557414960599435 1.822190331076060 -1.902551324396684 -1.790365023791946 1.496985218170672 -1.052103174345662 0.500743459653390 -0.101261894260047 -0.693028841954265 1.216259835026289 1.615811546114614 -1.843455262998247 1.875938556485609 2.060511959867447 1.566170931859118 0.005912425183806 -1.176849302429647 -2.767059584730406 -1.466150433917165 1.505972772220444 -1.236007230758740 0.783168990969342 0.816647826879514 
0.687535166077328 -1.280652746877050 -1.697901301763280 1.881981069274040 -1.807612808428452 -1.485009337542171 0.958473027253641 -0.300311627057182 -0.399089298436136 -1.043641591341106 -1.545013890539678 1.836147093291896 1.870581322776916 -1.635469242508468 1.203635320420052 0.682920785225765 -0.313673056669709 2.625062673943065 -2.397250140943338 -0.279798782717111 0.827520117152745 1.040137762060434 -0.084561783051393 0.844793669625060 0.178522503634144 
0.773952982867755 -1.409576997508337 -1.793266675027267 1.856444985055112 -1.587820039539307 -1.035403296962808 0.297928452305509 0.492795189080937 -1.195440877030722 -1.684443270005537 -1.872435037913093 1.724887203729316 1.267458186869016 -0.602329713761519 -0.176179849998809 -1.299288985760559 -1.960108962535518 2.316427658615533 -0.894254995497143 1.811306864510992 1.478924733474207 -0.630082539198769 0.871461235472208 -0.319855917713449 -0.606163189590185 
0.856833309779848 -1.520625630821494 -1.841827308007465 1.748072936491047 -1.260484987082615 -0.488915001017233 -0.392805501526647 1.186028251616952 -1.712045233891908 -1.852400236122878 -1.575287919365394 0.940849612721439 0.098380120855430 0.741330275233395 -1.463821011716606 -2.304448685897843 -1.905945550742326 -0.073156954430466 1.233979810973483 1.434958201270191 0.254847631930402 -1.095898029852798 0.441454524348115 -0.821548346866908 -0.381208959636479 
0.936008819374734 -1.612844437105820 -1.843096595508885 1.563010351421575 -0.850139299546547 0.098128384945412 -1.019225117313177 1.658106632555727 -1.837873468436119 -1.508764394923851 -0.761742907785790 -0.196785310025279 -1.096435160475576 1.705745924654716 -1.869449892818581 -1.548509486910237 -0.271255620665986 -1.975726679732098 1.777057958077187 -0.295541744744050 -0.954924189361645 -0.188657831950958 -0.454380580988996 -0.216564737673817 0.317512838851671 
1.011324150583266 -1.685500982770696 -1.797778708556883 1.310727059770554 -0.386715497493574 0.666216246031233 -1.497050041217630 1.828809262270987 -1.550893981130710 -0.755909198919488 0.291051350933351 -1.238893043345819 -1.774603252593714 1.767315486564457 -1.122011335497028 0.313900891739402 1.470496847854729 -1.849470612204146 0.560940441496873 -1.330740378214119 -0.876310247577556 0.736617402990758 -0.643548003974136 0.539350660978767 0.520376735893305 
1.082636127808354 -1.738089238872583 -1.707732791802826 1.003544734040316 0.096618717404614 1.158658671629736 -1.763518887891993 1.672535894800766 -0.921607192870784 0.193019896889515 1.231304776814877 -1.781475065030432 -1.634252990065934 0.876176760848501 0.318969174251016 1.830866828220091 1.905420452359056 -0.212257302648180 -0.945894714500684 -0.886171066186506 0.091559022868231 0.717256998529391 -0.069155286731555 0.590857922352550 0.081478427475228 
1.149813949161658 -1.770331705372805 -1.575909068317149 0.656045005798980 0.565817588069629 1.527216221212114 -1.785588308929212 1.221996925609956 -0.095879809865337 1.074375913154526 1.749916800234609 -1.620156682447697 -0.748744397037916 -0.488068095906982 1.546367182241137 1.941377300754286 0.825304824562096 1.311713008327080 -1.355822299323395 0.278447121956696 0.790271887199287 -0.018403264669559 0.498564232674838 0.020070826029030 -0.400151962130759 
1.212739343633553 -1.782179042873178 -1.406258842192631 0.284386250458352 0.988339510798059 1.736798900274366 -1.563970360901044 0.561530812037368 0.738772996950612 1.647140404916833 1.681828733304843 -0.827054887128475 0.468415457383704 -1.576918103754274 1.797241940814247 0.699223903244581 -0.779203101969077 1.543729949310629 -0.525113086224612 0.978993576621003 0.604477166808770 -0.623781709184857 0.472335811412351 -0.499112039000661 -0.403256041226038 
1.271306697070693 -1.773807249813062 -1.203621002704001 -0.094439347840252 1.335388734482800 1.768779200662228 -1.132523508620768 -0.188611303867574 1.395683679270005 1.758679504107880 1.058342495136779 0.279566194766437 1.455117830498691 -1.798192204207184 0.939955516848379 -0.910369564519135 -1.646626150536672 0.543673432090690 0.622636979976768 0.712203552162942 -0.125846567906381 -0.564843994104611 -0.027412113276255 -0.481977528571573 0.010017365499863 
1.325423146910809 -1.745612448633940 -0.973588174815254 -0.463374665355928 1.583863154630399 1.622609155083808 -0.553150027065076 -0.894098012982716 1.730695847162804 1.385264607216364 0.093898735125973 1.261835717557893 1.761037535817392 -1.047410142350588 -0.464377306819142 -1.767533628738734 -1.219066098091788 -0.716415199315398 1.085039656515199 -0.114516326252028 -0.641835981292245 -0.005120709515290 -0.450032175182937 -0.023180043229217 0.379862827610409 
1.375008645699432 -1.698203368966472 -0.722356117343256 -0.806058002533633 1.717877432620281 1.315605197489276 0.093040244312777 -1.430514213524507 1.673715769263031 0.636659779803993 -0.887437538792442 1.735548807263411 1.254814857818710 0.246522230196327 -1.541164645407129 -1.381372489339089 0.053465639184172 -1.257698216035693 0.594535650261180 -0.727433149156031 -0.516607789871276 0.494229050810679 -0.408867051993778 0.411361368234291 0.357452109376378 
1.419995993487702 -1.632391639223278 -0.456560332041893 -1.107541377501302 1.729762012199126 0.880949476828044 0.717044669802564 -1.705245649657013 1.243265069617894 -0.275957852843196 -1.560708803319864 1.521209753474175 0.180892161554728 1.374431736011115 -1.653544360944079 -0.127613191575039 1.171970463742418 -0.796901693967865 -0.316509079069822 -0.670243245452985 0.051373701713209 0.520556237962754 0.005309962241044 0.451167158443371 0.002821705251378 
1.460330839284394 -1.549180019857003 -0.183104106662633 -1.354935526784107 1.620476371782935 0.364133570557712 1.234188249212543 -1.673411975195871 0.541039218557241 -1.099438402930985 -1.707584536351229 0.712578700822199 -0.958956202706023 1.741412811389082 -0.774106852015427 1.102288522709249 1.360329589296231 0.186397050636847 -0.871138916294979 -0.086960052319944 0.520323627572073 0.112476779689165 0.385157629429001 0.107954887911795 -0.333625075654974 
1.495971651808279 -1.449748731753361 0.091017632338781 -1.537954077684103 1.399416341408620 -0.181777265166631 1.575577006470532 -1.345117364696828 -0.272021350779178 -1.608776876029607 -1.287084846427132 -0.363940541199912 -1.641204430352939 1.179379586451461 0.532786964885157 1.526746907815676 0.573946689668681 0.919023222936736 -0.679590708011273 0.500118788390536 0.506431373712592 -0.350620109300780 0.402644064749831 -0.297530444804145 -0.356310249878519 
1.526889659859046 -1.335440051578596 0.358894238680499 -1.649334207269567 1.083637606765142 -0.701568890705089 1.697240035653210 -0.782862438026992 -1.012539120034049 -1.668511525066563 -0.446588732003604 -1.281466106506195 -1.561522524442665 0.016063740586505 1.477399289120199 0.948622845208792 -0.555025254048742 0.914639438385875 0.026732543770301 0.642906383340601 0.069145991173531 -0.496749391156977 0.072275965376065 -0.434544973055058 -0.068090875138722 
1.553068762695836 -1.207741362217167 0.613870683997604 -1.685116887322382 0.696557684582051 -1.143439952428242 1.585751883544273 -0.089717583028619 -1.515985680674950 -1.268658625899477 0.529669614507825 -1.682353873417243 -0.769811101783851 -1.119744495440985 1.519311612451941 -0.186669760163047 -1.219040452282153 0.261683367317407 0.654057446233461 0.283559904382593 -0.396596900532502 -0.242895469026813 -0.303159609283314 -0.218874489385609 0.266558661624790 
1.574505410882011 -1.068266860568641 0.849710133900462 -1.644776265275421 0.266233936599310 -1.464142467796467 1.259621998983387 0.609517095388316 -1.673166773743646 -0.525666529809583 1.316645768054750 -1.417596474652032 0.359923079393727 -1.638514735342653 0.668553546171873 -1.128715114201611 -0.995750627787355 -0.516497157136276 0.730946398993322 -0.259626770631038 -0.511827065082260 0.181286853046258 -0.409619882578719 0.154229322916885 0.365228606374701 
1.591208458122768 -0.918738136797481 1.060743854508288 -1.531194554770547 -0.176656778964283 -1.633193334051503 0.766322744806381 1.190731246600118 -1.453830442438014 0.351378098167428 1.656615360169186 -0.601592123267361 1.306756432148566 -1.292120005756789 -0.547123180858083 -1.306617086040082 -0.096159668979900 -0.868619417963371 0.241653616366837 -0.569150873459522 -0.207365662971370 0.441020152666219 -0.174463052299819 0.388130558979642 0.157806791958435 
1.603198984688611 -0.760963848545745 1.242004906895442 -1.350485700100198 -0.600992278040921 -1.635748728291019 0.175421410617587 1.552484649561459 -0.912310853684324 1.119510538514520 1.443437848548974 0.437391705360443 1.642725300257790 -0.286507957022829 -1.409100898958731 -0.659014429641063 0.826391314298237 -0.587774265456423 -0.406587486064679 -0.437120905002050 0.251209751714964 0.353141705380452 0.195983528592182 0.315059104783347 -0.173880645206523 
1.610510093082186 -0.596818720553236 1.389342534596962 -1.111677731664087 -0.977379837605309 -1.473872657807101 -0.431195872734155 1.633664159709847 -0.174201269916771 1.569115106612611 0.755459666219577 1.289397739995293 1.225204965355439 0.841394743400654 -1.427545395969843 0.367704949446550 1.141350127167177 0.085214029830483 -0.716443587220301 0.008877011813661 0.494292441769286 0.004959886505201 0.398563227982193 0.007781334824299 -0.357127642917534 
1.613186676668590 -0.428222104535827 1.499514667430467 -0.826269854344586 -1.280180463236767 -1.166095108183119 -0.970639285096893 1.423752087385221 0.592702525734658 1.581036086389141 -0.173037908747338 1.624265393746385 0.256135631278966 1.508758653238848 -0.613330588204124 1.121865696338199 0.658458419317300 0.661874167309610 -0.469754189259459 0.425730394192274 0.338464972343531 -0.331414368950566 0.276297259767427 -0.292622597763047 -0.248530967172818 
1.611285162049704 -0.257116336030829 1.570256539797753 -0.507685644090265 -1.489244019022075 -0.745327604854275 -1.370310439079768 0.963990736578657 1.216482011836552 1.158039867571727 -1.031499886240729 1.319001342191406 -0.815543532499993 1.384073827372866 0.543542405649277 1.149897538007940 -0.267163399821518 0.750467770823472 0.128908209979793 0.512987683056693 -0.082818011354611 -0.408471625873796 -0.065981344480756 -0.363594162546720 0.058984997981369 
1.604873226021324 -0.085445124236423 1.600324038498352 -0.170648044984880 -1.591238558617662 -0.255367245189715 -1.577642534610110 0.339362403449133 1.559571934678085 0.422360324922048 -1.536821887189470 0.502283283133191 -1.501138637109854 0.547984014876037 1.365957938969022 0.459362763858737 -0.991925496357495 0.311471393242806 0.619876687327599 0.221809100312567 -0.433768726879039 -0.179986740292017 -0.352490792825806 -0.161503511444072 0.316834694750352 
1.594029488007667 0.084867792315906 1.589511038238229 0.169495017653907 -1.580486946736191 0.253641790873492 -1.566982792415865 -0.337069476975508 1.549035927294023 -0.419519144500591 -1.526559503704593 -0.499592527387661 -1.493989706919308 -0.557544453577100 1.380546125730905 -0.503507924018400 -1.021056462110936 -0.333546094879867 0.633009865176208 -0.223421923781275 -0.439006346559395 0.175525544477214 -0.355510651721312 0.155167597623541 0.319204173103468 
1.578843178921188 0.251939497050341 1.538640636311897 0.497463785484426 -1.459259240118003 0.730321008796315 -1.342720306429168 -0.944581546230487 1.191992761637120 -1.134727599014327 -1.011005122050481 -1.292678699389132 -0.805918272583348 -1.360410304997789 0.586077788587137 -1.136027091014655 -0.337854903991885 -0.731529346354863 0.159098428235361 -0.494526644233332 -0.094605089806283 0.392138400385861 -0.072791340387244 0.348477348712867 0.064360639085088 
1.559413787446305 0.413948034384632 1.449530845182791 0.798727525866438 -1.237507781130796 1.127225271217819 -0.938284650586289 -1.376293647433017 0.572948737815761 -1.528327670181660 -0.167494450652153 -1.569743030766826 0.241876982117871 -1.450824553166171 -0.549639603221207 -1.047464872701808 0.587199252961918 -0.607509475367170 -0.443908314848468 -0.395873087431156 0.329039508547213 0.311676764234577 0.270797518292129 0.276799847185277 -0.244097296006068 
1.535850684793610 0.569151627547454 1.324935927032872 1.060143002381651 -0.932070838511019 1.405547435213715 -0.411206660125501 -1.557931317462485 -0.166125650945117 -1.496361409984504 0.720425516807392 -1.228894832211802 1.167794569132415 -0.788138735535590 -1.360712365095405 -0.295225824101255 1.112143317029875 -0.050043466385732 -0.713883246368953 -0.002942834984212 0.494544375151315 -0.002393161871171 0.398555119466046 -0.002647745433878 -0.356929217750009 
1.508272729016261 0.715906778566057 1.168465142671377 1.270522731015324 -0.565407208944498 1.538895185134951 0.165034624718170 -1.460561167088136 -0.858295278233957 -1.053213649754769 1.358174216748513 -0.410908770214567 1.550264849169899 0.280672891383228 -1.368515195628486 0.650007481938052 0.859067943937059 0.548578330070657 -0.430329210130988 0.392297597285679 0.261263956274476 -0.312408775912486 0.201558183161023 -0.277145482428256 -0.178109152030176 
1.476807850022440 0.852685068138830 0.984481224445609 1.421108671747837 -0.163955964788076 1.515774205462035 0.711227655514559 -1.105123120161615 -1.349310221219018 -0.326115618264347 1.537775390802058 0.558393537981074 1.219436604284440 1.199588598120668 -0.562501997171612 1.190658987819624 -0.017478840220634 0.759594320640973 0.207583721573051 0.492173718054773 -0.195014694940794 -0.381963516155322 -0.167505655945303 -0.336775642505048 0.152286256100893 
1.441592616456909 0.978088489221926 0.777981356363421 1.505931515609327 0.243759643250941 1.340546025745898 1.153290275945269 -0.558064404941685 -1.531926957848932 0.481282272451672 1.205625067391403 1.297433792111583 0.333151582342532 1.489498952795897 0.586734663904324 0.972122200386442 -0.916087579024867 0.417811486608471 0.711378524450076 0.213902319735045 -0.506949609045492 -0.154336265498539 -0.406705105393723 -0.133725165729649 0.362619141806669 
1.402771785660759 1.090863165873556 0.554463843610753 1.522041059517005 0.629148876395530 1.032784473204001 1.432292019014866 0.081035173948420 -1.369275783412629 1.145872832210792 0.478307672326802 1.518862359313612 -0.697230174822814 0.996969001388617 1.396199093039010 0.113585291436321 -1.188389089406824 -0.248875286995884 0.665286156141760 -0.239102965330869 -0.403668297596224 0.197914548083021 -0.306738872951489 0.176071969763312 0.268946225037690 
1.360497837951333 1.189911328009117 0.319783969080718 1.469599069297898 0.965548893205109 0.625115870582185 1.512284380920178 0.697550478241419 -0.902194905034853 1.486680617707084 -0.398165925369888 1.141430695313978 -1.397132376328478 -0.022417114561851 1.372503550133110 -0.848289938545105 -0.598447685162204 -0.760480446902063 0.063437232528531 -0.516852479662216 0.055060464995214 0.396743616617475 0.064878306795657 0.346691310001019 -0.062479138996181 
1.314930496493906 1.274301433006120 0.080002759635382 1.351832246626804 1.230060223656980 0.159778742610516 1.384902075313949 1.182332487823603 -0.239099119440514 1.414088802030280 -1.131510081742075 0.320060965421722 -1.447691544429935 -1.032757045339928 0.514219057233050 -1.283784926542050 0.475195921331316 -0.718456061787449 -0.643112183134440 -0.385703027833053 0.496665221968072 0.273673712724762 0.397425414300492 0.234208767727725 -0.351922742366118 
1.266236234063056 1.343276346331684 -0.158767484890994 1.174849159300154 1.405096600850219 -0.315736070715457 1.070150572261649 1.450996519246905 0.469128455368732 0.953321906311187 -1.480609111950890 -0.617304535101486 -0.832090532550280 -1.496853444342579 -0.671214702381217 -0.875700142499231 1.263572368226028 -0.111260953228347 -0.864176045465167 0.074454655550597 0.523874222516418 -0.084315138180713 0.386690810884142 -0.078243282242190 -0.334132332457824 
1.214587768014644 1.396259515310453 -0.390517013570399 0.947330989560872 1.479544865782433 -0.753516533669616 0.613321235638924 1.458574940209474 1.063418758186077 0.236048494516415 -1.334746318365680 -1.300641455262722 0.158764107930518 -1.162716583268441 -1.460977688355250 0.148363174502681 1.142600940296465 0.635177458560562 -0.349496938635705 0.501858970607353 0.066736825272363 -0.383806308608679 0.012642694852941 -0.331406430635372 -0.002322629082237 
1.160163544808901 1.432859092565434 -0.609487974008345 0.680111439637761 1.449459083775198 -1.110041885376239 0.078502714043992 1.206996362087946 1.412194888184923 -0.537182066627754 -0.748572020771146 -1.464288042021715 1.063775630854454 -0.204556119274460 -1.357453648553477 1.125810172671585 0.123231385605745 0.935253370616645 0.541988711651077 0.521681471069296 -0.501932453454631 -0.355221244241487 -0.402014624413315 -0.297184953042961 0.351995960833355 
1.103147215441300 1.452869988303996 -0.810315623759249 0.385665870544693 1.318246352301073 -1.350494576244949 -0.460385736670206 0.744156060119572 1.440454750458008 -1.152962312254607 0.078179788013803 -1.050606676671064 1.467461760293682 0.863601749260097 -0.409013492779014 1.374541419144289 -1.080527260690176 0.488858190487652 1.053907789837450 0.069470749469861 -0.642006133056602 0.003616953825023 -0.450175683143417 0.013091422561094 0.379033144827383 
1.043727103150637 1.456273853241559 -0.988157983701397 0.077533538658976 1.096337664727919 -1.452145886928490 -0.929787826362557 0.154847501529549 1.145841586146963 -1.443863966671324 0.868720938392867 -0.230007349980376 1.191986595394407 1.463142952936718 0.800892262560739 0.667131943449542 -1.524688773026319 -0.426919072941215 0.644753792163942 -0.497910565020815 -0.143523024007445 0.384883850368609 -0.035057672135073 0.326457939257232 0.014834441650022 
0.982095664783007 1.443237016314447 -1.138810841530186 -0.230300521843566 0.800373100767194 -1.406487452980244 -1.266528152837096 -0.454736614415284 0.598272881007437 -1.333882314860997 1.361778786033125 0.669607169208347 0.375264988540098 1.268987983810841 1.510754869706162 -0.560364576130639 -0.766724359974873 -1.088449059615000 -0.456974794098938 -0.651919875310064 0.583727712031487 0.413108620214176 0.464275398704662 0.331879456015868 -0.397207548280572 
0.918448947196208 1.414106423194103 -1.258805414326462 -0.524035949754069 0.451964049006855 -1.219910518194584 -1.426293100684690 -0.976107257660561 -0.076586703451767 -0.858182908402074 1.397771437597402 1.294439702196068 -0.599412999468857 0.392345485074252 1.270286931033343 -1.453495683455638 0.694200886374455 -0.866406209404562 -1.292539474960827 -0.166122320994454 0.788011812063903 0.010355756490916 0.498812195625843 -0.010430452978254 -0.399039629585675 
0.852986040091435 1.369403642748069 -1.345486442026426 -0.790671608637835 0.076123837956935 -0.912882589802565 -1.389439116458265 -1.317755505431474 -0.726117178854597 -0.152067094641472 0.970277796176426 1.403995883894557 -1.285141975880879 -0.680949492099890 0.240274192154206 -1.328037016861323 1.697485075078708 0.188553564703821 -0.948691777578429 0.577962551753601 0.115500048363821 -0.451744826714272 -0.059635144171748 -0.369609440120328 0.076074650120184 
0.785908526658085 1.309817028779612 -1.397068996408622 -1.018577052472311 -0.300519874556711 -0.517722263483432 -1.163370206157569 -1.421183097488548 -1.205215088836662 0.587424723032138 0.226341643597789 0.962836123405314 -1.376079402627092 -1.365931055558388 -0.912128975318555 -0.210256095255068 1.330875173470764 1.232615887678145 0.475143271055009 0.821561453003311 -0.846146007020306 -0.448821138123087 -0.634827345173604 -0.330453493308225 0.514161470227417 
0.717419933412974 1.236192143410424 -1.412672839671444 -1.197995957975833 -0.651603774503217 -0.075212175256073 -0.781202486945005 -1.270884168291259 -1.408668990633671 1.156410610791043 -0.583872600374325 0.150499902629671 -0.840733166011593 -1.307067414581167 -1.462679240097615 1.105603716472985 -0.212061889003863 1.242904065263291 1.668249360815659 0.155578681471877 -0.953783340436888 0.116349746831531 -0.458202176411801 0.126949630091812 0.318111335567560 
0.647725180607389 1.149520566156701 -1.392333738791323 -1.321459898418845 -0.952866627141653 0.369596459128673 -0.296942261759929 -0.896580918380773 -1.294222133424172 1.400319113608087 -1.191012114620364 -0.711571163421268 0.071126412760415 -0.564133854963276 -1.106684482106449 1.614985810047840 -1.645914946578777 -0.000056188376072 1.207641681402919 -0.866831086158100 0.213869278222387 0.636333054782618 0.427288338017215 0.474542690662923 -0.373828428861407 
0.577030034564129 1.050927228911519 -1.336991722209647 -1.384095077615073 -1.183818491018128 0.771957487664857 0.222124168581817 -0.367409416638831 -0.891274363364171 1.255859215970151 -1.396099834175649 -1.285915171307711 0.943427270309795 0.447621751303451 -0.118787691113259 0.908594128915525 -1.669717545894180 -1.449129399888288 -0.780415362524217 -1.033084477573972 1.433909020409768 0.349547749073641 0.865952707359136 0.180713612172620 -0.601894099666219 
0.505540563292157 0.941656431527220 -1.248456839531794 -1.383809609760343 -1.329127065019506 1.091918630513833 0.704759584621714 0.220817416792294 -0.293449865120529 0.767391492092868 -1.135923935723501 -1.349714538376135 1.378057914714066 1.203598217732465 0.889691418866077 -0.450856200893146 -0.239646726148002 -1.569238988647602 -2.218536505961553 0.192846788156399 0.842910689975306 -0.578413870258220 -0.068294633259466 -0.461481723160018 0.172276521983165 
0.433462596708656 0.823056705351368 -1.129353538680261 -1.321354392125346 -1.379627860964902 1.298276391518333 1.085533145410616 0.762928623718952 0.363110582778826 0.073431172816176 -0.502433931767080 -0.881850174058264 1.174537357895030 1.334155047226999 1.368093448780477 -1.396411820573527 1.306639699817877 0.020891827074204 -1.116060789803732 1.538106058840190 -1.381377342640909 -0.800134510353575 -1.218812993086822 -0.416359511069730 0.809233709370996 
0.361001192777298 0.696564702790488 -0.983045294827905 -1.200256325288046 -1.332892179131173 1.371606768668496 1.313672096862036 1.163170603697107 0.930707726435428 -0.632642834276103 0.289982404812092 -0.072238660647701 0.430067349300686 0.774628896678891 1.067558706650643 -1.295472012243780 1.627850731184491 1.733152260986595 1.587246352335030 0.902066093204029 -2.025789808549501 0.480867676048790 -0.230492076098887 0.502369557680412 -0.157566886486045 
0.288360110847350 0.563688299660899 -0.813541598931124 -1.026628333445373 -1.193318427454642 1.306078618735919 1.359812908036857 1.352092973365303 1.283268807088520 -1.156430517441505 0.977243513277861 0.754837760429021 -0.500116465978705 -0.206606415126615 0.108817534390291 -0.387096447937628 0.727078482451638 1.553132034018015 2.413889848403348 -1.499989335198930 0.983113955622972 1.334185487010269 1.884405693830011 0.537321624331435 -1.084360989012360 
0.215741293451156 0.425989103661947 -0.625389829551953 -0.808866072500498 -0.971745923622276 1.109881926040506 1.219756685700031 1.298572292789560 1.344320930215698 -1.355863020225799 1.332939130549486 1.275028826760702 -1.184487721353488 -1.083008325268477 -0.959476722788840 0.711599384005603 -0.534828253459176 -0.266347101176580 0.173965617254557 -1.955518367407149 3.134711747082384 -0.784623362714884 -0.038957849629393 -0.990091369151763 0.938689912939962 
0.143344357787305 0.285064566723374 -0.423554880212454 -0.557246147664787 -0.684623593599973 0.804243980628501 0.914751961428091 1.014895476070895 1.103539921217169 -1.179674190058685 1.242447391297999 1.291462469691409 -1.325857035464763 -1.347280538895337 -1.379532528431838 1.441707410097953 -1.563139374115389 -1.482842290297711 -1.794961782504309 1.150077016828677 -0.844800826380798 -2.058503039879055 -3.370223110488674 0.195885301014617 0.525700675123006 
0.071366098083830 0.142529901208960 -0.213289687843756 -0.283444881685172 -0.352796620214177 0.421148318398519 0.488306225813150 0.554079969509541 0.618283205681781 -0.680734812945959 0.741245822016578 0.799665041554528 -0.856498115709830 -0.914637486151094 -0.980297986904902 1.085585260385766 -1.301673082316624 -1.460877347778973 -1.905090172365792 2.125869543668216 -3.133254900497488 2.954897225991705 3.781332569170546 1.326940959925688 -2.659225734299980 
0.000000000000000 0.000000000000000 0.000000000000000 0.000000000000000 0.000000000000000 0.000000000000000 0.000000000000000 0.000000000000000 0.000000000000000 0.000000000000000 0.000000000000000 0.000000000000000 0.000000000000000 0.000000000000000 0.000000000000000 0.000000000000000 0.000000000000000 0.000000000000000 0.000000000000000 0.000000000000000 0.000000000000000 0.000000000000000 0.000000000000000 0.000000000000000 0.000000000000000 
******************************************
ASBF PLOT NODES
60 1
1.000000000000000 
1.008474576271186 
1.016949152542373 
1.025423728813559 
1.033898305084746 
1.042372881355932 
1.050847457627119 
1.059322033898305 
1.067796610169492 
1.076271186440678 
1.084745762711864 
1.093220338983051 
1.101694915254237 
1.110169491525424 
1.118644067796610 
1.127118644067797 
1.135593220338983 
1.144067796610170 
1.152542372881356 
1.161016949152542 
1.169491525423729 
1.177966101694915 
1.186440677966102 
1.194915254237288 
1.203389830508474 
1.211864406779661 
1.220338983050848 
1.228813559322034 
1.237288135593220 
1.245762711864407 
1.254237288135593 
1.262711864406780 
1.271186440677966 
1.279661016949152 
1.288135593220339 
1.296610169491526 
1.305084745762712 
1.313559322033898 
1.322033898305085 
1.330508474576271 
1.338983050847458 
1.347457627118644 
1.355932203389830 
1.364406779661017 
1.372881355932203 
1.381355932203390 
1.389830508474576 
1.398305084745763 
1.406779661016949 
1.415254237288136 
1.423728813559322 
1.432203389830508 
1.440677966101695 
1.449152542372881 
1.457627118644068 
1.466101694915254 
1.474576271186441 
1.483050847457627 
1.491525423728814 
1.500000000000000 
