******************************************
ASBF EIGENVALUES
10 1
61.799288466094112 
241.918631654541429 
542.089171880811136 
962.350069476067802 
1503.105883664771227 
2204.563186357485392 
3062.809194071179718 
5054.220482961872221 
9048.125895502525964 
19674.902978572921711 
******************************************
ASBF QUADRATURE VANDERMONDE
14 10
-0.058941617728927 0.117626953786683 -0.176450456767990 -0.237643308245757 -0.295141471390117 -0.298502152621329 0.347522592224296 0.684223703852240 -3.406709156873038 -1.194261007579942 
-0.302233321107974 0.597661605884890 -0.881977430479181 -1.147808934299422 -1.391250674623381 -1.790535200439757 2.408011659652001 2.022407086268771 -4.836375444826436 -1.048839419750402 
-0.701463891845846 1.325810167390523 -1.809702746375763 -2.101576907563077 -2.177902668734404 -2.110148684429018 1.709063561198950 0.190463290960874 2.077068847500404 0.963000409763401 
-1.180275120243580 1.966607312936672 -2.104451640487496 -1.550443327343828 -0.463657290281208 1.001833102475321 -2.132057122229928 -1.228165925311192 0.231917485637307 -0.608442361609370 
-1.627463357353802 2.053690862384922 -0.971157828340670 0.831862264931460 2.004094001842003 1.466060496441503 0.241963390623354 0.947635728785261 -0.977024288413368 0.264283515712435 
-1.928223008319395 1.328423058476788 1.008150512158585 2.021005404347582 0.392638928738891 -1.550916952156050 1.223008787793893 -0.258050429853560 1.027861087224834 0.086233675986877 
-2.008295432659861 0.040684796285123 2.007289009149012 0.089637955639402 -1.988503343960351 -0.237001842087727 -1.602083821630688 -0.510246638151312 -0.783328364369488 -0.435209261819187 
-1.861837334306958 -1.188896012960129 1.106787190795535 -1.890355673131835 0.067140963472890 1.779922911574708 0.853579141704361 1.196024268434571 0.381615771443435 0.746210463289715 
-1.545409847301676 -1.843781022963210 -0.647955840921872 -1.076165496218485 1.952421783550199 -0.991794118399336 0.787372333475909 -1.436525370924282 0.135539303833323 -0.951855745211372 
-1.146429833362846 -1.825208474090263 -1.751974602181615 0.961833310878546 0.216006452367997 -1.612140570252864 -1.951212706641877 0.421421708452639 -0.744430016217239 0.907330499476582 
-0.748697019242982 -1.373168035232500 -1.764243935443732 1.853894691102108 -1.631605436898571 1.236251369332439 0.291992261362837 2.242306440417128 1.203479580386696 -0.205536168516851 
-0.412009251408317 -0.804572619637558 -1.155700814430527 1.448244854164374 -1.666671572577486 1.921321781784469 1.992975622280050 -2.800353318509132 -0.464244087524353 -2.141809899834929 
-0.168910981484707 -0.337029266140008 -0.502014151781610 0.663575839221475 -0.827325728574676 0.995758090776797 1.127656236853603 -2.885830862765512 -1.798313149558000 5.169206851906777 
-0.032104898827659 -0.064324911680653 -0.096602802448504 0.127726000490358 -0.154253574995212 0.250588366928817 0.276382634941805 -0.272293351093377 -0.469189961742577 3.662501687317885 
******************************************
ASBF QUADRATURE NODES
14 1
1.003429047825797 
1.017891279084107 
1.043199671232559 
1.078176773797079 
1.121187840910461 
1.170221907768028 
1.222986262823164 
1.277013737176836 
1.329778092231972 
1.378812159089539 
1.421823226202921 
1.456800328767441 
1.482108720915893 
1.496570952174203 
******************************************
ASBF QUADRATURE WEIGHTS
14 1
0.008840181474378 
0.020763001752238 
0.033061118664554 
0.045685801041091 
0.058308325351607 
0.070250684826026 
0.080492288801879 
0.087761140253287 
0.090713612281797 
0.088182827318040 
0.079449745229138 
0.064473719126564 
0.044019740604384 
0.019664479941684 
******************************************
ASBF GLL VANDERMONDE
10 10
0.000000000000000 0.000000000000000 0.000000000000000 0.000000000000000 0.000000000000000 0.000000000000000 0.000000000000000 0.000000000000000 0.000000000000000 0.000000000000000 
-0.338799927469753 0.668307288017371 -0.982059778285969 -1.269845442490661 -1.528602529413362 -1.968340519860643 2.610290210368171 2.014289708627328 -4.179381927767383 -0.750686046379385 
-1.015153070999578 1.787890869414506 -2.141083757512680 -1.995933594414942 -1.367703615768003 -0.176710287401318 -1.218624260930776 -1.296480035306321 1.757999292770688 -0.046637103877607 
-1.702070419066092 1.974338415815896 -0.594815824001455 1.288042042457115 2.066643294530426 0.894968387617514 0.989773882381182 1.088251427272059 -0.409308266741495 0.535270639281198 
-2.010141099167604 0.406505378745912 1.926297671670479 0.800326973999657 -1.733821562439571 -1.078250146561095 -1.219375331208172 -0.975094002744605 -0.357270553217742 -0.677438351299649 
-1.790666328863979 -1.432097840381187 0.650155933705983 -1.951406259870925 0.888258353988463 1.368527532061709 1.516139770088831 0.743736505650974 0.761600905956430 0.410195586977359 
-1.227984241755249 -1.873782637896697 -1.623723818635932 0.601741064834277 0.708997577058871 -1.932699787856305 -1.753124341167806 -0.454270356910226 -0.922175023050575 0.334800032944236 
-0.625355011103930 -1.179376934188751 -1.594134872436816 1.818339148682709 -1.822309750887319 1.827544111320094 1.273391515065477 0.810197943793063 1.114727951004445 -1.773314533406821 
-0.190132594084487 -0.378935752907073 -0.563320574774652 0.742875657378703 -0.923812534507035 1.094398437478413 1.242559924559465 -3.203787775824151 -1.844941937023693 4.465311101717147 
0.000000000000000 0.000000000000000 0.000000000000000 0.000000000000000 0.000000000000000 0.000000000000000 0.000000000000000 0.000000000000000 0.000000000000000 0.000000000000000 
******************************************
ASBF GLL NODES
10 1
1.000000000000000 
1.020116522958386 
1.065306533723624 
1.130518762547389 
1.208680260583403 
1.291319739416597 
1.369481237452611 
1.434693466276376 
1.479883477041615 
1.500000000000000 
******************************************
ASBF PLOT VANDERMONDE
23 10
0.000000000000000 0.000000000000000 0.000000000000000 0.000000000000000 0.000000000000000 0.000000000000000 0.000000000000000 0.000000000000000 0.000000000000000 0.000000000000000 
-0.381373251269992 0.749820455270170 -1.095708050033323 -1.405195524779068 -1.675610674607304 -2.143066333931253 2.778339371815919 1.945787004120803 -3.323518572836326 -0.399640478434501 
-0.735080421009161 1.381251204948038 -1.865927050798737 -2.132891334839593 -2.155996352355203 -1.970625901316911 1.413598112267444 -0.033608878960611 2.316352918886566 0.932510701958584 
-1.053213389289309 1.833840984115866 -2.147405765894310 -1.917965400412614 -1.182910682683795 0.106809737686054 -1.501418383217678 -1.340850859741307 1.434920261908101 -0.203219863493311 
-1.329892900808193 2.073862444901206 -1.912076780671628 -0.913297005473645 0.500969122601990 1.774532890523208 -2.106135867190536 -0.636986526805567 -0.990073760644910 -0.710870622484794 
-1.561127977282295 2.093742936378947 -1.254290851732382 0.414158347585533 1.800272846930339 1.802050252252121 -0.448341126805125 0.674434085227355 -1.319031174720946 -0.021137488102599 
-1.744639605264961 1.908794884803389 -0.350259305449314 1.528652348100619 1.999737938418702 0.484819177895167 1.350085396491230 1.060649716488166 -0.033738567832129 0.633966470506711 
-1.879663168827469 1.552239019984768 0.592305673061988 2.040530526625321 1.086376310973740 -1.054790900471424 1.669339777535015 0.289615806293550 0.978900541650617 0.430515864176650 
-1.966741168955841 1.069405181565952 1.381193972194495 1.818740385194872 -0.369477264863417 -1.769815171480638 0.491605818164221 -0.748175522411705 0.771596711280672 -0.297326698460871 
-2.007515229554029 0.511845841833751 1.874964534069311 0.992958819900470 -1.589382701237747 -1.277595255472455 -1.016716041950001 -1.039482643517693 -0.186848428119476 -0.689470947980976 
-2.004524206625627 -0.068073279078883 2.002462020818779 -0.126802998540489 -1.986962565720555 0.037696305107977 -1.609176706247615 -0.316070259934001 -0.844947295246289 -0.313226820237761 
-1.961013365371935 -0.621716255043547 1.766240787775428 -1.170596214286938 -1.416163871370024 1.334296238814946 -0.867627284930068 0.778476143082577 -0.607704991428881 0.444965785727880 
-1.880758042253134 -1.107630215239706 1.232340754473011 -1.826776810363285 -0.190742040905699 1.816513604500250 0.591557996633090 1.239000628551444 0.225464222536645 0.779517940155870 
-1.767903937990112 -1.493831333326585 0.510655278475419 -1.925916267931699 1.099233035156411 1.175889071884864 1.624567974901557 0.536745254769768 0.814436654313035 0.260532739814254 
-1.626825165334497 -1.758964699650062 -0.269085507262221 -1.473129018264998 1.872973972464647 -0.235610166617588 1.397706791986940 -0.855522235155092 0.557617955085706 -0.661937553148691 
-1.462000374320364 -1.892466269079491 -0.980856197189018 -0.627529804652380 1.816049575950398 -1.585788907514164 0.012639554066349 -1.690226763517674 -0.329019824832635 -0.954642088945909 
-1.277906669568416 -1.893909317389701 -1.521502865127819 0.358621419810544 0.999051558449969 -2.025525244255314 -1.503588550076287 -0.918161651496353 -0.928564395031211 -0.032871213514247 
-1.078930590797009 -1.771741216798973 -1.823155400749369 1.219210066506878 -0.188178341058700 -1.216745482572299 -1.908671918991156 1.166142373707410 -0.460858560586107 1.267070057789128 
-0.869295120577919 -1.541613913097852 -1.858263252421899 1.746974170939329 -1.245776062008505 0.380252770373340 -0.752992994694123 2.607683760299575 0.749652578555591 1.011879011165578 
-0.653001483951266 -1.224491431779624 -1.638219443510132 1.838544993762432 -1.797867498521045 1.727055573289415 1.077093690531854 1.212749619176431 1.192580471011389 -1.437811770262381 
-0.433784383995071 -0.844691360003657 -1.207460590695659 1.501897202702634 -1.709396181602731 1.963752191904122 1.992712465330648 -2.473141387312736 -0.251618504194102 -2.387660038432192 
-0.215079246862159 -0.427998968651037 -0.634609847506773 0.834062739541828 -1.032495767105615 1.207988514944490 1.372814768089828 -3.498876719144683 -1.844445263635223 3.551355089227823 
0.000000000000000 0.000000000000000 0.000000000000000 0.000000000000000 0.000000000000000 0.000000000000000 0.000000000000000 0.000000000000000 0.000000000000000 0.000000000000000 
******************************************
ASBF PLOT NODES
23 1
1.000000000000000 
1.022727272727273 
1.045454545454545 
1.068181818181818 
1.090909090909091 
1.113636363636364 
1.136363636363636 
1.159090909090909 
1.181818181818182 
1.204545454545455 
1.227272727272727 
1.250000000000000 
1.272727272727273 
1.295454545454545 
1.318181818181818 
1.340909090909091 
1.363636363636364 
1.386363636363636 
1.409090909090909 
1.431818181818182 
1.454545454545455 
1.477272727272727 
1.500000000000000 
******************************************
ASBF GLL DERIVATIVE VANDERMONDE
10 10
-17.249907444711784 34.437424781504546 -51.719966344980648 -70.209339941382410 -87.432131987556346 -73.862374774266229 66.823611631918936 216.949231038550920 -1274.723555615395071 -472.524774865972290 
-16.375549064239419 31.511981036604084 -44.330882405495807 -53.502565995784522 -59.311419442900132 -74.152628806965794 78.946324559553375 -14.492396078404909 313.797152262434565 135.586121262559459 
-13.351707180108225 16.573835315889088 -3.674588153728862 24.759732936638613 61.947476236076099 99.563680196259156 -105.396171578829822 -21.842322808746744 -107.382823441683286 -56.506188405691645 
-7.557939339854311 -10.198826891936513 41.425620840436970 44.413555991290416 -4.576080980554842 -67.714435619126192 69.858067834340545 2.804643048565637 64.547673125625863 22.052246118584421 
-0.461109727024110 -25.539850953226672 10.910046709298925 -47.601976943732396 -31.304787285839961 51.297631129015002 -44.589845498737347 19.817405425814577 -39.346939908545394 6.273704599309823 
5.389906318320083 -15.410336803257781 -33.442339287827402 3.862506762555619 52.933951034340936 -43.017591116301702 31.351505033187188 -46.535849024337296 16.309135990875241 -33.920356717664404 
8.621181135079841 4.133462227364811 -16.074627901480167 40.616876743450732 -51.271132437579666 23.232690397766703 -35.033597584142605 86.323652631271102 7.997699955817012 63.918529919322197 
9.622440373642515 15.859227169066848 15.910288880277474 -8.224847963334980 -6.673208464768919 31.489581644387101 65.122063982106781 -146.917923997896281 -33.094134836789337 -111.881118845995303 
9.545557581397592 18.816172111948880 27.444715485416918 -35.327227963930284 42.598297460187560 -43.949081092127841 -50.908409239771629 129.691514822170404 11.022988086552004 335.670349168374742 
9.341710714913509 18.719531080658239 28.139887376375029 -37.029073519457327 43.454735742276725 -81.400695494649497 -89.978514565758559 22.348806826498560 134.007369282198340 -1372.680349350255483 
******************************************
ASBF QUADRATURE DERIVATIVE VANDERMONDE
14 10
-17.126100815357944 34.153210935938361 -51.146392332716665 -68.352731320769294 -84.640715560910763 -97.818069311312158 129.082987024423744 180.863417125929573 -737.951085664023594 -237.470368928976768 
-16.489054421772227 31.977349961163952 -45.603588752704546 -56.146206569221633 -64.067754015747823 -85.430944783806439 102.548069186646615 7.561168057780549 273.337773498595652 131.042196980844039 
-14.985400124101396 24.975525272157682 -26.012318857018627 -16.019423426060584 6.289586120084266 57.117622992798061 -126.986933611144707 -101.130135801175328 123.539814993773518 -6.894836795127105 
-12.296985522843757 11.160597258262158 9.225669557390283 43.494414806260544 75.778987713225646 79.223645779420693 -34.022146874309428 29.816225571500318 -116.692386492742315 -27.062285390398671 
-8.432571631143599 -6.767019841341892 38.975764297291192 52.877061985407636 18.024240787877464 -53.146008247219790 88.340437774202883 27.170697921100881 54.445998496580046 34.972329488528871 
-3.849702238486647 -21.294628616586099 35.081174660315767 -9.690957734593086 -65.502867691602901 -32.714666810157254 -53.737861791491220 -47.863131801948384 -9.636565877437597 -33.783421164239329 
0.709653869633995 -25.459867066183783 0.423025426429529 -50.637198015183358 -3.865734415443367 63.684313473492061 -7.618552741922035 43.098639331635241 -18.323581908354967 26.318558333448351 
4.547151536946758 -18.527645428197690 -30.010283298469254 -12.421595251559452 60.081628201180038 -13.403051345667787 58.627931826664565 -15.235057728731839 34.850296671246106 -11.636682236900114 
7.270188828443398 -5.814300530260274 -31.452641234196051 37.810643958667399 -3.043761200575020 -60.837758501608100 -63.338670208029789 -38.352110979371858 -40.997486423758183 -13.676335315755409 
8.854042608927957 6.258637830115594 -11.379068514244718 36.298297125752953 -53.739880248755867 44.916494749359650 -6.707860821917741 98.819310898883458 29.806239466118292 56.056512327738574 
9.536012855034585 14.196014596440129 10.394852256217344 2.807113934182965 -22.859644315874263 58.793735795031338 83.369241774392890 -71.006696910007292 17.612646968030177 -118.225370876444742 
9.655268898256912 17.868726363853963 23.255723033628186 -24.508345413679486 20.232846654790670 -21.035896500380687 -3.577129664961348 -138.266383997540231 -94.691667110776052 127.449648617966460 
9.527755240076356 18.846705823725120 27.650440520462311 -35.930883837941217 44.089371962894106 -44.722748454738024 -52.316631737043707 155.490304056432990 31.014990804665729 293.371398935267962 
9.383105140429230 18.794226683745002 28.193601757451525 -37.413067768964666 46.212104326983678 -65.867014156582201 -72.719527162652753 127.049356464819141 136.407900538193587 -791.625862082023559 
******************************************
ASBF PLOT DERIVATIVE VANDERMONDE
23 10
-17.249907444711784 34.437424781504546 -51.719966344980648 -70.209339941382410 -87.432131987556346 -73.862374774266229 66.823611631918936 216.949231038550920 -1274.723555615395071 -472.524774865972290 
-16.237440501184107 30.925025471876786 -42.708106294194039 -50.137564486514293 -53.217146069264203 -59.486429032940549 49.610891659797574 -37.436144517871924 338.089437331742602 131.934672887253100 
-14.830863649211439 24.195353402946406 -23.849270006164090 -11.749092564079803 13.120641105666550 66.455907842637345 -134.641787052569867 -97.346945898353397 88.922928536194206 -19.861387641153833 
-13.121827976221994 15.385740978162914 -0.726755752672915 29.433099806304725 66.460573928023891 97.390279326678808 -91.062175751180462 -9.084148484619853 -116.575937720368444 -52.122034918107744 
-11.196832667604951 5.683117682778938 20.712167332762959 55.356280431500977 73.104807720113641 40.168917312539691 35.538677550652750 58.512151428826229 -69.432433101173586 10.217576025153804 
-9.135287381953953 -3.817600279042544 35.842470182356394 57.366467784198107 35.753526469039571 -34.970724054258156 92.697669091199643 44.587876513911290 34.400770879128316 39.569104890439462 
-7.008281639402109 -12.209879458341447 42.153744081114709 37.768682445872365 -18.186338972322492 -72.000451378168975 52.896853285789980 -12.071614191992367 63.031457256546759 11.530986925731199 
-4.877923531922358 -18.830241880327286 39.356162574267607 6.317271701618578 -57.705914410903802 -55.359224261740344 -24.525596042886043 -48.406720557653379 18.868973492396563 -26.389685129261714 
-2.797127622741167 -23.277076948785570 29.014440959509528 -24.820169221770662 -64.387900230436728 -4.691245704716387 -69.652067768586690 -34.789933285992149 -32.932738990551371 -30.553855841990313 
-0.809748277199674 -25.400775051695774 13.913325444101364 -45.482320703361921 -38.473558086113975 44.937953794395384 -53.218660705524435 11.243767177690749 -42.847788007237426 -0.471445711758776 
1.049030148464506 -25.272904107118556 -2.666854830165510 -50.253594834977065 4.568648934016482 64.236881076982456 4.298906757992778 47.243266739596763 -10.362042818936779 30.405639112697955 
2.752120848812704 -23.142018539676371 -17.621380965354142 -39.251461191772307 43.214801776848986 43.682574773645236 56.021029520885392 41.022092872561288 28.740293524781634 29.744276318375540 
4.279841651615087 -19.383025337061888 -28.537801836254218 -17.226153248474290 60.071096159321613 -3.646097111172018 63.323097575442780 -4.809863774228653 37.773431083929090 -3.887129547585303 
5.619151887982373 -14.445971282842500 -34.001483399055360 8.447913590886824 48.986778177563295 -50.008160280962457 20.960756058223204 -53.357338739417926 9.161530701951882 -38.261896928988392 
6.762858956887337 -8.808796576254252 -33.677210102099401 30.183493726603885 16.704306461231678 -67.737334211135277 -40.180661165679439 -59.237352707233597 -30.097925860194955 -34.494113215643040 
7.708825381256221 -2.937160211569989 -28.192983629279468 42.318437351175945 -21.143330626336279 -44.430178219801363 -73.609098115458323 -5.568985352372160 -40.523087193150403 13.882035822684358 
8.459199282134351 2.746980921144978 -18.882628534808269 42.455707504514734 -47.726879977682792 8.454709519354751 -49.882799408049998 71.695549724420658 -5.688163699004775 60.973462999007097 
9.019684573527094 7.887626855637050 -7.461985480635811 31.721984978625805 -52.895283788474309 59.188824967235355 18.019381550819716 96.352278807086449 44.629643988938085 37.388820321285920 
9.398861811347867 12.208389347656151 4.284421830708197 13.958483908696643 -37.322510389881799 73.131984822048537 76.723316601034000 11.971584636099578 49.617948137577045 -67.358753259710880 
9.607566523428890 15.518662559483523 14.747092920087837 -5.822248533203975 -10.328659010704882 38.356824785381065 71.241616277992790 -132.715556742210140 -21.065758031157515 -120.681899661019827 
9.658329011729947 17.713409441245496 22.647820831806559 -23.069721383083447 17.654389080578866 -16.539041246412452 3.847643615998493 -151.439287320390207 -93.609913228494563 90.876062404587486 
9.564878060674538 18.766944195455878 27.159444813420052 -34.508416165307843 40.623012079004724 -43.052050829708591 -48.768470894615803 95.890360569006020 -11.113434815897165 360.457636005336326 
9.341710714913509 18.719531080658239 28.139887376375029 -37.029073519457327 43.454735742276725 -81.400695494649497 -89.978514565758559 22.348806826498560 134.007369282198340 -1372.680349350255483 
