******************************************
ASBF EIGENVALUES
19 1
39.478417604357254 
157.913670417428847 
355.305758439218096 
631.654681669717775 
986.960440108951275 
1421.223033805254090 
1934.442466055545310 
2526.620313811450615 
3197.769101087847048 
3949.412383917775969 
4782.760496298785256 
5798.063868795532471 
6898.098129936618534 
9171.494279649927194 
11019.136981567573457 
18886.527326634080964 
22978.491022421065281 
71818.586353632912505 
88038.268130078184186 
******************************************
ASBF QUADRATURE VANDERMONDE
23 19
-0.016410973780993 0.032820839700473 -0.049228489970860 -0.065632816487626 -0.082032727851063 0.098428552249211 -0.114811965325418 -0.130941669716646 -0.147460284194159 -0.171748869844150 -0.186395399582150 -0.168259137855616 -0.190126377852797 0.566349571694812 -0.495047931276391 -0.459592252902153 -0.438389656841171 -5.606052485793739 4.309882405932484 
-0.085645724432772 0.171132154280881 -0.256300291236538 -0.340991729544774 -0.425048931953623 0.508313839959321 -0.590639143057131 -0.672171240062944 -0.752054490670166 -0.824380296516764 -0.901166755938580 -1.169680651357101 -1.210378751202655 1.716492223391419 -1.584765135820790 -4.797018085852049 -3.909536317274966 -6.572455759874028 4.043143584873505 
-0.206724558719291 0.411159542091920 -0.611040732934645 -0.804154349145550 -0.988361572309236 1.161623478510298 -1.322018233194367 -1.467549382848549 -1.596882058722720 -1.721897006327520 -1.817005289165874 -2.039295709666389 -2.000923033625873 3.336123742267278 -2.847003305390616 -3.024322042155788 -1.409205421768089 3.456418138577018 -2.654592384223584 
-0.373278338874433 0.732609930939862 -1.064569119754065 -1.356752960231601 -1.598244634799032 1.780021102884566 -1.895285059495885 -1.939806972530079 -1.912329952750992 -1.816087662448544 -1.634566453933356 -1.562597178845994 -1.222219792580847 0.474237787912263 0.516008672620704 3.632934296181918 2.637202471955282 -0.713688076485535 1.134678697072212 
-0.575346018157858 1.097071281677235 -1.516552350992353 -1.794694680278951 -1.905576101154788 1.838861602796827 -1.600784516097199 -1.213707822101696 -0.712306125617703 -0.139993136765292 0.425789543490620 1.115600127480913 1.689168441322203 -3.083599411966506 2.052724524244794 -1.008856503099884 -1.458623894722236 -0.332865559882616 -0.429762849646837 
-0.799153701048707 1.444757619457778 -1.812765102856975 -1.832467012750946 -1.500077856978066 0.879465586415316 -0.089850422793832 0.717481212655715 1.385185504395622 1.780833029793321 1.862809957953909 1.769041889467557 0.790848311237355 1.574404513310081 -1.875407879691663 -0.515856436887347 0.483946713415981 0.677395513248382 0.082303827506815 
-1.027470332146966 1.698893365630152 -1.781602180685073 -1.246935853363339 -0.280171215554094 -0.783684259861368 1.575945742968450 1.821435294411581 1.437744031301881 0.576398672087083 -0.537778630836491 -1.849059573177863 -1.913618531828264 0.344619070562706 0.814783276074890 0.948389194418915 0.018887302466549 -0.739847969128674 0.116184010357429 
-1.240797524371421 1.780745765616305 -1.314861573485030 -0.106293926094321 1.162312493312375 -1.774396822576011 1.384257926325870 0.213043403053413 -1.080304091554250 -1.797330097933904 -1.445134879691609 0.096039688956648 1.312185683662392 -1.165958318452669 -0.010177154322807 -0.909191325413453 -0.262785331715324 0.669159427704718 -0.241252778444001 
-1.419403271761145 1.633426761296574 -0.460318325056139 1.103699736314383 1.730438505850282 -0.887665263578652 -0.708942014148850 -1.704315005826293 -1.251374964679401 0.299286219073502 1.573402597951701 1.240102563120188 -0.229583792550433 1.172648464465493 -0.420724838889445 0.711714952774900 0.387210547719136 -0.529753673608349 0.322927024871762 
-1.545914696667894 1.246321033184346 0.541126967368234 1.682579206875989 0.815373383394670 1.025225565253284 -1.641911891463289 -0.297860795749611 1.402129757406239 1.402585034339141 -0.291183649122729 -1.476081703966016 -0.609446970624044 -0.840880447496525 0.619532181909221 -0.471347528570378 -0.453214844068913 0.357145416384511 -0.374669585365018 
-1.607929648564602 0.668236702309603 1.330218312927142 1.221059830502137 -0.822760177028611 1.562988039911726 0.173214147262718 1.634680067607349 0.504377472086284 -1.413790178123335 -1.039818743743752 0.916293382690587 1.059278611978087 0.424415241897593 -0.699525185410711 0.229113481641609 0.485578131474449 -0.174395353151529 0.403026522199033 
-1.600000000000000 0.000000000000001 1.599999999999232 -0.000000000123089 -1.599999967823797 -0.000000441467689 1.599973792272386 -0.000097517008709 -1.597218307573095 0.004210143628732 1.530238941242518 -0.027047904028385 -1.171946930491347 -0.015518098422647 0.715799463415020 -0.001334173523227 -0.494015665523202 -0.002286573952125 -0.411152758132076 
-1.524447521721144 -0.633542509567113 1.261154685656153 -1.157663604135783 -0.780043321084702 -1.481838515126800 0.164242254822195 -1.549655101707244 0.476723532252209 1.333640451487251 -0.965641763952095 -0.815951401840434 0.990961972648747 -0.359574553570690 -0.683393552667810 -0.204108349814872 0.481131956437886 0.161124196465505 0.400132785777656 
-1.390777650104851 -1.121249084147076 0.486823298660703 -1.513727478406456 0.733548363889275 -0.922341544969673 -1.477177508670560 0.267907032105658 1.263824137567546 -1.259251261951844 -0.299298966888454 1.282390174246057 -0.504902391819099 0.682330506229994 0.586421715446282 0.381968182515404 -0.444347248841963 -0.293303534291182 -0.369301083113829 
-1.213850904112900 -1.396880358421291 -0.393656845915522 -0.943866305979839 1.479843152760857 0.759117013421259 -0.606233253619132 1.457469281241172 -1.072720386989343 -0.253318282945646 1.391166974391035 -1.042802238090455 -0.297007367775703 -0.895803503037164 -0.371763236173938 -0.525252270436437 0.373868525659389 0.391643385503749 0.315846569055604 
-1.011307369983782 -1.451390159524622 -1.071672995521428 0.086634466039835 0.947338531614588 1.446215905668128 1.128193789834071 -0.173544380390292 -0.878395419053134 1.458974584047121 -1.214314902713446 -0.038497640454959 1.242056738625245 0.848578057203681 -0.062992378120110 0.615865928142022 -0.244821961651650 -0.448837923275553 -0.233431004045427 
-0.800895612930928 -1.324258424598516 -1.388728536340262 0.971965246237358 -0.218388763117595 0.610867919939645 1.228454704091408 -1.419895155494126 1.119208355678453 -0.444490778646222 -0.408814914014316 1.341687788221635 -1.687769851350055 -0.275026931350814 0.831236022871453 -0.598432574745642 -0.002971160493901 0.454132361641097 0.108637449581714 
-0.598295195297612 -1.081633659403554 -1.357146503633782 1.371896555031560 -1.123049713841626 -0.658420988118822 -0.067287001827536 -0.537040641117874 1.037994974408257 -1.334809576416696 1.403131316088458 -1.239898347797174 0.666063694635789 -0.931796386562519 -1.785534920426009 0.319047928453339 0.502922107614840 -0.384812617528555 0.088606315000646 
-0.415794514358510 -0.792838059855138 -1.095991157284050 1.297000725450671 -1.377133195253239 -1.328919946028803 -1.156858128232774 0.877057388728796 -0.515022856942454 0.102985376008913 0.311055231526788 -0.778540190910789 1.367611461197394 1.813320631081777 1.869249253107417 0.518044311909961 -1.446743573888139 0.179462147438238 -0.433538198150513 
-0.261899589542293 -0.514013861040837 -0.746923103932546 0.951925162562549 -1.121360586589423 -1.248898451181201 -1.329765453555731 1.361027293998453 -1.342162149966551 1.272029882566171 -1.154490714102789 1.044802186711936 -0.973123218740961 -0.275819487825841 0.487794463526986 -1.866804330433561 2.542276540637310 0.348340869532478 1.131510793717929 
-0.141708891729030 -0.281848288343807 -0.418866077654978 0.551244720544073 -0.677518037354012 -0.796288357305617 -0.906250604845801 1.006014698964706 -1.094093725957273 1.178065038337012 -1.266889071989797 1.338334651048163 -1.504301460335449 -1.861052475227722 -2.513225850183001 1.532205825115598 -1.306785591384740 -1.643012296988985 -2.624347812923745 
-0.057753380463515 -0.115399343997402 -0.172830673458558 0.229940551220507 -0.286622780782839 -0.342770887940814 -0.398270264698986 0.453223440084112 -0.507919224443380 0.556445778570150 -0.606240559837487 0.741468290196792 -0.931350291083084 -0.969036127501705 -1.327499819077493 2.340927328498779 -3.702848267803305 3.062524186811467 3.953562601030313 
-0.010964514522095 -0.021928288858760 -0.032890582875231 0.043850656284152 -0.054807751078525 -0.065761964570851 -0.076720061290438 0.087522028303835 -0.097946822761389 0.113441893407663 -0.132044499759830 0.115427189648003 -0.124917624456279 -0.294329048469540 -0.442869272557187 0.242682022326054 -0.381895887852201 2.549448674583036 4.242589824934033 
******************************************
ASBF QUADRATURE NODES
23 1
1.001307666250612 
1.006864382195471 
1.016757228293496 
1.030811910432390 
1.048777899595290 
1.070334659217012 
1.095097531059088 
1.122624630538498 
1.152424740492427 
1.183966079757414 
1.216685793925383 
1.250000000000000 
1.283314206074617 
1.316033920242586 
1.347575259507573 
1.377375369461502 
1.404902468940912 
1.429665340782988 
1.451222100404710 
1.469188089567610 
1.483242771706504 
1.493135617804529 
1.498692333749388 
******************************************
ASBF QUADRATURE WEIGHTS
23 1
0.003361739723330 
0.007853723258801 
0.012415279349715 
0.017062912304671 
0.021801101554393 
0.026611453629972 
0.031447661296141 
0.036232165686171 
0.040854842567510 
0.045174226530090 
0.049021694639639 
0.052208817260198 
0.054537779236879 
0.055814414252316 
0.055863025484258 
0.054541840105122 
0.051757716221433 
0.047478632096583 
0.041742566805346 
0.034661639475717 
0.026420828975821 
0.017271583194510 
0.007531023018050 
******************************************
ASBF GLL VANDERMONDE
19 19
0.000000000000000 0.000000000000000 0.000000000000000 0.000000000000000 0.000000000000000 0.000000000000000 0.000000000000000 0.000000000000000 0.000000000000000 0.000000000000000 0.000000000000000 0.000000000000000 0.000000000000000 0.000000000000000 0.000000000000000 0.000000000000000 0.000000000000000 0.000000000000000 0.000000000000000 
-0.066823170955091 0.133570923768217 -0.200167925416418 -0.266539013258682 -0.332609273206681 0.398303377710777 -0.463549375216309 -0.528411493228198 -0.592592792682876 -0.654130191845848 -0.714822690074657 -0.907005749989735 -0.953363125816545 1.451243408349197 -1.318016940026772 -3.762746666618158 -3.173487650504121 -8.287686164707656 5.583091386984634 
-0.219005662429418 0.435282572138437 -0.646135975944047 -0.848938695557418 -1.041163878170964 1.220418220259316 -1.384462226069340 -1.530946452158083 -1.658603746436308 -1.781709474653285 -1.867299802007985 -2.060133952704976 -2.012487881557313 3.374225752417259 -2.809975186633555 -2.313738316882878 -0.806377989177623 3.616036154170022 -2.589573635168988 
-0.443029626343051 0.862370402779489 -1.235600125191578 -1.542762154187234 -1.767432470361883 1.897595157363348 -1.926302123065893 -1.852527624978994 -1.679060922176664 -1.403761739058893 -1.060897529674206 -0.828907620059149 -0.278692827131253 -1.652639436589402 2.130044303267768 2.798863126358541 1.279139448579496 -1.852844566320363 1.304727892141278 
-0.716513469866720 1.325227744116956 -1.734561977608974 -1.882931980039571 -1.748015576877480 1.350114409436053 -0.749073540737937 -0.034678222392507 0.683810216512762 1.283757664494209 1.713460323863212 2.273385043812371 1.927505113349772 -0.281356133987059 -0.921289643102718 -1.828302641508912 -0.725575362184400 1.191040468678544 -0.681356227070033 
-1.007447137257931 1.682163714789086 -1.801310423021715 -1.325536562268131 -0.411976384527773 -0.637651525481742 1.476658676710511 1.827252237476523 1.576116691122906 0.828490400910447 -0.242830030251437 -1.645210088094962 -1.959741991291956 0.746812134236911 0.529892240561865 1.128813356317820 0.242183468528390 -0.821716005199436 0.271109587644245 
-1.276765503972189 1.771927565901569 -1.182360536816698 0.131017610144551 1.364190044903026 -1.762236272910420 1.081515845408730 -0.260586131884345 -1.445614932133410 -1.772911582475980 -0.946362625946794 0.814221087507357 1.602717454890831 -0.618748674445832 -0.527291679325211 -0.697449387689492 0.094399639874327 0.556079760731246 0.028140609153870 
-1.484438555194822 1.485131198700055 -0.001385610202053 1.483744941114253 1.485822927440211 -0.002774217909312 -1.483080876475956 -1.487121805467182 -0.001780807257715 1.508882757942546 1.435429390337469 -0.337920426913591 -1.342845844567770 0.385561570893361 0.613940516640385 0.404156025054596 -0.318576569089693 -0.341652702034662 -0.239775631009626 
-1.597898855864812 0.839342904073575 1.157009554248176 1.447095864505712 -0.396880360931219 1.655570623601385 -0.472723802906521 1.407620680739278 1.209042336083763 -0.787503056429039 -1.547807808331442 0.125736053437944 1.213988428442189 -0.170214246060371 -0.686711219980542 -0.181676959249061 0.449514803510357 0.159845155891452 0.367663103941712 
-1.600000000000000 0.000000000000005 1.599999999999232 -0.000000000123080 -1.599999967823798 -0.000000441467675 1.599973792272385 -0.000097517008691 -1.597218307573095 0.004210143628710 1.530238941242518 -0.027047904028365 -1.171946930491346 -0.015518098422633 0.715799463415019 -0.001334173523217 -0.494015665523202 -0.002286573952133 -0.411152758132076 
-1.493301284018983 -0.784399983631588 1.081272351273805 -1.352369772505485 -0.370900758448086 -1.547197055611357 -0.441794179185569 -1.315295242388288 1.130623257398297 0.727799213579217 -1.459065488244556 -0.063887907730013 1.194256943462555 0.181852711778289 -0.695240384292541 0.162463241533363 0.453733847059693 -0.136256316300326 0.369669523472963 
-1.298794229903922 -1.299400251207284 -0.001212325377233 -1.298187359616803 1.300005410603432 0.002426520286939 -1.297580169452670 1.300979589232106 -0.002825574601161 -1.312378205949721 1.277396542048967 0.238279081371832 -1.290307859219646 -0.338824341685448 0.632175598131813 -0.316598877311387 -0.327501190458282 0.260794035462865 -0.243827817005303 
-1.049605056571602 -1.456668532524373 -0.971996497615918 -0.107707128244511 1.121475215590450 1.448702150049058 0.889060673635847 0.214357134957383 -1.186835688343700 1.450559262393319 -0.801601507115363 -0.599804741653393 1.485609033663690 0.480626044646494 -0.556639345518461 0.484206471518256 0.109396145987469 -0.378227474381041 0.034335119483401 
-0.782326496794295 -1.306273249837524 -1.398795848200698 1.029336762823892 -0.319917653960399 0.495163599824643 1.146724948435102 -1.419045751266215 1.222216257582992 -0.638564324760790 -0.172176156649980 1.185669535230017 -1.734104233018080 -0.533416555049346 0.565353157347918 -0.703079111540553 0.217557777942858 0.500915633305103 0.262560192540811 
-0.529273180754816 -0.978917400511371 -1.281283847013428 1.390881595691122 -1.291221657874856 -0.997300245196881 -0.553356902450199 0.025697688659636 0.506829498417475 -0.949949647565034 1.261480026922320 -1.575465830893116 1.631519194473439 0.217836655523028 -0.922896650934577 1.039832284991317 -0.682024598956933 -0.657711814279469 -0.669902145823782 
-0.313967572448579 -0.611147259263705 -0.875648825169186 1.093329338669508 -1.252549435516762 -1.344793739973626 -1.365112247976883 1.312795726928275 -1.191343538857597 0.995491565948521 -0.745301194377686 0.542689861975057 -0.260786878710146 0.926300583975272 1.973586175480743 -1.488627825052390 1.199493985903526 0.941168286426461 1.288284637297816 
-0.150380911777452 -0.298888117105687 -0.443671255424046 0.582926366720792 -0.714918341744496 -0.838003762019327 -0.950661542402664 1.051259244933133 -1.138126513924204 1.220607552685513 -1.305939156057610 1.357456684630565 -1.510778957871530 -1.879671467257901 -2.491394256086228 1.185006895773651 -0.726153735927975 -1.727845122862003 -2.556016703779240 
-0.044947209139877 -0.089843689843019 -0.134638770925538 0.179281895791235 -0.223722691343957 -0.267910507463105 -0.311789824740923 0.355410852098068 -0.398994119410637 0.439868642534205 -0.481886294746261 0.577060525180943 -0.726443793104037 -0.809376166624044 -1.109407665580048 1.839045838591519 -2.989674009934299 3.833237480213327 5.475975819011543 
0.000000000000000 0.000000000000000 0.000000000000000 0.000000000000000 0.000000000000000 0.000000000000000 0.000000000000000 0.000000000000000 0.000000000000000 0.000000000000000 0.000000000000000 0.000000000000000 0.000000000000000 0.000000000000000 0.000000000000000 0.000000000000000 0.000000000000000 0.000000000000000 0.000000000000000 
******************************************
ASBF GLL NODES
19 1
1.000000000000000 
1.005347058444480 
1.017774617961854 
1.036884855550839 
1.062126449361847 
1.092772965683695 
1.127942678579822 
1.166623788043875 
1.207703494147680 
1.250000000000000 
1.292296505852320 
1.333376211956125 
1.372057321420179 
1.407227034316305 
1.437873550638153 
1.463115144449161 
1.482225382038147 
1.494652941555521 
1.500000000000000 
******************************************
ASBF PLOT VANDERMONDE
45 19
0.000000000000000 0.000000000000000 0.000000000000000 0.000000000000000 0.000000000000000 0.000000000000000 0.000000000000000 0.000000000000000 0.000000000000000 0.000000000000000 0.000000000000000 0.000000000000000 0.000000000000000 0.000000000000000 0.000000000000000 0.000000000000000 0.000000000000000 0.000000000000000 0.000000000000000 
-0.141075238686125 0.281431590293241 -0.420353831027230 -0.557134045569322 -0.691075210271217 0.821493028147383 -0.947734337933129 -1.069453898504261 -1.185007571345184 -1.290505903644735 -1.398809493639463 -1.740123287041175 -1.745907753536251 2.587779528072942 -2.395643678768109 -5.642400272692474 -4.045048175391525 -0.377938821888591 -0.652823907476005 
-0.278304572623315 0.550943666712132 -0.812367136535360 -1.057253153237504 -1.280616576986941 1.477913158213004 -1.645110479542828 -1.778341684156245 -1.876312758741973 -1.956970118234115 -1.967628706363906 -2.036661924832589 -1.922287363290003 2.941437562864088 -2.029486200877350 1.049106772273840 1.685546411762498 2.663713693541040 -1.224878814733115 
-0.411115285289275 0.803440025146509 -1.159042519846970 -1.461669506997160 -1.697489023700912 1.855720842422688 -1.929136778880881 -1.914729455154576 -1.812690065261856 -1.621353438775138 -1.351994919503737 -1.204744911026023 -0.747041756178171 -0.727892367028391 1.495296870586603 3.412462807884849 2.029064021587147 -1.546390484191167 1.400447650815431 
-0.538966630479256 1.034269389915053 -1.445781794418447 -1.740165557109694 -1.893571419475875 1.893568936323835 -1.740178490523971 -1.446236189217228 -1.033716493198638 -0.526552256398023 -0.000447583927480 0.571735863380698 1.222675611010828 -3.158752826252852 2.506049977825418 -0.045321038611557 -0.977319339397291 -1.000834420662501 0.058616463540416 
-0.661351565692917 1.239306335208277 -1.660983894233736 -1.873210469957487 -1.849224191273793 1.592052055543643 -1.134117972114887 -0.532724787829418 0.135713411555053 0.775240340664772 1.323016340128918 2.080753827790780 2.183460646635983 -1.676358340598475 0.251778567434270 -2.099345000969160 -1.413187692817361 0.949854290558061 -0.918646907689569 
-0.777798322216297 1.415020479642009 -1.796497482510272 -1.853282698715967 -1.575113040669754 1.012266884140061 -0.266445514847571 0.528095144340834 1.225444416231368 1.691262161206824 1.881512317000954 1.988964354763531 1.150805943401769 1.175102603048444 -1.753128602673745 -0.908141355270663 0.200534698308608 0.886409189022716 -0.125474257131090 
-0.887871806976106 1.558532860824078 -1.847911286015002 -1.685212960111377 -1.110240734148922 0.263655894493523 0.647437635747339 1.399909219708489 1.809161162109702 1.791733732131248 1.336050681610631 0.364167347377218 -0.832507573547616 2.260898095993465 -1.420379002094204 0.921504984200542 1.066691127338340 -0.336751240065201 0.660721686140948 
-0.991174832001929 1.667658658149945 -1.814672643450554 -1.385540887485998 -0.516509643969385 -0.516513669370664 1.385527483531154 1.813918379397990 1.667900052398523 1.018146454986756 -0.000716950200788 -1.438349035803352 -1.941969112224458 1.061320926755741 0.270031523212556 1.237166779049661 0.420434694696556 -0.854900454317140 0.387850007946626 
-1.087349168103063 1.740935704702588 -1.700032490722604 -0.980956535305680 0.129440205599213 -1.188202703611998 1.772946498080786 1.650156012550195 0.871096927726003 -0.252503705571869 -1.320757568125918 -2.056813532679621 -1.349223681578110 -0.792147241489832 1.324653410291083 0.210825600229087 -0.555527970893156 -0.289365627416790 -0.327364726954392 
-1.176076420146633 1.777638507867791 -1.510822671205965 -0.505968672779905 0.746051438346132 -1.633622220328350 1.723168299619779 0.971487065839505 -0.254679384738654 -1.383850313310473 -1.828781504053715 -1.171839113306613 0.252167228184262 -1.592634014668435 0.915103157661323 -0.783647301789255 -0.725065543183651 0.481680740045752 -0.545771855729963 
-1.257078722109417 1.777777777777772 -1.257078722107059 0.000000001188632 1.257078669363932 -1.777773656690318 1.257099779246986 0.000814298221188 -1.258100375856129 -1.811861267605991 -1.242169784425856 0.430606642856268 1.478813329758995 -0.938446684596085 -0.254911479438763 -0.836483592106183 -0.102532776792490 0.637127907894453 -0.122678515650292 
-1.330119250863492 1.742085737710436 -0.951527838720642 0.495849300444414 1.600952273979670 -1.600950972001169 0.495873247704355 -0.951300093411258 -1.744121777476306 -1.337994163324063 0.054069620791570 1.583650666502353 1.444285565965765 0.340702170507830 -0.994436818451175 -0.120709088016732 0.528489265388351 0.153328421218329 0.383555852007513 
-1.395002558442448 1.671987756001496 -0.608967283262935 0.942106770239349 1.738134393710321 -1.141146238374472 -0.370409054257854 -1.585712177049167 -1.530306523318205 -0.220905379782446 1.272075195382777 1.577257455995794 0.331608015970982 1.135933846413570 -0.746236319471921 0.583232814606975 0.557268425710963 -0.408974759483201 0.446224786762458 
-1.451574723316547 1.569561090023478 -0.245562858199459 1.304038480036891 1.655595775346578 -0.486131017927610 -1.129979984726088 -1.708815561028746 -0.715414821995147 0.971192679960829 1.708423627769195 0.545257060600037 -0.915242827893100 0.936388363076440 0.111135088059537 0.684413842860463 0.051407929579699 -0.538360417377165 0.061868506782745 
-1.499723321978999 1.437481764837744 0.121899963523404 1.554322632308296 1.367915175885876 0.243176920464432 -1.601030242160557 -1.291734836333656 0.365732388375502 1.655520091994011 1.146343752109278 -0.743934933207233 -1.378087608191316 0.057775316928140 0.769011690037865 0.200190466658331 -0.452795408147174 -0.186331270892199 -0.353666761816991 
-1.539377222907646 1.278960818137973 0.476778173117016 1.675082440702666 0.914930608082208 0.914932801850651 -1.675089162072815 -0.476281551554055 1.280267021320920 1.519442215704463 -0.050167444243038 -1.450671820481607 -0.802835887899136 -0.751347395165207 0.710605634917572 -0.391742338595690 -0.502908859675218 0.289756787125032 -0.412544752987616 
-1.570506205713885 1.097671325470192 0.803312587266436 1.659129275200425 0.356299859999197 1.410105445466186 -1.341836754418784 0.473167114103315 1.670666439134441 0.657566758439903 -1.175899951309360 -1.185591196843638 0.308885290645443 -0.911545804401621 0.065677534573935 -0.607169086078896 -0.099589581665750 0.484957212509990 -0.090780852098706 
-1.593120409020296 0.897667772379104 1.087315935609222 1.510332370419908 -0.236296391926646 1.643479873552862 -0.689711824626220 1.255416180948957 1.393922370963187 -0.493078092959119 -1.597590474066076 -0.192998217433955 1.128008189252112 -0.384622530268862 -0.585090385773495 -0.320314820597495 0.368785273746384 0.270180383121558 0.298812985839735 
-1.607269611317046 0.683299460638617 1.316778115912915 1.243102103341659 -0.788297410548402 1.578230427800114 0.117358988003258 1.627884915353695 0.572778836216212 -1.375318466198911 -1.102114614612042 0.860259178916195 1.094836342141349 0.378853482906266 -0.714751826216540 0.196341613788844 0.494238184037615 -0.147383214189535 0.409824494833377 
-1.613042349731889 0.459119722260106 1.482363251686840 0.881044294043223 -1.231591855389325 1.231588015355779 0.881028053350751 1.481510236107939 -0.458483793766602 -1.578589600808251 0.004168405056548 1.320012694284299 0.277779250092209 0.809372475660821 -0.250853080311312 0.524807549762715 0.186943033068582 -0.422880359977085 0.157456731121236 
-1.610564882306464 0.229792766386219 1.577778425785971 0.454907613725651 -1.512872886584141 0.670758271217825 1.417133759552268 0.872178175215087 -1.289716994205511 -1.025280490055791 1.083897691582775 0.932999648146394 -0.713978105698535 0.621138367318361 0.405074425770262 0.425525997155343 -0.275048822183960 -0.349192419614606 -0.228353882880176 
-1.600000000000000 0.000000000000001 1.599999999999232 -0.000000000123089 -1.599999967823797 -0.000000441467689 1.599973792272386 -0.000097517008709 -1.597218307573095 0.004210143628732 1.530238941242518 -0.027047904028385 -1.171946930491347 -0.015518098422647 0.715799463415020 -0.001334173523227 -0.494015665523202 -0.002286573952125 -0.411152758132076 
-1.581545695237880 -0.225652356181061 1.549349985685391 -0.446711080299658 -1.485614004411896 -0.658673095072191 1.391640794857620 -0.856588693152013 -1.269025260725137 1.012234950455824 1.101329338902942 -0.947490921200794 -0.776661156370707 -0.620800397288158 0.431541648722902 -0.412501214244876 -0.284329031636932 0.334397040712131 -0.233733246859078 
-1.555433694384324 -0.442722589322245 1.429421706988073 -0.849578426351280 -1.187606537216730 -1.187602568809304 0.849611767433565 -1.428569378755083 -0.445214673899927 1.520926243620238 0.048772339490518 -1.254939204608152 0.187773307935655 -0.752571042939809 -0.217739771804676 -0.488572834583991 0.175866426550157 0.395289634113022 0.150918370259060 
-1.521927862043576 -0.647018073348071 1.246860693830538 -1.177096681714251 -0.746440948123937 -1.494429834591820 0.111145805922922 -1.541288722644288 0.541076280068854 1.295282468248665 -1.026058826161656 -0.760533906245230 1.029820362405746 -0.316426447591668 -0.700548108742779 -0.174022810468794 0.490499975373459 0.136539361014340 0.407326792391118 
-1.481322485580277 -0.834673542738466 1.011013062932386 -1.404344133683689 -0.219714129662900 -1.528147176453895 -0.641337148258523 -1.167143799967892 1.297552071025682 0.450723911505492 -1.508914496657135 0.226084470919370 1.129004402383209 0.366926090246280 -0.602275404224082 0.281167599630582 0.375818548289261 -0.231193160895172 0.302443153115708 
-1.433940448695287 -1.002221644994526 0.733459318804122 -1.514857164254663 0.325317368652172 -1.287487349570133 -1.225203501909883 -0.431959852016100 1.528342707467616 -0.603404665305995 -1.119629516774699 1.081131017527158 0.381313057726802 0.784259779055952 0.028221380099135 0.509871955797147 -0.087259680323215 -0.406256056924071 -0.083864874190855 
-1.380131303296511 -1.146654526606464 0.427456293136866 -1.501798050424369 0.820282676518996 -0.820285053287294 -1.501834095412591 0.426922414026646 1.149885729887408 -1.358467679419398 -0.076959656626163 1.247067530066479 -0.696342978957924 0.599341016984515 0.681459951827373 0.314332134525425 -0.495792642650297 -0.237278080200223 -0.408060773604814 
-1.320269249263564 -1.265475399814431 0.107313643103231 -1.368335309008452 1.204232985678514 -0.214079618592853 -1.409441258943342 1.137002316578147 0.321536317831961 -1.449683258808658 1.016932760282674 0.588752830509418 -1.301397310345623 -0.081202587068601 0.773867030447551 -0.161163209203542 -0.457823180773143 0.142156458949265 -0.355581685710562 
-1.254751032019390 -1.356739247308438 -0.212266199456513 -1.127219703210574 1.431108116292084 0.420214473544522 -0.976719480998800 1.476999893172307 -0.620810299646354 -0.833553999448610 1.517910917175731 -0.494570658331449 -0.923890501795682 -0.747572092738707 0.151355936701651 -0.518818432392062 0.037654717691007 0.404619419105345 0.054975422176956 
-1.183993768089811 -1.419082045009681 -0.516854584951345 -0.799603225089499 1.475223237514790 0.968536102475373 -0.314347194888180 1.345884030885693 -1.300998679908689 0.187335195783271 1.120094237109520 -1.292535795587771 0.227520185865816 -0.842088507205946 -0.699600589815852 -0.421507402319592 0.547137966197159 0.299134472537297 0.440485758971604 
-1.108432709052913 -1.451738114758706 -0.792939865601468 -0.413207750166154 1.334126914582245 1.334126511444553 0.413221266664979 0.792884434702191 -1.453459844292353 1.109201636906597 0.051266388727406 -1.234376875609803 1.297435461379342 -0.209302637027687 -0.982670297302248 0.092508973971997 0.532999785133206 -0.104950214396816 0.384626327991469 
-1.028518954453161 -1.454545454545460 -1.028518954454985 -0.000000000822641 1.028518999744925 1.454542624377491 1.028497738538667 -0.000550114246784 -1.027424324806766 1.475905684335560 -1.047913058555001 -0.297642406407317 1.385257808412942 0.698486257066497 -0.297958256193569 0.572689617931370 -0.085412933165708 -0.430095142246000 -0.115369402969731 
-0.944717124380085 -1.427939129270860 -1.213611653922151 0.406433851861112 0.599287284770524 1.312253796475496 1.384154694306298 -0.780383240445041 -0.202829018393777 1.109571329999546 -1.508438931627436 0.912013763423280 0.295612612692516 1.090772193384527 0.843844606109011 0.508491609478057 -0.712107099354522 -0.315341606525349 -0.539624308098260 
-0.857503002487782 -1.372933035415871 -1.340676029267686 0.773599869118851 0.102078831863715 0.937037273273585 1.398188109361470 -1.301457861881483 0.686657737714069 0.202473350078676 -1.053713314303586 1.524695791458882 -1.164103798237256 0.485908770878972 1.288918286243121 -0.146512155182513 -0.563928634475562 0.180712365822606 -0.329722471719249 
-0.767361160259559 -1.291090574051578 -1.404907852990389 1.072676815993531 -0.399878518342389 0.399881102346526 1.072702960100140 -1.404414755948743 1.289473905982084 -0.783622433404446 0.019847513387460 1.030684488778127 -1.721902396287379 -0.731652525354090 0.320621928230040 -0.763166224334414 0.394450731400107 0.518197448725749 0.378844610625761 
-0.674782573301843 -1.184484974226306 -1.404412577370216 1.280761849764013 -0.843782988203718 -0.200378239530800 0.492067551321004 -1.063892444840296 1.374125085969545 -1.360466118712900 1.040219039250928 -0.266801428703080 -0.751294350745943 -1.424945309368045 -1.305851954282977 -0.531745371035040 1.053361690923432 0.196775896337501 0.656670644930793 
-0.580262240383589 -1.055650199098012 -1.340244153621506 1.382607727785827 -1.175084269674764 -0.755182648632280 -0.198802347119718 -0.393864382864383 0.915513943962997 -1.263597917876983 1.407964133755309 -1.388772854937149 0.976064521567284 -0.676525991363444 -1.681581345615931 0.540844874559390 0.227471595319301 -0.499858445844229 -0.117048803598058 
-0.484296815822374 -0.907523536806066 -1.216311040661562 1.371721052820347 -1.354156244496457 -1.165833312657400 -0.830519590788226 0.390128119854789 0.100701554898289 -0.568127535366302 0.963626784963217 -1.437977035357305 1.827022948799613 1.037661923663048 0.171003571540881 1.159079183489163 -1.368608511723666 -0.514168561846363 -0.909714993396413 
-0.387382265656966 -0.743381124001447 -1.039155664736181 1.250743994020302 -1.361004504219418 -1.361003172882330 -1.250734791588990 1.039389028957930 -0.743896121188411 0.380704835497732 0.007099432494373 -0.409468623135629 0.965537203283724 1.831683950504083 2.301979844864716 -0.009347568666927 -0.989888869069147 0.526948090451412 0.048525032211709 
-0.290011557839722 -0.566767769676994 -0.817619141905852 1.031100194837804 -1.197453537773798 -1.309074479418490 -1.360846077612893 1.350675924887047 -1.279798671969647 1.143165839498214 -0.952584455417376 0.799657218022232 -0.621490004261248 0.398925889804503 1.389122781572215 -1.784977627601977 1.936457044842459 0.775301444715547 1.388007573552461 
-0.192672396431526 -0.381422538493013 -0.562408017603858 0.731944490830108 -0.886580651185856 -1.023170228483078 -1.138945774091425 1.231233688249588 -1.297953140309978 1.350582236527524 -1.388902978484353 1.360647442426749 -1.452042449754900 -1.637339212158104 -1.824666078801358 -0.493405633701575 1.666776904906785 -1.302950391668359 -1.195335184164842 
-0.095845009489046 -0.191201614779374 -0.285583900467359 0.378510916358675 -0.469509146419230 -0.558113894871068 -0.643866875762933 0.726518857791180 -0.805800007193279 0.877219169255894 -0.954362156025010 1.115025022460638 -1.336123618856626 -1.462357856101297 -2.049430620623143 2.778181496764359 -3.844988970580349 0.199343070552207 -0.672440427553610 
0.000000000000000 0.000000000000000 0.000000000000000 0.000000000000000 0.000000000000000 0.000000000000000 0.000000000000000 0.000000000000000 0.000000000000000 0.000000000000000 0.000000000000000 0.000000000000000 0.000000000000000 0.000000000000000 0.000000000000000 0.000000000000000 0.000000000000000 0.000000000000000 0.000000000000000 
******************************************
ASBF PLOT NODES
45 1
1.000000000000000 
1.011363636363636 
1.022727272727273 
1.034090909090909 
1.045454545454545 
1.056818181818182 
1.068181818181818 
1.079545454545455 
1.090909090909091 
1.102272727272727 
1.113636363636364 
1.125000000000000 
1.136363636363636 
1.147727272727273 
1.159090909090909 
1.170454545454545 
1.181818181818182 
1.193181818181818 
1.204545454545455 
1.215909090909091 
1.227272727272727 
1.238636363636364 
1.250000000000000 
1.261363636363636 
1.272727272727273 
1.284090909090909 
1.295454545454545 
1.306818181818182 
1.318181818181818 
1.329545454545455 
1.340909090909091 
1.352272727272727 
1.363636363636364 
1.375000000000000 
1.386363636363636 
1.397727272727273 
1.409090909090909 
1.420454545454545 
1.431818181818182 
1.443181818181818 
1.454545454545455 
1.465909090909091 
1.477272727272727 
1.488636363636364 
1.500000000000000 
