******************************************
ASBF EIGENVALUES
8 1
39.478417604358647 
157.913672252696472 
355.314768483815271 
631.923539161276153 
1015.065746671101806 
1509.747916010003564 
3455.181119671711713 
5222.847801585541674 
******************************************
ASBF QUADRATURE VANDERMONDE
12 8
-0.057655073845872 0.115280412894871 -0.174586203680773 0.230458817366193 0.234683606589229 0.301874096908803 1.983082452537868 1.854071196288766 
-0.293062091965422 0.579484077497509 -0.852017703575661 1.103713380295631 1.547017817414349 1.804124863317315 3.725720785829020 2.627728617342769 
-0.668765434994190 1.251088187832532 -1.670471859675688 1.883920846144734 2.073258406116930 1.488869648932371 -0.514288406463845 -1.183159148312292 
-1.094633854759324 1.745214097757481 -1.691589557257175 0.935551381466495 -0.497369132188342 -1.414073884515958 -1.159739157818841 -0.051104685766121 
-1.446704973205677 1.580268361944153 -0.275785682282553 -1.272521870128596 -1.498029276160260 -0.230645311367417 1.004123721242875 0.534364373344212 
-1.609453355672590 0.629133479862008 1.362503716021015 -1.150319173698211 0.878446184426029 1.166541114076012 -0.348965325199407 -0.690400668278706 
-1.530800411056986 -0.598354142249416 1.295031343085743 1.081727945843145 0.780961902780281 -1.087991698631726 -0.300524120635657 0.680958982418789 
-1.248433601232075 -1.363767093416607 -0.238069045827705 1.124834161211360 -1.270756373776858 0.098763355530095 0.759295199039989 -0.506207913123547 
-0.864506232086767 -1.378246727968624 -1.335242717739064 -0.757076670266251 -0.337462701639439 1.334885861743784 -0.774727116718915 0.010155130742349 
-0.490292991781143 -0.917236865595615 -1.225109416450588 -1.381959293193281 1.438254360463452 -1.246491766530027 -0.247434719006105 1.188538179493379 
-0.203306932400364 -0.402024925855851 -0.591045947867416 -0.762967009821349 1.024682343546695 -1.469387516210853 1.944657436429208 -2.486530516727020 
-0.038732941310469 -0.077414880368397 -0.117013338543026 -0.162522430316538 0.164511124142985 -0.195281911215955 0.958321653422894 -1.786166429047204 
******************************************
ASBF QUADRATURE NODES
12 1
1.004609841438320 
1.023970685907381 
1.057524331451424 
1.103170511428346 
1.158042125250455 
1.218691647872133 
1.281308352127867 
1.341957874749545 
1.396829488571654 
1.442475668548576 
1.476029314092619 
1.495390158561680 
******************************************
ASBF QUADRATURE WEIGHTS
12 1
0.011902820133399 
0.028031897664085 
0.044756208297094 
0.061812936707281 
0.078281966549625 
0.092508879407529 
0.102259358709959 
0.105121313337060 
0.099101648407489 
0.083270187430243 
0.058246175794396 
0.026373274228507 
******************************************
ASBF GLL VANDERMONDE
8 8
0.000000000000000 0.000000000000000 0.000000000000000 0.000000000000000 0.000000000000000 0.000000000000000 0.000000000000000 0.000000000000000 
-0.387785530269166 0.759860961994623 -1.098921570279596 1.396659335877057 1.959755149203829 2.128294840096742 2.855433509933228 1.560543705786810 
-1.085738122105293 1.740015513484660 -1.706646076353461 0.979325361123351 -0.433989001179287 -1.378301951691472 -1.211375698666935 -0.108882934700197 
-1.580464161264023 1.020550576450195 0.923614744308927 -1.594461604573291 0.044624550627719 1.249265917473288 0.303497992242142 -0.609990307959942 
-1.453464378215798 -0.938577599121909 0.848395377847878 1.476382932900870 -0.014413713387833 -1.241303317701414 0.278883310425857 0.621590194709277 
-0.855957766837220 -1.371699369746606 -1.344757088632860 -0.790824404966606 -0.289183867448352 1.304675572437178 -0.804763240580478 0.066684848816976 
-0.272641394101429 -0.534282191534785 -0.772861600583515 -0.973863467724330 1.303256156097124 -1.776406243344984 1.547237947295909 -1.443428280867344 
0.000000000000000 0.000000000000000 0.000000000000000 0.000000000000000 0.000000000000000 0.000000000000000 0.000000000000000 0.000000000000000 
******************************************
ASBF GLL NODES
8 1
1.000000000000000 
1.032064962872598 
1.102074954641714 
1.197675195524380 
1.302324804475619 
1.397925045358286 
1.467935037127402 
1.500000000000000 
******************************************
ASBF PLOT VANDERMONDE
18 8
0.000000000000000 0.000000000000000 0.000000000000000 0.000000000000000 0.000000000000000 0.000000000000000 0.000000000000000 0.000000000000000 
-0.356999086080225 0.701823318741773 -1.020880277378761 1.306732106677225 1.842271536795832 2.051869455611807 3.186721568825696 1.933241944683337 
-0.682345386568981 1.272513470835461 -1.689774889754923 1.888475800414295 2.032741472490978 1.405571153105856 -0.642262963807120 -1.245018564171039 
-0.967496912214076 1.645197188601993 -1.833700780677414 1.465315088745267 0.432871626831184 -0.706989854165195 -1.681964515890450 -0.855620727165825 
-1.205560599830517 1.781875956081446 -1.430446266633802 0.313946766213458 -1.207264127154296 -1.625891967823953 -0.395976747343007 0.587028655903118 
-1.391414674939247 1.677014672519388 -0.627376494289561 -0.923676666623432 -1.672513370142382 -0.783229244994606 0.843097512039949 0.794829703873121 
-1.521777634770914 1.356580651640749 0.316563913769569 -1.619456475712428 -0.890003491298596 0.655253261425247 0.874894224459749 -0.062690173439647 
-1.595223027032652 0.873082376088068 1.118324160234929 -1.465498273206102 0.399421697872043 1.298808054307607 0.037538477004709 -0.704322566993216 
-1.612141017770672 0.297527437691092 1.554140544816228 -0.587468130080962 1.281632343383122 0.675359579325313 -0.695222116570645 -0.410425456576404 
-1.574649361827621 -0.290531217827158 1.517509350850627 0.547642774925465 1.220887741027094 -0.561616548160764 -0.655819547076311 0.388740043475660 
-1.486457811791549 -0.813562258516843 1.041059344382322 1.366940521404573 0.312800627509014 -1.260811262714805 0.052627007756063 0.707609574837729 
-1.352691225962654 -1.205928621815115 0.280748969152245 1.465469066898653 -0.813464773435083 -0.728597143438457 0.713124899008365 0.090260395675654 
-1.179677662724885 -1.421869615800361 -0.531636860666606 0.803973178132119 -1.370682022321508 0.629642194356763 0.606514420509788 -0.773940031134760 
-0.974708577801978 -1.440627829249849 -1.155720917198213 -0.261002316086686 -0.901291951625584 1.490117143376534 -0.297068044484375 -0.607104455642977 
-0.745778872201476 -1.268108142486081 -1.413090028754124 -1.150715855834756 0.347676806293239 0.717268121030980 -1.049065491329479 0.804948595127579 
-0.501314972205886 -0.934928383171155 -1.241880910510780 -1.389389753646950 1.414381404342028 -1.172540952674797 -0.323021122658946 1.245632643627024 
-0.249899358557245 -0.491313746734818 -0.714773954968759 -0.907961410202278 1.222587511165978 -1.701733126539295 1.704485301500581 -1.806464222462504 
0.000000000000000 0.000000000000000 0.000000000000000 0.000000000000000 0.000000000000000 0.000000000000000 0.000000000000000 0.000000000000000 
******************************************
ASBF PLOT NODES
18 1
1.000000000000000 
1.029411764705882 
1.058823529411765 
1.088235294117647 
1.117647058823529 
1.147058823529412 
1.176470588235294 
1.205882352941176 
1.235294117647059 
1.264705882352941 
1.294117647058824 
1.323529411764706 
1.352941176470588 
1.382352941176471 
1.411764705882353 
1.441176470588235 
1.470588235294118 
1.500000000000000 
