******************************************
ASBF EIGENVALUES
29 1
39.478417604356068 
157.913670417428079 
355.305758439217016 
631.654681669717547 
986.960440108938087 
1421.223033756866698 
1934.442462613515090 
2526.618726678879739 
3197.751825952957006 
3947.841760436774166 
4776.888530162660572 
5684.892147823040432 
6671.852715243331659 
7737.786722322513924 
8882.728239731923168 
10109.893736554306088 
11418.848133421774037 
12917.106094450198725 
14483.399691133046872 
17000.885506161943340 
19152.139283132659330 
24602.743243422104570 
27924.596466803803196 
41348.605874143802794 
47204.483734072891821 
89546.210337261902168 
102634.610046378729749 
350302.301911243994255 
402438.006786158483010 
******************************************
ASBF QUADRATURE VANDERMONDE
33 29
-0.008085334018236 -0.016170535725841 -0.024255472814364 0.032340012979669 0.040424023924123 -0.048507373358694 0.056589929007277 -0.064671558842919 -0.072752128548598 -0.080831391383350 -0.088909665094857 -0.096998985286765 0.105065424636869 -0.112699258358394 -0.120913872908828 0.135452281727355 -0.142087277627273 -0.127578540509394 0.138981723740923 -0.307049058796297 0.271678914870222 -0.211324412344220 0.204152090413162 -0.980461965313300 0.757180734523674 0.765457898631070 0.638569004447636 -8.932792409509844 -6.546863470362041 
-0.042403798875655 -0.084788404896158 -0.127134633893469 0.169423319069786 0.211635319672851 -0.253751529659534 0.295752886340865 -0.337620378694489 -0.379335059262917 -0.420878202186506 -0.462230429340953 -0.503356442684701 0.544281153283575 -0.585573273741411 -0.625833099216865 0.660269457775314 -0.700583890177710 -0.846401122647161 0.860345876488886 -1.049427341396933 0.998259493263840 -2.071437990556697 1.743027779751718 -2.782600393307082 2.231515648439585 7.839977546545213 5.872443438055880 -8.576396725093417 -5.240490934564157 
-0.103324726652811 -0.206368895526855 -0.308852710642294 0.410497897548679 0.511028458923903 -0.610171423990157 0.707657589714307 -0.803222252092525 -0.896605921904950 -0.987554877192225 -1.075822665804464 -1.161186740852905 1.243376265723127 -1.321607130565932 -1.396823173089531 1.482502675535512 -1.548370396790255 -1.684494247933823 1.702656945712463 -2.500720728082044 2.283012360393101 -3.254543602985827 2.659628782430789 -5.578131892325868 4.171438612219458 3.154549654360896 1.295177044075302 5.409524373275353 3.734078422857946 
-0.189396998200714 -0.377038993311309 -0.561187244568285 0.740135385170350 0.912225233928180 -1.075862160413621 1.229529861228654 -1.371804410227342 -1.501367454776567 -1.617018555287312 -1.717685805947904 -1.802422302267899 1.870463967845460 -1.921757331382991 -1.954899321764649 1.969483694951374 -1.960364923734674 -2.126177051591812 2.030328525357133 -2.335152897572660 1.902602362032101 -2.658927399340327 1.842427628857140 0.458097691137311 -1.303167511661849 -5.296420947157066 -3.383856512725870 -2.123255700217935 -1.873674587668812 
-0.298391188192704 -0.589770834399566 -0.867292152575836 1.124433997153664 1.355154095737298 -1.554031029322965 1.716391623819096 -1.838420759568744 -1.917251018520063 -1.951029994835716 -1.938963811475071 -1.881344259788007 1.779532618538668 -1.635625387952308 -1.452870743473039 1.245315764018461 -1.002856450902576 -0.729451287068574 0.361969120738609 0.042202580526593 -0.425762805653758 2.455588036937085 -2.611628573405384 4.218777706407210 -2.316445632488532 2.644351366769357 2.230135840492988 0.664877263254542 0.984024682268064 
-0.427221287258528 -0.833278018138663 -1.198054129069064 1.503478599724785 1.734420691958459 -1.879439527056778 1.931350867243846 -1.887583023092121 -1.750304252462004 -1.526315335801163 -1.226713330684129 -0.866340767534167 0.463006046926917 -0.036757169385430 0.390251885117246 -0.803588607638340 1.184753458556875 1.618063199131485 -1.778558348307449 2.635785242852239 -2.412791448191765 2.224944392312093 -0.641413416592366 -3.290256096586926 2.533793518333981 -0.682325038035610 -1.133884472278805 -0.000002899250333 -0.534055473903797 
-0.571880255440399 -1.091151116859919 -1.510042924278034 1.790020260640297 1.905326968315054 -1.845355553933530 1.615623011196853 -1.237263291857190 -0.745083120065113 -0.184360090441032 0.393323963681977 0.934836076288108 -1.390275974777697 1.717532641714503 1.888627460463253 -1.895762830698724 1.697457552770627 1.410170483066920 -0.916655479676580 -0.031544452695868 1.077825187983645 -3.414780947449215 2.320183942222913 1.109432018642284 -1.531612078883397 -0.208921511486869 0.522117088328851 -0.331826317791265 0.271015079384830 
-0.727429925970219 -1.341680481306762 -1.747181647809410 1.880842308138165 1.721866466865338 -1.294988857906520 0.666626516633362 0.065454913715814 0.787352351054852 1.386747417716718 1.770379785002213 1.878539829942341 -1.694521218959930 1.247633515163711 0.603851965178413 0.145069334805431 -0.843372461851108 -1.522731421683339 1.947320759697933 -2.530713204926774 1.291337611229683 1.809023774833094 -1.988919285301675 0.223276385737811 0.692441387611419 0.556654694607457 -0.195114328089875 0.497586079718297 -0.099006118034525 
-0.888074289149568 -1.558772988925550 -1.847927935766426 1.684762137524346 1.109213988984398 -0.262161476966357 -0.649060785565697 1.401411237488496 1.810735656218756 1.776842653978054 1.308030284080016 0.519082079530470 0.397041185633512 -1.217192603029280 -1.736114663184259 1.821415597706824 -1.487430925380542 -0.843858879332623 -0.320694556423035 2.329452905989222 -2.102913480632330 -0.091778388973868 1.087305710089935 -0.749747634458792 -0.201928163869297 -0.668216985210096 0.006142568283489 -0.566449313761716 -0.022104913832589 
-1.047335740590439 -1.714213260286292 -1.758380695749988 1.163793656184234 0.146443555300050 0.924104056517640 -1.658958946654873 1.791175594181845 1.272724605043760 0.291940349352776 -0.794896794645590 -1.593019471928803 1.812333336537212 -1.371775498878882 -0.436277864113786 -0.641455639832435 1.528722240407128 2.098732247485509 -1.406111607967947 -0.765047600277048 1.619013668210679 -0.816738028851489 -0.365097544015088 0.864839581690047 -0.062565846478455 0.671664387685189 0.113681303761349 0.572837728449619 0.111371777187035 
-1.198339773471004 -1.781222504221310 -1.449284614689385 0.373006561571198 -0.894844466409584 1.703111041646744 -1.636674374687588 0.729655769358217 -0.552107796954199 -1.550313934299951 -1.752290454298657 -1.054257817991336 -0.185119801523262 1.327632075042670 1.791486840956439 -1.364976235875194 0.181812055559390 -1.415782471049866 1.873999588018012 -0.573455403616270 -0.779674731279342 1.077553507989278 -0.069552718168685 -0.810032880799322 0.208550292200741 -0.619822627777127 -0.195229710184413 -0.536966284265368 -0.178825805879953 
-1.334196038635357 -1.738871153779426 -0.932092274241696 -0.524065891730130 -1.615112636632583 1.580926697528208 -0.445325073386671 -1.000530038628037 -1.749325957234392 -1.279383715989737 0.081890952632624 1.386063501024715 -1.724664018643093 0.863712494795030 -0.601571514589878 1.686832267597371 -1.549456513834184 -0.023930701459670 -1.339644283398054 1.206202433711799 0.087449460073966 -1.012277341060764 0.303415362316824 0.691674214879332 -0.294074865025965 0.537153348262544 0.253083763554795 0.472345573746071 0.230175528340079 
-1.448445378427605 -1.576510084539583 -0.267452289286335 -1.285410925763676 -1.666513184108390 0.528447490918194 1.091342859429639 -1.716281735969943 -0.776684414307365 0.870926176971458 1.724614519311608 1.006217234162841 0.629472701385888 -1.693373068276435 -1.212318104841357 -0.413701162444901 1.642453871549943 1.127044751435451 0.466822219855995 -1.283619773417616 0.356135526733357 0.823920345219347 -0.424536313032309 -0.551876531811923 0.347021488509781 -0.436980263132431 -0.294663770048500 -0.388853394188672 -0.268859637827421 
-1.535526816025289 -1.297145825629364 0.439754814268259 -1.668631439345309 -0.969831969545370 -0.849359852728400 1.687333986397401 -0.576026024545506 1.200732422363801 1.590352505926680 0.142727701044132 -1.469821159950628 1.384383179882223 0.302123120045483 1.640160824898186 -1.050298349713231 -0.766364989534976 -1.525323481129852 0.315594506395325 1.065518251844269 -0.604376478642470 -0.605334760333579 0.486807541623110 0.407299271836482 -0.380622322473237 0.327745471459015 0.324010560819013 0.294123577765095 0.297031431434333 
-1.591209041627790 -0.918731873027646 1.060751865709935 -1.531188516313341 0.176674628371041 -1.633196868449054 0.766300165460647 1.190750673557005 1.453815488689487 -0.351347255561993 -1.656676985982640 -0.605158045209692 -1.307344574788906 1.358754398923040 -0.525383739593674 1.640127293483656 -0.379380328669981 1.318761145056133 -0.856005196939739 -0.731469990654166 0.729799928044330 0.391055266680485 -0.518256820909561 -0.265071092594003 0.401313873944925 -0.215410032483729 -0.343430472757514 -0.194236689599625 -0.316064549464599 
-1.612930325233168 -0.472735918852591 1.474375518818290 -0.904862623099107 1.209168115327825 -1.259259332680509 -0.840090103468189 1.505482471114435 -0.398846225054050 -1.622380766914870 -0.076658124805529 1.599901905754104 -0.545449899181983 -1.439506114117490 -0.963141726303499 -1.148242134824971 1.238751759971946 -0.745005109860619 1.147118970917285 0.371123514529793 -0.783671229495902 -0.190853148504542 0.532369765174955 0.128693685433922 -0.412287078138076 0.104459773329398 0.354253509423906 0.094103372352620 0.326823590731976 
-1.600000000000001 -0.000000000000024 1.600000000000002 -0.000000000000008 1.599999999999998 0.000000000000006 -1.599999999995599 -0.000000000079060 -1.599999992930095 0.000000042935854 1.599998020311106 -0.000005415069681 1.599836053591538 0.000242635965022 1.594636642745235 0.004525064391040 -1.525772235156786 0.022598282384470 -1.220062961354844 -0.019092516371518 0.793226745842980 0.005357527017647 -0.535023406108273 -0.000160957539242 0.415042458268433 0.001618475294594 -0.357194044296400 0.002291757436417 -0.329808532030669 
-1.553632593006989 0.455356266742797 1.420171612209305 0.871596275082326 1.164714287411371 1.212963952437171 -0.809205050831557 -1.450134949105649 -0.384183056928587 1.562735521441532 -0.073838874568950 -1.541073489352524 -0.525337010318586 1.386159334855928 -0.926233138071827 1.097964287612047 1.180882410019085 0.673311811624724 1.094637932467493 -0.314028622749013 -0.766582325282688 0.167644761420537 0.527757395711332 -0.119265026826641 -0.410033037131229 -0.100068566653303 0.352512762673465 -0.091709026949590 0.325224010021729 
-1.476809207399755 0.852679725745402 0.984489203533137 1.421103852478778 0.163972621488735 1.515778323101197 0.711207082408241 -1.105141758620899 1.349293561229924 0.326087232725042 -1.537572167693470 0.561643381109372 -1.213461398952624 -1.260787123917962 -0.490288290727093 -1.516701671578647 -0.328151898090651 -1.182377091591043 -0.767608593661378 0.620058848288487 0.695412036367945 -0.330574550258401 -0.508696374571681 0.228716230524191 0.396832641851787 0.188674655358469 -0.340059529605225 0.171498114428116 -0.312996622366861 
-1.373985403918724 1.160682713299780 0.393491464819578 1.493087074906943 -0.867803125612856 0.760004988609814 1.509822065387044 0.515426589645246 1.074412238098619 -1.423043318328566 0.127714795800970 1.315195366688805 1.238881267508803 -0.270433687708184 1.470922483804776 0.938145960811330 -0.719197609514506 1.332595366689113 0.227721699078818 -0.874773647545820 -0.553703105535296 0.483981487397317 0.471627763552272 -0.327443273637746 -0.373945132566946 -0.265585909549560 0.319218890113630 -0.239446956213592 0.292747240248827 
-1.250685833480584 1.361265573723842 -0.230936419366764 1.109910845791810 -1.438980345213728 -0.456297351956201 0.942339334369456 1.481953883385813 -0.670641908685926 -0.752016643509567 1.489146245384725 -0.868835582637183 0.543378824694607 1.462098817569372 -1.050101196298494 0.354585074199393 1.455842400302416 -0.962547876173062 0.497424581714778 1.016931717837211 0.295040132243369 -0.622567589867181 -0.402856194698693 0.414319224757215 0.338140940745380 0.329107903443188 -0.288737164603571 0.293618409598053 -0.263712298541800 
-1.113039366609433 1.450635432554315 -0.777588423665747 0.437196597277830 -1.347391158438110 -1.318871889225895 -0.371507876865664 0.834681926912011 -1.459357259956400 1.067312775347312 0.068319440565666 -1.156312944749827 -1.438636743600952 -0.720358215328043 -0.499055188854447 -1.401500919052734 -1.325191345442033 0.045048344973350 -1.253708385506529 -0.929033915098247 0.141671938025628 0.725967097694668 0.274791664810000 -0.486609567266967 -0.282894189459419 -0.377387951225440 0.246352289949492 -0.332153040482475 0.224591902580210 
-0.967312374834046 1.437821399915218 -1.169877670324676 -0.301094790384041 -0.722327794731006 -1.374769011905195 -1.321140640778115 -0.588985753950752 -0.445667163355010 1.251429544945959 -1.414469677963055 0.851013795307482 -0.149561585758278 -1.071915454318694 1.443916670031074 1.095911317738047 0.164355037120506 1.078779602394825 1.666207253530392 0.452812308496185 -0.791257557366107 -0.739930652955071 -0.036118852353342 0.536722988224345 0.194884519239384 0.407831843937206 -0.188029407473021 0.352999529099083 -0.173274791290134 
-0.819492242995180 1.341293355320951 -1.375852350448044 -0.910615227503194 0.114585374062927 -0.723069094930010 -1.298059385881970 -1.401512856383687 0.995848693414376 -0.228429893243594 -0.621968213421047 1.246457833517357 1.418174289484491 1.073612805403171 -0.339559855665060 0.505320996259260 1.195449339847858 -1.564082512159920 -1.208683875550068 0.476948203887040 1.540115728405642 0.549518459337954 -0.393377187140731 -0.543782255724341 -0.046423249054811 -0.415828616928476 0.106318441092101 -0.353493214104508 0.106332596530077 
-0.674960178872568 1.184709104048541 -1.404474586538179 -1.280464221962928 0.843032257053416 0.199249724430290 -0.493303532451308 -1.065109969949276 1.376207469869139 -1.350447932542912 0.994136369816180 -0.394509420361009 0.301686104192492 0.924831966631570 -1.320973087171211 -1.385843358780026 -1.133676462820855 0.601253011491061 -0.252175497566979 -1.504641241033245 -1.924333436319087 0.017996217653062 1.084390171307876 0.453821709755199 -0.219048371642804 0.391598636895570 0.013393203851050 0.329602502223375 -0.018041981595700 
-0.538275227876662 0.992801287147828 -1.292859375234226 -1.391764052960627 1.274126938878621 0.958250956829510 0.493282620544581 -0.048434574124401 0.582615928661439 -1.026149348788691 1.310026257699445 -1.390066070037112 -1.253847986149083 -0.922990200993100 0.447582845494734 -0.104369173940063 -0.632760062350489 1.102280754172239 1.552938063744958 1.604242025930159 1.142790381976720 -1.025633204727906 -1.914172169140759 -0.145363751878545 0.703467877961900 -0.311790868517708 -0.201850893902549 -0.274393474992215 -0.101650455407169 
-0.413073695808350 0.788147204312289 -1.090716116926310 -1.292945992802494 1.376232952681920 1.332915119016941 1.166977460615117 0.893685200419703 -0.538179511560968 0.133164734068300 0.284100643792419 -0.675235435968109 -1.004223688789522 -1.240716650253839 1.364240240169743 1.365401078563053 1.236878398480708 -0.992105978901002 -0.719843344038177 0.031297146965815 0.944959497729285 1.922433137070759 2.171008931425354 -0.573425575534256 -1.515719182497488 0.117157129127426 0.526992509612438 0.174461879587052 0.271784686079239 
-0.302072982619181 0.589181259916562 -0.847101478555581 -1.063056262569049 1.226347204977350 1.328884867216078 1.365589530185265 1.334642843680688 -1.237577905600712 1.079203328194545 -0.867365489387697 0.612556514558654 0.327365863989298 0.026060835695835 0.275708418553004 0.568094933487555 0.848187278136852 -1.103340760281107 -1.345957878032505 -1.620571982554355 -2.063281493818496 -1.232711115483592 -0.570067923096850 1.698961771107083 2.457057217931050 0.335677387572983 -1.131475180323612 -0.000421005290416 -0.532324214065415 
-0.207158073113351 0.409448383421330 -0.602117549925468 -0.780638267518387 0.940815688777336 1.078885993727809 1.191604831399736 1.276323555109026 -1.331051462636515 1.354502508387212 -1.346125044743869 1.306123547526989 1.235469827688860 1.135514971738962 -1.008236462644541 -0.863117592392056 -0.707266061409919 0.491344535875998 0.256792615205609 -0.031157298342912 -0.332646706203560 -1.329346857029304 -2.390137645378666 -2.148278263201303 -2.198484780744875 -1.288091935514841 2.203015651837491 -0.321887145264521 0.978411600013711 
-0.129523266620792 0.257846336114281 -0.383780132699753 -0.506157720236473 0.623845115364923 0.735751795299309 0.840840802905265 0.938138355246441 -1.026742863691315 1.105833385471045 -1.174677687629234 1.232626922049592 1.279116924736638 1.314173668198344 -1.337901848794309 -1.345557585763175 -1.347015528740246 1.400396233242862 1.514069169538153 1.397989155171981 1.536630301419700 1.412345746025797 1.670587748278580 -0.214101545711054 -1.263884037919880 2.539257426976320 -3.305306478231597 0.999856842233151 -1.859646845634252 
-0.069840671778932 0.139491705081417 -0.208763976356619 -0.277469390506826 0.345421391622201 0.412435469536489 0.478329660824194 0.542925043089950 -0.606046224089341 0.667521707279251 -0.727183947836956 0.784883210559690 0.840486634578970 0.893387687425317 -0.943472996892432 -0.999363214473583 -1.062030493272516 1.107083073106498 1.225811141387351 1.454346731868505 1.873043155933819 1.742014391015055 2.317712464880973 2.736849015725036 3.932894757085061 -1.504172198321875 1.231688271536274 -2.497508738887142 3.695635851524278 
-0.028429095936974 0.056845324264562 -0.085235823197545 -0.113587742596359 0.141888249783346 0.170124535351160 0.198283818963543 0.226353354946067 -0.254320435120269 0.282172498859322 -0.309897475808856 0.337471394119529 0.364863446936529 0.392499494933165 -0.420426138048652 -0.443202480788148 -0.468596615385809 0.541816405207731 0.636244173973624 0.624458263132791 0.782709066249126 1.072971412251517 1.546970957443920 1.380225497887732 2.046171435585059 -3.645064992393515 5.703850368443362 3.916209485222616 -5.161008184055220 
-0.005396009108915 0.010791929916051 -0.016187674121087 -0.021583153426576 0.026978279539420 0.032372964172258 0.037767119042793 0.043160656015987 -0.048553489170005 0.053945459489987 -0.059336107635792 0.064733559381384 0.070149929175725 0.075279094752471 -0.080156854926289 -0.089333985565863 -0.099457974038609 0.087236565343678 0.090373060702539 0.168120451449269 0.231083035550926 0.122485299862148 0.161706625260051 0.465433973575911 0.717083828668798 -0.368943880662378 0.596108798410668 4.028671144943974 -6.471227251528248 
******************************************
ASBF QUADRATURE NODES
33 1
1.000643826438386 
1.003386068442339 
1.008294272577502 
1.015326406847208 
1.024420808064141 
1.035497586830874 
1.048459410931458 
1.063192375887609 
1.079567010007564 
1.097439413540905 
1.116652523803413 
1.137037495681887 
1.158415185562982 
1.180597725711876 
1.203390175293002 
1.226592233536317 
1.250000000000000 
1.273407766463683 
1.296609824706998 
1.319402274288124 
1.341584814437018 
1.362962504318113 
1.383347476196587 
1.402560586459095 
1.420432989992436 
1.436807624112391 
1.451540589068542 
1.464502413169126 
1.475579191935859 
1.484673593152792 
1.491705727422498 
1.496613931557661 
1.499356173561614 
******************************************
ASBF QUADRATURE WEIGHTS
33 1
0.001653684278561 
0.003856409460809 
0.006078479380115 
0.008324510705378 
0.010599728102150 
0.012906667531330 
0.015244319682212 
0.017607469715826 
0.019986142236628 
0.022365167851403 
0.024723901883456 
0.027036128366043 
0.029270180778404 
0.031389305994491 
0.033352289771530 
0.035114351090505 
0.036628299281332 
0.037845932864539 
0.038719643357474 
0.039204171998713 
0.039258453567803 
0.038847470317823 
0.037944031479182 
0.036530390622765 
0.034599614915050 
0.032156627176187 
0.029218853565058 
0.025816426310405 
0.021991911910352 
0.017799562230844 
0.013304135568416 
0.008579590771131 
0.003712813900749 
******************************************
ASBF GLL VANDERMONDE
29 29
0.000000000000000 0.000000000000000 0.000000000000000 0.000000000000000 0.000000000000000 0.000000000000000 0.000000000000000 0.000000000000000 0.000000000000000 0.000000000000000 0.000000000000000 0.000000000000000 0.000000000000000 0.000000000000000 0.000000000000000 0.000000000000000 0.000000000000000 0.000000000000000 0.000000000000000 0.000000000000000 0.000000000000000 0.000000000000000 0.000000000000000 0.000000000000000 0.000000000000000 0.000000000000000 0.000000000000000 0.000000000000000 0.000000000000000 
-0.028294389980160 -0.056583091158207 -0.084860415875834 0.113120678762024 0.141358197876191 -0.169567295850556 0.197742301031146 -0.225877548540306 -0.253967381991548 -0.282006192457988 -0.309988259487826 -0.337903688627346 0.365753673796142 -0.393698842845502 -0.421461993575550 0.448619362317807 -0.474956991256648 -0.555403484607482 0.572970906845296 -0.758995338001222 0.705993282005531 -1.326317248393712 1.146572488237707 -2.132623101636382 1.674812969300523 5.284580541190312 4.111463915258838 -12.841589116191280 -8.717867875279360 
-0.093988236735351 -0.187765645868210 -0.281121872709282 0.373847507334889 0.465734554320083 -0.556576899298964 0.646170771306680 -0.734315200052404 -0.820812465264156 -0.905468448330299 -0.988093472304153 -1.068512663043301 1.146527794916090 -1.221623595697132 -1.294168025326281 1.374524177001147 -1.441205996665402 -1.588541231162605 1.604815177987318 -2.320814610721276 2.143785286618300 -3.210321366311478 2.624065444236300 -5.420114108224801 4.159667172512113 4.920128066315414 2.671925912468339 5.082532219311091 3.792612240509930 
-0.194707101259199 -0.387505505769175 -0.576505227568634 0.759853518851933 0.935753032294363 -1.102479440291495 1.258398338390020 -1.401981266897925 -1.531820696832135 -1.646643981443176 -1.745325113613430 -1.826879272139026 1.890539479983156 -1.936371875903085 -1.962663087012050 1.967652032062807 -1.950406331990708 -2.113516346087512 2.002020067873073 -2.242826582983845 1.810694841495830 -2.519065531766106 1.684901102515173 1.015173472171789 -1.703213895882602 -5.085544171840486 -3.114760258489477 -2.373689912523801 -1.947409765289244 
-0.326835153419107 -0.644401658740467 -0.943693715472133 1.216223764294704 1.454263183937965 -1.651061465495379 1.801037648663755 -1.899938591442136 -1.944959580128538 -1.934823651408881 -1.869818896967681 -1.751813639925604 1.584102359598792 -1.370578548791065 -1.118925704846673 0.851180610542205 -0.541917103939626 -0.124384405889174 -0.247481823184157 0.730886585080516 -1.087019847100339 3.577865010170493 -3.192805247958480 2.442867576450724 -0.669001234597383 3.077341617706780 1.988942708546944 1.544620123415142 1.259055204659797 
-0.485121191884141 -0.938825940162166 -1.331732329806351 1.638395746894926 1.838956671559137 -1.920426780294059 1.877530069656471 -1.713044529639348 -1.437622246543759 -1.069099847201161 -0.631341887849568 -0.152665976515032 -0.335853837705389 0.801464986395493 1.216429954205199 -1.576193926616190 1.809006275768468 1.967028661344818 -1.899265597828984 2.457770801843186 -1.643385978004526 -0.975380998881400 1.853441748198287 -2.630915859362413 1.064269612543560 -1.892011263623274 -1.213211629830266 -1.168941948090153 -0.875034460922330 
-0.662545736669400 -1.241213266313609 -1.662743352379039 1.873770338927576 1.847578235974055 -1.587482960461623 1.126412541599297 -0.522738437148552 0.147114292900244 0.798342708266106 1.348500073793189 1.727899404374104 -1.888610283029823 1.811685396335649 1.503455375990967 -0.986777831637364 0.361820265952000 -0.262814704479487 0.985177971283930 -2.697777301934506 2.498971735227285 -0.736505845219850 -0.691686199745157 1.948505010836978 -0.787590297416591 1.291901690990353 0.747184779791833 0.933009297359198 0.598558580312948 
-0.850357375709793 -1.512449197708397 -1.839691115654692 1.759633142473221 1.289999777392887 -0.534765876214016 -0.338862945350828 1.137468933876290 1.684244068270524 1.858134265109375 1.620642639460286 1.024389873048209 -0.201253577018472 -0.668044872177588 -1.386931721473055 1.783378569873585 -1.807364115061637 -1.619803490750513 0.686182214046746 1.494468536196417 -2.080793379249658 1.157452692666448 0.244672509150923 -1.357655961041702 0.456426271222416 -0.949085337752559 -0.436100627667080 -0.755355429515990 -0.375945806440914 
-1.038352989596207 -1.707447649014643 -1.769341025190968 1.202022640989814 0.207241844974024 0.861238144268925 -1.623445254989669 1.808323951602645 1.350127816021788 0.411800598682886 -0.672972506347184 -1.518467885545485 1.823852953761016 -1.479023322721811 -0.611339988703346 -0.454851643249273 1.400943039954816 2.116246887430759 -1.586962324118612 -0.476640628508763 1.498889106545370 -1.031903373593058 -0.180710145453737 0.957880174196375 -0.191093546791370 0.720056634029714 0.206360559123218 0.608377533971772 0.189435643586207 
-1.215440011987670 -1.782234222758584 -1.397900665827783 0.267547240812786 -1.005588545049888 1.742070295283325 -1.548858624775778 0.529065113246591 -0.773075426503340 -1.662647950831844 -1.664910511011033 -0.778614164854200 -0.523067543854204 1.544030716396721 1.744863079609619 -1.037927965032349 -0.283572659246493 -1.734304388955026 1.773473058881710 -0.029139805309145 -1.116339257963381 0.789693889424932 0.247320356591022 -0.685873566192784 -0.010194643379415 -0.547569162134626 -0.027629938038481 -0.480564348835129 -0.032728504399136 
-1.370460482267558 -1.703551977308715 -0.747141139189356 -0.774817598270826 -1.710278762394572 1.351145758662919 0.030735967419015 -1.389352127724591 -1.696299274663672 -0.719233673305168 0.802253036045264 1.716434991632427 -1.331523360683630 -0.059812386252134 -1.410521623172062 1.718653880755574 -0.653368996243270 1.161347562120645 -1.654567215440612 0.193705482149726 0.921195737863114 -0.565673274418523 -0.339362029744418 0.488065375644157 0.162085109020031 0.407164191007512 -0.112673798978998 0.366384055175965 -0.096129420289748 
-1.493190968953395 -1.458593151774062 0.068393989439554 -1.525402425800768 -1.421664267162440 -0.136678674237821 1.555176043197793 -1.382463332884217 0.204744914772497 1.582463939405291 1.341055130874094 -0.272447680903872 1.607365985414908 -1.298960638480575 0.343746283588415 -1.657957466770033 1.198499017475623 -0.695833770688003 1.479863921612218 -0.197033212810046 -0.835745758694951 0.381951569024429 0.421510911491660 -0.333863406123803 -0.274444782768816 -0.287277478823338 0.219800767917399 -0.262897758874719 0.197323222724761 
-1.575376166813548 -1.061605878183546 0.859987001777899 -1.641129217104835 -0.245928182441997 -1.475404478092424 1.240165685616086 0.639688405861338 1.671235421001527 0.486514799237038 -1.343387914766877 -1.391815397145168 -0.405661159795715 1.666183563174468 0.711593072629738 1.205065942560372 -1.446393784921071 0.380995066479317 -1.340467424050471 0.138202476511236 0.803597526430387 -0.231982039183626 -0.483108071753241 0.206716284449307 0.352564581869992 0.181860874156699 -0.295852964803481 0.168402352710572 -0.270376410307656 
-1.611624168279909 -0.554464523689535 1.420865730871798 -1.043300355393026 1.061927806010867 -1.408646883908407 -0.577295756618845 1.607260197993521 -0.024332625684622 -1.615631747403993 -0.531508389222029 1.432787081295722 -1.024267994662337 -1.081038964770940 -1.390667771233084 -0.614338081023978 1.527909701602550 -0.174409223122980 1.254814524518221 -0.060562803191399 -0.794136317463060 0.105691563368728 0.521183703250194 -0.097298739302276 -0.399043636557473 -0.087407645414274 0.341579513689954 -0.081803840310482 0.314687867548274 
-1.600000000000001 -0.000000000000019 1.600000000000002 0.000000000000001 1.599999999999997 0.000000000000019 -1.599999999995598 -0.000000000079078 -1.599999992930095 0.000000042935877 1.599998020311105 -0.000005415069708 1.599836053591539 0.000242635965053 1.594636642745235 0.004525064391075 -1.525772235156787 0.022598282384502 -1.220062961354845 -0.019092516371541 0.793226745842981 0.005357527017662 -0.535023406108273 -0.000160957539254 0.415042458268433 0.001618475294584 -0.357194044296400 0.002291757436408 -0.329808532030669 
-1.542202752417429 0.530580721846828 1.359661318125309 0.998359736316477 1.016184801352595 1.347968803338519 -0.552428489429557 -1.538026761906372 -0.023284483664880 1.546037620126458 -0.508614061779203 -1.371058682425276 -0.980177934079737 1.034004589301371 -1.331288361191687 0.578984714183327 1.468333810714570 0.121631685683924 1.231965346544869 0.094009517699218 -0.796730024362815 -0.107955667350441 0.524602535863141 0.089818373206093 -0.400914430756697 0.077275713282337 0.342738584011635 0.070850038762897 0.315576950858740 
-1.443290160347607 0.972596482304639 0.787882160362635 1.503530204914370 -0.225308553822167 1.351700508501906 1.136185102292616 -0.586054303440069 1.531112174378849 -0.445723321733311 -1.230751564033819 1.275109993876905 -0.371590471240112 -1.526045930841638 0.652896240787301 -1.095272214603418 -1.336428656296388 -0.301338080140959 -1.289296958901291 -0.158596183602263 0.808278457964021 0.208191919701160 -0.490288055940158 -0.175375927121656 0.356402437576208 -0.150923726114599 -0.298189203112694 -0.138369211587817 -0.272160521608173 
-1.311002843109826 1.280626395869904 0.060049060348716 1.339284096067874 -1.248203300816895 0.120002152600646 1.365424956736012 1.213785374941156 0.179763462819236 -1.389383459223254 1.177427838021862 0.239214758658778 1.411165373240204 1.140076768005248 0.300511205628943 1.447198604716935 1.066479778341306 0.557675161030653 1.389220756884029 0.201034603229107 -0.840769604815744 -0.312312339329530 0.433222715138007 0.261031337545020 -0.280474643281126 0.221186048472539 0.223354426302808 0.201146998063414 0.200015019112740 
-1.154815326451025 1.435494097244570 -0.629576736959506 0.652898240602083 -1.441162406995516 -1.138539819689989 0.025899591191024 1.170734327273595 -1.429382635475966 0.606060643321679 0.676018649928004 -1.446358206800171 -1.121905342067462 0.050740588887714 -1.187048052502437 -1.440529111709684 -0.564438853611916 -0.916180693540134 -1.509893265823983 -0.192292945560598 0.921478746759229 0.426764882465263 -0.356959609930651 -0.352649699013419 0.170746234342394 -0.290533563979130 -0.117517499020462 -0.260307480757822 -0.099749993714341 
-0.984883641863582 1.444162866659185 -1.132733401192317 -0.216796302823148 -0.814838822728405 -1.411617619857034 -1.255056200257959 -0.428706945831914 -0.626431020036860 1.347260810550574 -1.349096455890188 0.630926484728795 -0.423958538450917 -1.251428642224400 1.412146546875618 0.835014043879106 -0.220040278241912 1.331825986122670 1.569579046631864 0.068767784526667 -1.098699825433803 -0.554993955378954 0.272790743085848 0.459699450109410 -0.022339360484552 0.362725825871902 -0.021368507158111 0.317374649779549 -0.028146474911664 
-0.811061353121896 1.333693661471676 -1.382038806074551 -0.938904321991202 0.161877370116185 -0.672716293639777 -1.268079081426663 -1.412488513893332 1.054589808234334 -0.321658915117742 -0.525659034178192 1.186074460515993 1.424734069759707 1.155514463079181 -0.475524576338073 0.358773504269077 1.090737394870528 -1.574545026592310 -1.365289606915948 0.278967923489559 1.434377746714719 0.682750195053053 -0.215701306428599 -0.598614578723966 -0.173742766760842 -0.444251483208595 0.198445223005154 -0.374557122910445 0.183842235006738 
-0.642121195166267 1.142079452947830 -1.389186113585390 -1.328732799613780 0.974103621000917 0.403811989379211 -0.255881921732789 -0.858924649891373 1.271805073264414 -1.403112934854943 1.223776195438759 -0.773531060624952 -0.152082447446831 0.504232115649197 -1.049514919208156 -1.347951913481016 -1.363285158213460 1.162494448706898 0.591319708488142 -0.940825936328946 -1.924225041305601 -0.731414639955073 0.285078650770590 0.796801499696231 0.430288278734434 0.547846148971226 -0.426044618241249 0.435360361097116 -0.369263063608033 
-0.485261632226904 0.909089202778446 -1.217826194469202 -1.372386542938521 1.353202927487937 1.162703991423304 0.825006876110989 0.382863994368225 0.107749413390583 -0.584721989621715 0.987670200733095 -1.265552187355984 -1.383153819934434 -1.326723769273031 1.103228569998474 0.724356404224018 0.254263380935058 0.202287897815154 0.745724662897743 1.682746109262597 2.238213710226072 0.462795977452469 -0.709889557029661 -1.084394689293928 -0.745765290893846 -0.701888047982063 0.733814760859014 -0.506123784344366 0.590656990299390 
-0.345914027496403 0.669426665980736 -0.949587240172556 -1.168252554047908 1.311261844034896 1.369353829923205 1.338766475285248 1.221480616530177 -1.025091678098919 0.762318006556987 -0.450177923719612 0.108861425648071 -0.239567408377164 -0.571612497994299 0.865889320170223 1.120019668431829 1.313121082454950 -1.368445434790970 -1.431084839949599 -1.495166823818100 -1.446659833460667 0.512948726587005 1.771223320467592 1.404994221353724 0.998984373779921 0.975319261431014 -1.193186391096297 0.600632454088864 -0.865668466059143 
-0.227812214937688 0.449163952076306 -0.657777944922599 -0.847738153944987 1.013657538271030 1.150830825625592 1.255367948134313 1.324304360228611 -1.355685114518113 1.348620134382487 -1.303308822607756 1.221055015713831 1.104228813241500 0.955417401327177 -0.778754653560200 -0.590801294631629 -0.390449858590072 0.093316113730450 -0.211018727803968 -0.462745955565461 -0.873031087912823 -1.931071532263718 -2.943257690349033 -1.270445397013355 -0.600926448998668 -1.521848241430826 1.952076818305540 -0.757348545187801 1.247614814730965 
-0.133251429739908 0.265196607324003 -0.394542085672501 -0.520019902330811 0.640400009194776 0.754502330565388 0.861208331331341 0.959471981657770 -1.048330007424227 1.126911450934434 -1.194446704993727 1.250260554557307 1.293776960830882 1.325109219976597 -1.344331655436112 -1.345569936675656 -1.340176187352858 1.391549789434000 1.496514726570157 1.346995298827625 1.459335613378802 1.334911153687909 1.534634787919886 -0.489218335896966 -1.647559952571434 2.444185999200752 -3.038248129102478 1.120464628118707 -1.931503079857404 
-0.063450061956735 0.126757797331923 -0.189781198800682 -0.252378896835382 0.314410476815415 0.375736793995257 0.436220285621462 0.495725279630635 -0.554118301268448 0.611268302561634 -0.667046640023695 0.721336015404453 0.774033930969058 0.824729745700672 -0.873264344602337 -0.925872672275992 -0.985782148494199 1.040232834874998 1.157716282988266 1.352587682084121 1.751568976267035 1.709806526491483 2.290905295774190 2.662463539520313 3.908890032112362 -2.325716966338675 2.578860234421182 -2.337489531724373 3.758101362362737 
-0.018933981831173 0.037864156841420 -0.056786718975225 -0.075697863707681 0.094593788809435 0.113470695111180 0.132324787268398 0.151152274472422 -0.169949370250172 0.188712321876581 -0.207437546553007 0.226118095243664 0.244742175559042 0.263435872070719 -0.282308657163385 -0.299985766587244 -0.319032695751153 0.357715768150823 0.418333392895352 0.444405536682098 0.559589428854956 0.691986025000864 1.008649588624953 1.047038888173540 1.542825757794880 -2.459738762167330 3.976709548180487 5.830609404111463 -8.605340949776849 
0.000000000000000 0.000000000000000 0.000000000000000 0.000000000000000 0.000000000000000 0.000000000000000 0.000000000000000 0.000000000000000 0.000000000000000 0.000000000000000 0.000000000000000 0.000000000000000 0.000000000000000 0.000000000000000 0.000000000000000 0.000000000000000 0.000000000000000 0.000000000000000 0.000000000000000 0.000000000000000 0.000000000000000 0.000000000000000 0.000000000000000 0.000000000000000 0.000000000000000 0.000000000000000 0.000000000000000 0.000000000000000 0.000000000000000 
******************************************
ASBF GLL NODES
29 1
1.000000000000000 
1.002256752932858 
1.007538548178016 
1.015764320369754 
1.026833570005978 
1.040611815929553 
1.056931775698383 
1.075595334660908 
1.096375936949142 
1.119021331407008 
1.143256632071626 
1.168787654289522 
1.195304485428935 
1.222485246651102 
1.250000000000000 
1.277514753348898 
1.304695514571065 
1.331212345710478 
1.356743367928373 
1.380978668592993 
1.403624063050858 
1.424404665339092 
1.443068224301617 
1.459388184070446 
1.473166429994022 
1.484235679630246 
1.492461451821984 
1.497743247067142 
1.500000000000000 
******************************************
ASBF PLOT VANDERMONDE
70 29
0.000000000000000 0.000000000000000 0.000000000000000 0.000000000000000 0.000000000000000 0.000000000000000 0.000000000000000 0.000000000000000 0.000000000000000 0.000000000000000 0.000000000000000 0.000000000000000 0.000000000000000 0.000000000000000 0.000000000000000 0.000000000000000 0.000000000000000 0.000000000000000 0.000000000000000 0.000000000000000 0.000000000000000 0.000000000000000 0.000000000000000 0.000000000000000 0.000000000000000 0.000000000000000 0.000000000000000 0.000000000000000 0.000000000000000 
-0.090374311947464 -0.180561309332669 -0.270374065831386 0.359626430790783 0.448133415055045 -0.535711574383688 0.622179389668426 -0.707357643290216 -0.791069789774447 -0.873142257034859 -0.953405035610146 -1.031699216266130 1.107853617664877 -1.181471240893003 -1.252670782141200 1.330379955660456 -1.396912664463142 -1.549238849223020 1.564589495553597 -2.242325322151050 2.080468135895850 -3.186525461310819 2.604969759817695 -5.313534760652598 4.113295357975041 5.566750821488643 3.194972718064005 4.785092671046353 3.695697072051512 
-0.179271585694585 -0.357057670570860 -0.531885063138131 0.702305088561996 0.866905592840210 -1.024322644355607 1.173251835842536 -1.312459093004689 -1.440790900594014 -1.557183918915276 -1.660673727993189 -1.750395945614956 1.825605609210119 -1.886008984760936 -1.930857601522788 1.962775972155559 -1.968056411746699 -2.133836621430422 2.065871807850692 -2.494952100710158 2.064957331032950 -2.880107250351673 2.101700053408095 -0.630396242817906 -0.485469037207434 -5.493731968450405 -3.770352819696603 -1.470197925104223 -1.594202068696496 
-0.266538972699038 -0.528112828647793 -0.779848941826690 1.017057944750200 1.235321082510577 -1.430572525821072 1.599175109719399 -1.737988086788644 -1.844425637824196 -1.916505168563944 -1.952883064263922 -1.952867862372072 1.916525933463602 -1.845018967429733 -1.737697682896297 1.597639268863662 -1.433880300938258 -1.346182755271088 1.025492576462000 -0.709964920942636 0.315591891006491 0.763922146031071 -1.382219653890765 5.095732216684064 -3.593021241880512 0.813899273286350 1.445102337195340 -0.925338260570518 0.017037650146726 
-0.352028689295212 -0.692413467596322 -1.009895564857601 1.293973753778092 1.535251694662461 -1.725748734359399 1.859163879113198 -1.931084210566197 -1.939130843682540 -1.883037336761169 -1.764660238062540 -1.587946315692549 1.358651160971301 -1.083296549537388 -0.773659702381108 0.455010552826995 -0.097141396953636 0.403853937862517 -0.751727733373058 1.332727478278257 -1.626677061737944 4.053949943240899 -3.179092072495313 0.557387882941444 0.764717207374276 2.610209258844859 1.259663563946458 1.723420895847044 1.046853616198820 
-0.435598214633943 -0.848718762221176 -1.218043864573356 1.524515668825630 1.752319667609249 -1.889700756645592 1.929569819694635 -1.869869539893801 -1.713680559640376 -1.469062555043140 -1.148638682913643 -0.768937897819814 0.349525882768508 0.087690628355322 0.519625236071431 -0.933803403313588 1.302804348442737 1.703611817567249 -1.835105391336887 2.690081045147620 -2.382485834253716 1.791283665460650 -0.241763820698437 -3.391147140395681 2.440060322026149 -0.992123352772684 -1.261632355193160 -0.240240852861382 -0.662949458452733 
-0.517110478050962 -0.995869237567903 -1.400768931533067 1.701780001937854 1.876577834724444 -1.912198474281991 1.806000100722157 -1.565858960951778 -1.209585231257797 -0.763602417100428 -0.260985534601305 0.261022694815634 -0.763593942890112 1.208315935277603 1.565563216165602 -1.830986982265603 1.924648493856518 1.910281924369087 -1.691044754424754 1.788667300882143 -0.738513561751783 -2.447363784255438 2.595300659367100 -1.297623522628484 -0.119302860466742 -1.606691889435424 -0.633797577398209 -1.170709784546276 -0.560270135368382 
-0.596434035612604 -1.132794875986102 -1.555059934281942 1.820698419540775 1.902955063560080 -1.793544927619259 1.503487866495814 -1.061998602122958 -0.513544201199889 0.086634719690740 0.678088346657324 1.201238887021072 -1.603356049640189 1.844321575537847 1.900513416938643 -1.765394130123350 1.432479743518334 1.037543560024451 -0.435549408859399 -0.932748570762162 1.772733052781079 -3.117507730626270 1.656865274952114 1.827982539531575 -1.694324817943349 0.450976880111024 0.850164882934299 0.157565457977665 0.554568549626543 
-0.673443235607391 -1.258522418058168 -1.678467947116815 1.878177793257155 1.831447563106255 -1.544408838841516 1.054724639039659 -0.426647567087122 0.257410930326240 0.907694288132242 1.438875805423774 1.781220014209790 -1.889923661952899 1.752125353588663 1.382115368255116 -0.811991067912189 0.156500770682638 -0.493430668048729 1.198664250966519 -2.819999487724528 2.420782679560130 -0.249766571069793 -1.030854430313422 1.738157834028094 -0.526610170877582 1.261362236199480 0.614387389051164 0.938623228206416 0.510111413273932 
-0.748018372772536 -1.372181810481368 -1.769142955814923 1.873174015623024 1.667049797816699 -1.184899813836628 0.506557202992377 0.255659830747790 0.975545380167055 1.533902759144826 1.838279320148996 1.838269314836747 -1.533967624813708 0.975935338776814 0.254012231535951 0.514913085131294 -1.175220309729527 -1.808320446319832 2.043187646783079 -2.052724542768690 0.634833909523414 2.271707616186834 -1.975773600488554 -0.380093220353981 0.993655407306217 0.157886202238176 -0.461340339072710 0.200699786628880 -0.318749761215751 
-0.820045831065069 -1.473011761095062 -1.825859514867028 1.806698271712904 1.419432031249145 -0.742964194578248 -0.084878576765483 0.895427797950413 1.523538446613873 1.841236069076809 1.783792400599509 1.362947069323535 -0.664371117043480 -0.170986677373567 -0.970365760799092 1.557634104042145 -1.837945145510890 -1.986704070787797 1.372413745637510 0.472817518069719 -1.585253151143259 1.992718573930896 -0.591524765322261 -1.509000633716853 0.913290536571278 -0.894908430830431 -0.682517125089124 -0.674437478632245 -0.556482658523935 
-0.889418214808273 -1.560364368579574 -1.848030740245556 1.681756459517584 1.102384275288503 -0.252228155373048 -0.659883975836572 1.409905642374649 1.813605417471637 1.771820303551438 1.294816174815083 0.499792657881693 0.418115913786550 -1.234507647044562 -1.744362871558953 1.817450555116656 -1.470536020339027 -0.811158826214763 -0.357004953381301 2.347278432124192 -2.091194019350470 -0.135696709032680 1.109790039144330 -0.722411674044027 -0.224033653905472 -0.652523116574864 0.022376280343921 -0.554721622827796 -0.008708298605021 
-0.956034468065198 -1.633708801860365 -1.835710535310587 1.503224603139191 0.733058005317093 0.250546634337117 -1.161201817560638 1.733760096509294 1.801514718979028 1.344738277418626 0.496426900360611 -0.496438939771918 1.344812244191320 -1.801032361080362 -1.731499479160684 1.172426961007220 -0.271765713035572 0.943134716841406 -1.808227199984006 2.065028980733844 -0.665855912414003 -1.694747192891940 1.346601081308565 0.643960866280132 -0.871597898688220 0.293414390192153 0.586152840082803 0.206798075251315 0.480326997890689 
-1.019799982112311 -1.692634011871746 -1.789584160267021 1.277665134928293 0.331046846886896 0.728203316540292 -1.539697290843860 1.827340954319753 1.493269478546865 0.651144185662528 -0.412520780694863 -1.335879079556064 1.804647337861833 -1.657742070932843 -0.949167501894234 -0.059939135594420 1.085253390263518 2.049365938704912 -1.871210323269709 0.154693628829487 1.147943219058007 -1.413765352648263 0.222978702616260 1.077664418357803 -0.444746468829474 0.760950971473811 0.380706993727064 0.630825957132393 0.333823177459787 
-1.080626690907803 -1.736850466009315 -1.710947463847323 1.013090771703657 -0.082644930004587 1.145922846276341 -1.759153580345868 1.681498261336118 0.943455074362856 -0.165118329936335 -1.208845379433405 -1.777837628950972 1.648473592397358 -0.870886560394596 0.245190698909149 -1.262806660672778 1.820413740602633 1.749102799644671 -0.549341438770315 -1.630469762757127 1.740563985253393 0.052958145012492 -0.904347366129117 0.375724775147482 0.379686432026698 0.361553497592737 -0.225664017752485 0.324532275975860 -0.180590092414198 
-1.138433154470527 -1.766190903270070 -1.601675295941529 0.718684318938300 -0.486692214636198 1.473749610920729 -1.799716211089395 1.318370759430506 0.245633956485729 -0.937288878486299 -1.699765513306858 -1.699742049262888 0.937215213257437 0.244710950910525 1.316002514489548 -1.822579505114865 1.504004226855304 0.290740636370823 1.107544833924121 -1.927821664652777 0.806795899655663 1.204653073020042 -0.995876192140743 -0.560049422252631 0.689500603003511 -0.345534790189982 -0.518507127907465 -0.278910368068366 -0.447844283837307 
-1.193144630107101 -1.780610115685380 -1.464179808252468 0.404484056445791 -0.860541000041769 1.688727366914094 -1.659660622037045 0.788095994277907 -0.483531881950539 -1.509703604575219 -1.769498995233925 -1.130990941972655 -0.081542601614222 1.250868545858999 1.788142025751259 -1.448677495655501 0.320804309150211 -1.296957453889005 1.874196374564560 -0.733739667286442 -0.658735165435450 1.146538239781663 -0.168144626907458 -0.831199920729155 0.272388931972147 -0.628318156249051 -0.242866106220477 -0.542247461071710 -0.219965387882856 
-1.244693131446294 -1.780183769136855 -1.301359523488777 0.081045350714167 -1.185446922816086 1.776494066429517 -1.355328649199263 0.161922723011012 -1.123743702314030 -1.769122542145797 -1.406486943775370 -0.242437350109636 -1.059601313824962 1.757131812534048 1.457486845150019 -0.333601416157651 -1.035176710422746 -1.960848029467504 1.264676902176557 0.847442266989346 -1.404381052369926 0.156799935035384 0.684188823477419 -0.319039380731152 -0.355122923621641 -0.290820192044091 0.249838979637488 -0.264420596204818 0.213237755062010 
-1.293017475261296 -1.765106283952496 -1.116540209192242 -0.240910225324130 -1.445408272249233 1.732225693591871 -0.919263911600948 -0.477332749291245 -1.570873849682344 -1.667076839647164 -0.704862630758968 0.704841125722089 -1.666993706782794 1.571881513228708 0.480020304537276 0.943633483004045 -1.775158564380117 -1.327257708082247 -0.189412142395669 1.609022095662389 -0.947679349971872 -0.806209944339064 0.820265428937232 0.401870432955589 -0.578403673651567 0.273342715394420 0.457822656631996 0.229949331612671 0.405865464983375 
-1.338063316082002 -1.735687802755863 -0.913408727450821 -0.550846720788712 -1.627947361736517 1.560868282032368 -0.396755061729739 -1.046211828931491 -1.753863562401262 -1.228836743157246 0.159859098448653 1.436150083523363 -1.703159426773385 0.775140466182692 -0.700589160354769 1.722684405424628 -1.482313091553515 0.112352851792230 -1.413113899766195 1.120234640255402 0.191073817263292 -0.991255274651783 0.235568192619710 0.691140635310632 -0.249509291744294 0.540597607778371 0.218418408397579 0.476498793818801 0.199586595555088 
-1.379783168620698 -1.692350279832375 -0.695941144288364 -0.838755151939450 -1.724702436915627 1.276650165447985 0.158848240496385 -1.471482854462973 -1.645974766372000 -0.547360057777506 0.974617052344745 1.742728486885404 -1.163061760604602 -0.315071572444482 -1.554221968005276 1.609154668450397 -0.347373910192729 1.392938237695550 -1.584738316572162 -0.104584648884785 1.051614581994660 -0.378825260794676 -0.478610725955380 0.372425321076075 0.272073078606020 0.320223253191569 -0.204240706669238 0.290755445655088 -0.178910325921290 
-1.418136418055863 -1.635622732734564 -0.468326470687655 -1.095473412792398 -1.731802391802444 0.901919309495452 0.691564155961035 -1.699542189767810 -1.268620915456756 0.236364651751093 1.541233494198179 1.541247939763330 -0.236472376560658 -1.269313591977334 -1.702971105982282 0.676168061785685 0.959241424907080 1.725931182040880 -0.669137493997200 -1.115446637839209 1.018902607969702 0.447107771792393 -0.718161643601281 -0.215866049579813 0.511999402337421 -0.148666351452601 -0.417045393135801 -0.125953039154081 -0.375321176068341 
-1.453089318239736 -1.566135702925783 -0.234887469691013 -1.312974628905470 -1.650007942708852 0.465399430245734 1.148401706472201 -1.703143655711593 -0.687241885024535 0.962435829149743 1.724553629544047 0.896332721959281 0.758550441462725 -1.716016189506577 -1.089045117313813 -0.583448692760044 1.688783992638512 0.972002552036281 0.635843853228164 -1.241141921061063 0.222369653516939 0.837423067941943 -0.346298205409492 -0.574175765567977 0.294512266625545 -0.458472542516373 -0.252667123313051 -0.409155094303802 -0.231286480185472 
-1.484614977916182 -1.484614977916192 0.000000000000013 -1.484614977916186 -1.484614977916179 -0.000000000000126 1.484614977907686 -1.484614977222241 -0.000000009776712 1.484614603716935 1.484616984245322 0.000045856491591 1.484739648353994 -1.486504838007612 0.003258730841788 -1.521400711999237 1.444250980346770 -0.331790050402527 1.431733309404884 -0.499373581678032 -0.664448661004600 0.558804091940955 0.272076555581557 -0.449300666944514 -0.156480281663379 -0.377960850245591 0.119663093508201 -0.343358389435083 0.105751684057857 
-1.512693335055900 -1.391874632536325 0.231987624386205 -1.605333422869103 -1.245127939140511 -0.459653758267521 1.668069186417548 -1.075186868029066 0.678757405795016 1.699731937232317 0.885218873617749 -0.885213312658278 1.699872237783202 -0.678804099135050 1.079556039647205 -1.669617760005906 0.392143696876056 -1.355975308622819 1.227508437283467 0.511331101961857 -0.981151906064093 -0.105142758522916 0.623392092956446 0.012510807336422 -0.450336099328348 -0.005670127588475 0.373646556605227 -0.009796710317967 0.339486955724393 
-1.537311119436343 -1.288809451686364 0.456833796560368 -1.671797454188159 -0.944722682815700 -0.879786320305269 1.682294219730848 -0.530570154969466 1.237489119572297 1.568023244201416 0.077067715240732 -1.503454607806668 1.337495701177143 0.384029928445294 1.659631430212797 -0.972417801944398 -0.852636381671823 -1.500428392014929 0.223900197972108 1.082913103890265 -0.550270111432580 -0.630584234399942 0.456992117595634 0.429475183743690 -0.360229484023439 0.347110476013230 0.307404944444691 0.311986612680911 0.282044772681794 
-1.558461803613625 -1.176386801062065 0.670479882911976 -1.682490757415931 -0.599528734138288 -1.229943452077657 1.527937271155682 0.076597739210254 1.585756195362722 1.120392342549825 -0.740043150291048 -1.679058050089887 0.527232030641983 1.283322727774226 1.491768568384428 0.198363495037777 -1.587699488092931 -0.732810377860597 -0.872662622392456 0.875175868429142 0.251850260898194 -0.653694132254787 -0.056152257989451 0.493916061595129 0.016172674531183 0.413989003813086 -0.007300162082440 0.376983832880602 -0.004812003037688 
-1.576145542453301 -1.055638015963599 0.869122243695645 -1.637740655759524 -0.227769667579177 -1.485189819872988 1.222489249344936 0.666416368086421 1.668827768744284 0.451296624203220 -1.366570086187441 -1.366593158751781 -0.451462463311930 1.669876338404617 0.661439219078797 1.243621135687109 -1.417262307991361 0.435294510208045 -1.342233969486493 0.095596419353850 0.817869412036286 -0.204228480602169 -0.496582066988443 0.186557514942197 0.363780353976766 0.165154168654992 -0.305647850777218 0.153245876279012 -0.279450440070679 
-1.590369101406123 -0.927649381319048 1.049278750807184 -1.539685155377318 0.151192903597840 -1.627874748194770 0.798333216906203 1.162213466423343 1.476242895323276 -0.301133150821479 -1.651892271828139 -0.662378696001061 -1.265615892274305 1.399488130482582 -0.452154297421029 1.643475165801974 -0.460554711450739 1.287246939591863 -0.912682400875524 -0.692404499176734 0.757377187185416 0.359674861499577 -0.532727141676744 -0.240266893585738 0.411264330206791 -0.194194324964983 -0.351596918242877 -0.174753777549059 -0.323464560543610 
-1.601145773733617 -0.793552778481652 1.207848659525535 -1.392181382744660 0.517861887208546 -1.648841798183323 0.299329783705012 1.500489296983262 1.042995637526313 -0.983564836143941 -1.530464340298368 0.225095956734446 -1.641948868612571 0.586347273166290 -1.349442751987701 1.213568039063686 0.731248007996485 1.333642866614334 0.095243796389920 -0.967262103283856 0.151778951082963 0.631779747920124 -0.159441148701932 -0.468495720736669 0.135046002429936 -0.393285957943315 -0.118587800257427 -0.358936032539704 -0.110103026046507 
-1.608495286906673 -0.654516076175987 1.342164824231452 -1.200659084171208 0.853602203629639 -1.548000086338196 -0.223702352095576 1.639027264313533 0.443237541704049 -1.458668926015554 -1.036784909952255 1.036832022706578 -1.458502560146300 -0.445200816371171 -1.634334923645613 0.186698319910048 1.491870495622117 0.583742556846750 1.005317534524921 -0.581589185671439 -0.537307511056545 0.440715156531559 0.322018676369918 -0.345197499545290 -0.238977035891392 -0.295450400033148 0.202523696484107 -0.271650974455552 0.185915292433208 
-1.612443698418163 -0.511733344164679 1.450037398100931 -0.971924597739566 1.141582457835357 -1.334223020537781 -0.718146644960453 1.562137697285819 -0.222378676178263 -1.632712947843306 -0.295785535931737 1.538842802013807 -0.784005348230037 -1.290056272343300 -1.188438180278048 -0.913796566530890 1.409211247078816 -0.486873964306660 1.232603929351569 0.171806303180086 -0.813958995684392 -0.052124804695209 0.544867193466371 0.022366832608636 -0.419938405192574 0.013985046277929 0.360249962886410 0.011078340961130 0.332155952227591 
-1.613023281267933 -0.366414968780343 1.529788320616444 -0.713922252927246 1.367613475990333 -1.024589839023379 -1.134867266903096 1.282386709083884 -0.843559822073070 -1.474009754528087 0.508723037716841 1.589530704867248 0.147661232749918 -1.621264264904644 -0.219476869359373 -1.539753260699781 0.544980548677523 -1.234568175336624 0.650552547655811 0.777809493281646 -0.495303088724311 -0.486626975765600 0.349693162156851 0.359623003566790 -0.273942644335501 0.302408758252626 0.236256713987063 0.276307364395884 0.218270403131720 
-1.610272399395257 -0.219777749418528 1.580276071346911 -0.435461455200821 1.520842190086514 -0.643033337997308 -1.433077896359837 0.838626725605129 -1.318618062766896 -1.018597661753019 1.179592823118736 1.179540599064355 1.018470017331403 -1.316200414949420 0.835367459199477 -1.388929995189592 -0.609588572971399 -1.227791744341793 -0.344841462822945 0.843096046233181 0.174544986259021 -0.561865584150216 -0.107114565742501 0.426850200320080 0.081151212867700 0.362861386626867 -0.069392613388146 0.333039171230890 -0.063915702068491 
-1.604235373350073 -0.073035054422687 1.600910350561566 -0.145918732542112 1.594267196602025 -0.218499971805539 -1.584319680415048 0.290628336112252 -1.571088409612685 -0.362154110099860 1.554598335689409 0.432901686850293 1.534702884017895 -0.501561832869156 1.506255444971421 -0.548746451374937 -1.411060826550383 -0.489843152918366 -1.101043778012143 0.343475848556142 0.709130008346193 -0.238438419248553 -0.478183093943803 0.185343120472369 0.371202339285341 0.159282616634431 -0.319561414677563 0.146944534140817 -0.295083978786601 
-1.594962336509900 0.072612886477999 1.591656533506295 0.145075271660350 1.585051779280625 0.217236966188175 -1.575161763194127 -0.288948403677139 -1.562006981231136 0.360060811761483 1.545613644165128 -0.430409217232225 1.525911948062398 0.499105106831368 1.499348384281959 0.553822647244854 -1.419088944522661 0.527736251341881 -1.129471784335181 -0.374843591715097 0.725897857996433 0.245515241503003 -0.484916064863966 -0.183565666089398 0.374697912771483 -0.154588542209735 -0.322039335649655 -0.141178858224286 -0.297217877470622 
-1.582509082164305 0.215988477876782 1.553029932185753 0.427953499076654 1.494620773016056 0.631946556307689 -1.408369656783028 -0.824167644174404 -1.295883285559519 1.001035658019411 1.159258245498898 -1.159206922555938 1.001092515328995 1.293659275291774 0.825084898614957 1.367781681018804 -0.635978272122824 1.217262009892932 -0.415330585381356 -0.830256737385119 0.213838946929283 0.546500607308298 -0.122475691895464 -0.412793015853719 0.089088867268953 -0.350025069750068 -0.075042481774633 -0.320878784224505 -0.068799269894187 
-1.566936901803135 0.355945969672288 1.486080082884538 0.693524474272169 1.328538805247751 0.995315843622676 -1.102442487861573 -1.245747088741679 -0.819458126923878 1.431895145778324 0.494190785916685 -1.544110091826524 0.143596414112389 1.574709651549162 -0.209646178901513 1.491323454974675 0.498043503701406 1.171731079486795 0.575135472919705 -0.721610874842407 -0.459504414915053 0.454632578653344 0.336827206906381 -0.339752958984362 -0.267381142441250 -0.287693808503899 0.231516793941868 -0.263820662401287 0.214122308082547 
-1.548312414958351 0.491380313430813 1.392365456130997 0.933268505784005 1.096178610080542 1.281157332220891 -0.689583994309385 -1.500007220536711 -0.213534070717249 1.567775418471473 -0.284021113012716 -1.477628483282220 -0.752806150906145 1.238288859916524 -1.140621984831435 0.868751170793835 1.349571902599526 0.421315481798840 1.193243318807738 -0.123404680563582 -0.805966634321435 0.037534024368313 0.544036557610207 -0.020215667511283 -0.419634632649437 -0.015972700417939 0.359877081516689 -0.014603351459730 0.331727450483271 
-1.526707390962267 0.621235597726318 1.273919155202720 1.139608622264192 0.810198701750168 1.469288217541302 -0.212327656214577 -1.555686894824766 0.420700052212443 1.384499255558204 -0.984069398788270 -0.984103549976861 -1.384470639471763 0.422184498500815 -1.554009963455468 -0.184409711762270 1.442749084782664 -0.585160328308550 1.025637428494709 0.563014855845565 -0.563657507859460 -0.407181862868448 0.334234578936890 0.312375926440712 -0.245267834879277 0.264956426927282 0.206832027032847 0.242594304380956 0.189543378781918 
-1.502198562997271 0.744513000036116 1.133206326633490 1.306147701788529 0.485859186313638 1.546947080318051 0.280831875738684 -1.407762430314613 0.978540867722258 0.922782737590091 -1.435888276370823 -0.211184974258168 -1.540659967889576 -0.550164804077345 -1.270134091917347 -1.139527445504231 0.724105113131499 -1.243306216736930 0.167847236471823 0.871935532187216 0.107458015641417 -0.559158936121139 -0.142789305537756 0.413925998675296 0.126751738899918 0.347871476837759 -0.112723721857123 0.317773210913640 -0.105022060546863 
-1.474867434823556 0.860278197200866 0.973074148793234 1.427864445768914 0.140212413392413 1.509649207823101 0.740353709540784 -1.077806901936500 1.369029732635025 0.279263205929949 -1.531924107346939 0.614265684831284 -1.173799088317343 -1.297550256548873 -0.421807826198821 -1.518226042857196 -0.404959602357791 -1.150524356922106 -0.824803991062902 0.583120074680406 0.724708025185145 -0.302416543083087 -0.524038694342666 0.206898090078186 0.407231852988162 0.170150108247429 -0.348528464928993 0.154538879613506 -0.320648832204366 
-1.444800080582192 0.967668181299928 0.796695390054320 1.501262267779572 -0.208788861947577 1.361424001550269 1.120615145227114 -0.610881670892954 1.529758781998845 -0.413688492556826 -1.252688179720364 1.252700454425870 -0.413789277845191 -1.530280989248197 0.607124839383281 -1.131218974159273 -1.308914243566237 -0.350584164266814 -1.288326497454400 -0.121960815393680 0.820602268782792 0.184971351568119 -0.503038692577692 -0.158541639514529 0.367271773411795 -0.136933873346669 -0.307742140694656 -0.125651569254141 -0.281024850271516 
-1.412086938080853 1.065897433006476 0.607506634240664 1.524466763625496 -0.543219405517564 1.114423901330053 1.384429350645810 -0.069403476486971 1.436817752436509 -1.015162080260829 -0.670533390687962 1.521350871725758 0.477872839132978 -1.162512481889223 1.355058195647523 -0.173979920604344 -1.473351683602578 0.681573143880908 -0.888010802216119 -0.766926051588215 0.291100770679743 0.547836264242883 -0.073861382300698 -0.408338977006996 0.024761743518725 -0.340990284870602 -0.013065067984125 -0.310120516592867 -0.009663092329240 
-1.376822595978702 1.154263410026765 0.409142356260086 1.497269148531168 -0.846097787356918 0.787940495658018 1.506670097878721 0.475180963016430 1.108300681737220 -1.404328534493674 0.069024733542393 1.346503143822282 1.198012408939340 -0.344006211231848 1.489802212525147 0.869804424516534 -0.798286957742971 1.314815693584244 0.140057122895579 -0.893222471339194 -0.499022165574318 0.506156236879145 0.441055281257686 -0.346021277360391 -0.353143755012620 -0.281544697678360 0.302359534662891 -0.254069798127369 0.277562780157523 
-1.339105575295385 1.232151314048519 0.205366093718911 1.421114833359550 -1.102244405140780 0.406906605679434 1.476651410926801 0.951804768555120 0.600867211143024 -1.504680803551282 0.783636578302091 0.783640136368300 1.504825715227825 0.600559980569131 0.956622971799315 1.470924220789446 0.337852472867628 1.142798948588519 1.116900565859715 -0.381144645523785 -0.953735603922410 0.069752976324023 0.622215000130096 -0.008162240058520 -0.450595483718762 0.002132480840321 0.373333470129935 0.003971759935660 0.338865895367751 
-1.299038105676659 1.299038105676640 -0.000000000000014 1.299038105676682 -1.299038105676656 0.000000000000106 1.299038105680877 1.299038105189582 0.000000003814286 -1.299037843788525 1.299037607848534 -0.000031882053328 1.299031532829607 1.300323537546177 0.000760703713914 1.323090604715631 1.286523401097028 0.245276087806551 1.358793409852896 0.440326033334887 -0.683940615754814 -0.446092651902078 0.288286285756585 0.348143413631119 -0.164344078722685 0.290079893413521 0.124488882783271 0.262565743296314 0.109577389667369 
-1.256725896855988 1.354495743070923 -0.203145919732795 1.135545624999345 -1.427033896396845 -0.402507615347645 0.993212286692559 1.472989107656066 -0.594371344937875 -0.832376942964829 1.491502997013195 -0.775205011383588 0.655887912533878 1.484001764445550 -0.945225263868449 0.501045503058884 1.498365843468795 -0.837792726254349 0.652328844737879 0.991170480867987 0.164113179444397 -0.636765276029847 -0.324022670840576 0.432770083457719 0.285162953751575 0.346104077328736 -0.246496621855446 0.309418445027130 -0.225988155043201 
-1.212277905757431 1.398193626369849 -0.400343595910440 0.936453078677393 -1.480411722024671 -0.770995538762203 0.591175810745520 1.452834452442002 -1.084466261088783 -0.202053601536557 1.317504953634691 -1.317524372742222 -0.202213895688536 1.085259553641524 -1.457681693035427 -0.574715265961432 0.844503149887156 -1.422559517419496 -0.558913017387025 0.838695777166785 0.960155765660419 -0.318986171139583 -0.707937945972647 0.156665745748287 0.509192543194711 0.111278924788439 -0.414695798604896 0.096031627493764 -0.372894033121707 
-1.165806099690215 1.429900236435894 -0.588014442767732 0.708680823563835 -1.457235214078447 -1.078666984710022 0.134214021373581 1.243284978503251 -1.390716656202448 0.462475414582857 0.823474752956769 -1.472474469287421 -0.982621080501215 0.266557510364341 -1.312264513763835 -1.352115035659313 -0.300173639869515 -1.110285242475438 -1.436246352235918 0.034010519642825 1.037409359912168 0.293885947040784 -0.491244614187020 -0.271436589879956 0.278960357713448 -0.229197565642799 -0.207935286258920 -0.206717723989092 -0.181514562657288 
-1.117425216089756 1.449483962939725 -0.762793458562673 0.460015612573571 -1.359509232939543 -1.303491065314245 -0.331332684543540 0.873698176231692 -1.464662670744105 1.026209440322893 0.133502116409517 -1.199342426676200 -1.422173014917996 -0.647116116893506 -0.582312420763468 -1.432522058576462 -1.269343901846861 -0.063618862459462 -1.318090246619695 -0.868986729364461 0.240282894277436 0.713902324561872 0.207355471917049 -0.487549008168880 -0.238234198231814 -0.380455061596185 0.211672403420005 -0.335478513676894 0.194040737505203 
-1.067252519263292 1.456913123262370 -0.921588744095198 0.198846535188196 -1.193035399316839 -1.429773588361551 -0.758757514344221 0.393988935989118 -1.296594296378567 1.375999898411643 -0.581789850873845 -0.581770150996547 -1.375843169296161 -1.297517560136451 0.398249251719009 -0.778397142417257 -1.496079018322693 1.063041498758048 -0.222593839477726 -1.174178542708490 -0.862242249167412 0.550674903150544 0.799277345646114 -0.273417485329116 -0.572987157809246 -0.189042544296210 0.454098700397741 -0.160760092757522 0.402262803153195 
-1.015407554600922 1.452255180085326 -1.061635400740863 -0.066115944003651 -0.967075121244706 -1.449245159455686 -1.105662845393136 -0.132094852853335 -0.916738277127162 1.443231479516961 -1.147398309078644 0.197785872136744 -0.864459675580285 -1.433741989317960 1.188562114423422 0.267310457307127 -0.851295060022377 1.525484482993033 1.100690667128418 -0.569577107989368 -1.344579744439879 -0.131019350866537 0.691660490832173 0.219959159814838 -0.361788547436770 0.194554558087597 0.252925632530609 0.175153210968300 0.215034560039620 
-0.962011900714625 1.435675171809154 -1.180542882046511 -0.326128506244244 -0.693839340347815 -1.361591698977876 -1.338155684770580 -0.635428183792630 -0.389863388138415 1.217247890717653 -1.426719038419781 0.911903762922534 -0.065880273255955 -1.008771122842788 1.439472857535912 1.162276722397050 0.278231217249691 0.985674672176495 1.668217596026689 0.564210994487580 -0.679392015894782 -0.782854418437407 -0.132848350647847 0.548919061914777 0.258553523283087 0.412564373863968 -0.235539679638219 0.355946394287375 -0.214239715381233 
-0.907188919968700 1.407433376043340 -1.276335001453422 -0.572701566653957 -0.387832858538220 -1.174394221202455 -1.434148855704916 -1.050576698968390 0.195739566802638 0.746902097378567 -1.354502148652345 1.354479736304120 0.746758021412484 -0.194945017277030 1.047023924132871 1.450231874247009 1.224980772249034 -0.229628863069097 0.998848586492591 1.354629256208113 0.704854720977282 -0.780214309381037 -0.960839718363507 0.355486337251252 0.682088491360912 0.222043633759847 -0.514253579484560 0.181129724600761 -0.443766178575675 
-0.851063507865212 1.367882232297497 -1.347481940439356 -0.797874597403921 -0.065088235029517 -0.902488459243532 -1.385447379346079 -1.324288786250992 0.743031969302168 0.130041441907199 -0.952042965868575 1.400154960494761 1.298328018537053 0.686145142090310 0.193803627270574 0.996809478759314 1.444829048259592 -1.313640077091347 -0.460512390841624 1.087429270188067 1.625629175518331 -0.003917181703567 -0.905573975765576 -0.244707698662133 0.388453965261561 -0.226665753036167 -0.229483693689603 -0.201345414548957 -0.182586752274322 
-0.793761841747210 1.317462555632140 -1.392923753609908 -0.994471316361723 0.257670483917121 -0.566797426791672 -1.198424179999160 -1.422311773793308 1.162287055157065 -0.506818373946338 -0.321083361624320 1.039777305720006 1.404773041946124 1.290493781577302 -0.736586813153232 0.049999879542860 0.836231136408105 -1.520417778401239 -1.609264021149099 -0.148158863863608 1.117871387289279 0.913995361350489 0.176033133722390 -0.665656571836947 -0.426249901892694 -0.466121230048779 0.372322095844066 -0.386438142666581 0.327556765881010 
-0.735411129280921 1.256699078354138 -1.412085027161996 -1.156326617799393 0.563890773320841 -0.192728180259348 -0.893232167358642 -1.333661612645607 1.385780548145272 -1.034414085364907 0.381867830975414 0.381878728556258 1.034529173782384 1.385316696154638 -1.330869326515981 -0.901043179730736 -0.222154156570907 -0.699598353602387 -1.535970522331370 -1.389975937928457 -0.561824934269846 1.037609566930814 1.290753893044833 -0.378725046357606 -0.863811119127729 -0.174757694128660 0.582970561574705 -0.125600110890220 0.476855242577470 
-0.676139357175675 1.186195361828363 -1.404880511717288 -1.278478124837367 0.838037025601978 0.191744873217231 -0.501646491826205 -1.071816023936776 1.378710249767789 -1.346945085496461 0.984322997535402 -0.379937594768433 0.317779702935839 0.938211171865912 -1.327510606842327 -1.383137456655797 -1.121314496052644 0.577570678182638 -0.282969116466862 -1.517300585857965 -1.912743724248380 0.044874727033471 1.105387552124340 0.438006529213201 -0.240707927459841 0.382618497827338 0.029461980759514 0.322869486654956 -0.004778111535164 
-0.616075040597104 1.106628125086659 -1.371711716752895 -1.357316468088908 1.066375333121200 0.558165993896344 -0.063766646493732 -0.672707178120393 1.144587270324976 -1.383263666099342 1.340105988059580 -1.023937229286776 -0.499226999621540 0.128335987357600 -0.731142306336053 -1.170528165102302 -1.378509684048839 1.428033135590515 1.151102433806980 -0.276432581595471 -1.480439783970560 -1.213022702977055 -0.520400531742371 0.869241223968135 0.886649291651652 0.510271007285200 -0.673324855656014 0.385587258982250 -0.549710694178379 
-0.555346973725063 1.018741041114973 -1.313454618711081 -1.390689799477727 1.237658183227563 0.879698346636295 0.376080347674012 -0.189808056246046 0.724268537879013 -1.138806551537589 1.364783393463377 -1.364780332167948 -1.138848261984119 -0.724389434285278 0.188576028478273 -0.379699094097281 -0.878240018565270 1.305499704543753 1.648529828384765 1.313005070321755 0.543560649086636 -1.312562234567014 -1.886723825705264 0.196332296813391 0.992799229523643 -0.091313720210283 -0.463896568551086 -0.110541354558572 -0.318678964858512 
-0.494083981902909 0.923338055459781 -1.231438795372138 -1.377959587012815 1.343675096550336 1.133083871712882 0.773818076872531 0.313017812956272 0.188854239031935 -0.665946519615505 1.055659650952400 -1.306829880673875 -1.386475863369227 -1.285263757330560 1.016029654723267 0.597853098851966 0.103312295209549 0.367269567963366 0.918678290512904 1.762193149876751 2.168597933138066 0.184635569316015 -1.029975709762955 -0.974513977272884 -0.488094053935282 -0.688436673561666 0.601047130183933 -0.510717120983067 0.502488720331627 
-0.432414675819137 0.821276285089944 -1.127418452354410 -1.320006354167090 1.379642421081077 1.300320072523949 1.090028703207609 0.769948986582362 -0.372319548144521 -0.062810192237023 0.491614529967996 -0.870896116248179 -1.162404474199536 -1.337180091381869 1.378765176798280 1.277360793692754 1.041946316982981 -0.727491506980380 -0.360416520617926 0.584192176542901 1.571594636902233 1.778079201626190 1.530424897519148 -0.974595012094625 -1.661520063861176 -0.234587023466317 0.847649092910840 -0.084375302357756 0.551482594840182 
-0.370467208155914 0.713458558257624 -1.003535950949066 -1.219185673030134 1.344413971145890 1.369933235306483 1.293850818437622 1.121809404950671 -0.866568513788825 0.547058401780870 -0.186976486111034 -0.186995998109873 -0.547140412841360 -0.865849006359523 1.120229043362487 1.306829964680243 1.401622594216942 -1.338416769086282 -1.282831361908381 -1.082401607714235 -0.665826490247599 1.339207803659978 2.459996668603687 0.716824946027107 -0.156318549996501 0.840430825859183 -0.614960034173890 0.607217204252225 -0.551883425991658 
-0.308369033131951 0.600825658404123 -0.862278577395992 -1.079236339812236 1.240503527069930 1.337758456437241 1.365982595132079 1.323719525735155 -1.213150097159479 1.039979942092206 -0.813145617473849 0.544345693008340 0.247412231341430 -0.062036229485493 0.367371856630841 0.660375913503630 0.935396011411540 -1.165695967733954 -1.386175513537366 -1.650944753491810 -2.046263014982287 -0.999358751676357 -0.194745986965108 1.759449027505224 2.360531388940039 0.495290566598151 -1.255244047093413 0.121314404177934 -0.659488539308015 
-0.246246669359214 0.484348336939323 -0.706429409900394 -0.905144202150230 1.073919904640751 1.207173991522371 1.300498871094827 1.350807674312101 -1.356436363047208 1.317198569307325 -1.234391227931114 1.110775777084544 0.950469120588412 0.757929647388776 -0.539793870967656 -0.315399566142777 -0.078673984335692 -0.259780897610317 -0.592724882678073 -0.836245311306623 -1.329590484839023 -2.192240953502276 -2.939787411979538 -0.318459407441090 0.783744975971718 -1.306698523844241 1.225260540909227 -0.851995040419232 1.034766668354470 
-0.184225466424334 0.365019160977164 -0.539013239203737 -0.702966520636193 0.853824865852901 0.988778069317504 1.105312208192365 1.201256471812639 -1.274823598697663 1.324643247751805 -1.349787475532104 1.349779625452522 1.324628400939781 1.275103643556081 -1.201729529038298 -1.104050590281665 -0.997406647261480 0.892118354329059 0.769307513919665 0.438883182207332 0.256975613707421 -0.428600498277278 -1.241171891927585 -2.558119124075029 -3.443238303141984 -0.376714062105706 1.445439230328218 0.449000409125776 0.022679307440683 
-0.122429375596301 0.243844262828888 -0.363238579704088 -0.479622987310648 0.592033087793318 0.699537415657497 0.801245156187225 0.896313526926233 -0.983954759130220 1.063442677473709 -1.134119067878689 1.195392324385508 1.246732736743440 1.287986510870956 -1.319309436532977 -1.338537943544542 -1.352611328031916 1.406631040875773 1.532843269260702 1.484735600643931 1.674702448052249 1.536131260021957 1.890841001911052 0.321605040791308 -0.479925827390527 2.621787464387573 -3.690892094099283 0.688169271862859 -1.585047919626858 
-0.060980725051931 0.121835058239039 -0.182436869662927 -0.242660552815155 0.302381284915791 0.361475285627849 0.419820073609043 0.477294720465280 -0.533780103196852 0.589159099863746 -0.643316565854050 0.696146026071457 0.747554690712745 0.797219415546911 -0.844969957852473 -0.895919325673573 -0.954233951461644 1.012836362427281 1.130165431444851 1.308420517103439 1.696307554046016 1.693404224503942 2.276679910497710 2.611787419236516 3.859649664233388 -2.625396347508607 3.090768798302129 -2.197016348133239 3.664072531826640 
0.000000000000000 0.000000000000000 0.000000000000000 0.000000000000000 0.000000000000000 0.000000000000000 0.000000000000000 0.000000000000000 0.000000000000000 0.000000000000000 0.000000000000000 0.000000000000000 0.000000000000000 0.000000000000000 0.000000000000000 0.000000000000000 0.000000000000000 0.000000000000000 0.000000000000000 0.000000000000000 0.000000000000000 0.000000000000000 0.000000000000000 0.000000000000000 0.000000000000000 0.000000000000000 0.000000000000000 0.000000000000000 0.000000000000000 
******************************************
ASBF PLOT NODES
70 1
1.000000000000000 
1.007246376811594 
1.014492753623188 
1.021739130434783 
1.028985507246377 
1.036231884057971 
1.043478260869565 
1.050724637681159 
1.057971014492754 
1.065217391304348 
1.072463768115942 
1.079710144927536 
1.086956521739130 
1.094202898550725 
1.101449275362319 
1.108695652173913 
1.115942028985507 
1.123188405797102 
1.130434782608696 
1.137681159420290 
1.144927536231884 
1.152173913043478 
1.159420289855073 
1.166666666666667 
1.173913043478261 
1.181159420289855 
1.188405797101449 
1.195652173913043 
1.202898550724638 
1.210144927536232 
1.217391304347826 
1.224637681159420 
1.231884057971014 
1.239130434782609 
1.246376811594203 
1.253623188405797 
1.260869565217391 
1.268115942028986 
1.275362318840580 
1.282608695652174 
1.289855072463768 
1.297101449275362 
1.304347826086957 
1.311594202898551 
1.318840579710145 
1.326086956521739 
1.333333333333333 
1.340579710144927 
1.347826086956522 
1.355072463768116 
1.362318840579710 
1.369565217391304 
1.376811594202898 
1.384057971014493 
1.391304347826087 
1.398550724637681 
1.405797101449275 
1.413043478260870 
1.420289855072464 
1.427536231884058 
1.434782608695652 
1.442028985507246 
1.449275362318841 
1.456521739130435 
1.463768115942029 
1.471014492753623 
1.478260869565217 
1.485507246376812 
1.492753623188406 
1.500000000000000 
