******************************************
ASBF EIGENVALUES
20 1
39.478417604357261 
157.913670417429842 
355.305758439217186 
631.654681669721413 
986.960440108935472 
1421.223033757611120 
1934.442463772651308 
2526.618765440253355 
3197.762526483083093 
3947.922836114919392 
4781.747636729167425 
5699.902808949970677 
6882.111633325102048 
8122.229113430952566 
10942.958069360536683 
13060.728289436952764 
22722.192150873986975 
27422.421637206876767 
86816.639463605693891 
105462.703415672032861 
******************************************
ASBF QUADRATURE VANDERMONDE
24 20
0.015101480254371 -0.030202097432380 -0.045300988507088 0.060397290514221 -0.075490133112104 -0.090578755846376 0.105668703954016 0.120735187423304 -0.135212084625268 0.150525865312758 -0.178880124171886 0.191302918112813 -0.167758663013987 0.188131542162914 0.609756319092067 0.521910166507635 0.488684390006124 0.457176045238686 -5.938091453782256 -4.533397901451533 
0.078873422150737 -0.157622572233681 -0.236123373982502 0.314252142467468 -0.391885788053291 -0.468901878939548 0.545171206295405 0.620599502297949 -0.695808546915401 0.769005649197138 -0.833368588184322 0.903472468704122 -1.243834044740646 1.256360083623945 1.822011045957511 1.645659917101681 5.104880943812551 4.106004959098195 -6.784914906055185 -4.164687204779746 
0.190670225150383 -0.379549387231073 -0.564863247545077 0.744871058073581 -0.917881906264437 -1.082270673062557 1.236499390249329 1.379107268881362 -1.508208291288746 1.623353188153394 -1.751179271259964 1.836043999865969 -2.129904741736384 2.049216105521253 3.569433916869380 2.981328901817753 3.056920661223369 1.400187332457957 3.670610293193802 2.767617387030989 
0.345145178938798 -0.679332463261535 -0.991951856748941 1.273078114667418 -1.513785858829792 -1.706432983741833 1.844901200865648 1.924779758919212 -1.943855019407548 1.901931962295321 -1.806618015750996 1.623644619478457 -1.641734342861569 1.276488118966410 0.405691156110819 -0.590001602491847 -3.827734203363467 -2.717950497875586 -0.869723998979833 -1.215417339288908 
0.533948790229006 -1.025496232881436 -1.435608109043935 1.731717070492045 -1.890308846561952 -1.898789356530417 1.756481323988600 1.474733150312234 -1.076205360722407 0.589870771432807 -0.051232398859074 -0.467214303414214 1.219627120269736 -1.768194879978803 -3.237076782523023 -2.086392154846159 1.193723496834317 1.545486779892253 -0.228479467272543 0.492271155145045 
0.745503137945397 -1.368493397013625 -1.766591154281697 1.874374683279794 -1.674131276159147 -1.198768384403611 0.526415329588057 -0.232515000022093 0.954204566484368 -1.515500142866687 1.827698634291934 -1.870608661326437 1.817664747075301 -0.773210166931915 1.775523661837832 1.951655315051922 0.390732823000354 -0.560264523540905 0.616770244317869 -0.134150623527275 
0.965185174659258 -1.642883632808689 -1.831238456591904 1.474146930018043 -0.677971117031583 0.320143170449386 -1.222916669182259 -1.761353970037122 1.773690266136921 -1.261928621374899 0.402071098486886 0.661653364953731 -2.032653777148520 1.956083612290096 0.186972160073137 -0.903028627923693 -0.886632498224054 0.046212544631782 -0.716917831480149 -0.071589860394093 
1.176138199430222 -1.777651856287287 -1.510660106834161 0.505606815447729 0.746470260317864 1.633844833642153 -1.722954421283075 -0.970361469211908 -0.254380649581278 1.359102051264726 -1.857907992076408 1.346980561299829 0.326039431584150 -1.412217452377760 -1.079414706941216 0.100699473972416 0.900566633763544 0.207355444363058 0.678651623212198 0.202537982811912 
1.360763446432748 -1.714240744764429 -0.798775258632969 -0.707972463546174 1.690653431457523 1.421852079543860 -0.100563956038254 1.295221906057485 -1.734415813961165 0.886688354496151 0.683399663150673 -1.690096410934594 1.069602624042111 0.383798903446517 1.160223952027414 0.333182896327967 -0.744126213211085 -0.340092806977355 -0.566238383742013 -0.289789436750030 
1.502735502157199 -1.427344431814761 0.146999829373579 -1.566969394244643 1.341355946067815 -0.292908386181707 1.619585467878044 1.245407058217347 0.438598622539077 -1.661623198727422 1.086282275284763 0.642276437749770 -1.460136203255751 0.423360592901943 -0.895989023582159 -0.538541337177127 0.534285475377176 0.413717258710865 0.414713713460541 0.347441808418272 
1.589184232951160 -0.939906133673956 1.033286734221774 -1.551032596651638 -0.115944990029647 -1.619607046376747 0.841944521464225 -1.121680237848738 1.504123582169284 0.234935890795870 -1.612335459237984 0.648688013252252 1.108100346836039 -0.883136895784487 0.538512543639110 0.628186328511753 -0.314003667480899 -0.453765742307261 -0.246727025681807 -0.382493077238723 
1.612566469875518 -0.323966636718491 1.547481164142461 -0.634857553440330 -1.419937479568084 -0.920124589396381 -1.235081369189616 -1.168175977525770 -1.000144892664796 1.363632929285854 0.720783397119967 -1.407708053635970 -0.412936119542017 1.065971971031868 -0.181338818789465 -0.659264667721792 0.101195015331348 0.470846774360540 0.078276489959698 0.398523010342567 
1.571770720625451 0.315770719264017 1.508331985041325 0.618796516508502 -1.384014979029572 0.896846530425415 -1.203831407207743 1.138589153801738 -0.974352843571018 -1.327622401561196 0.688522747374721 1.360037885450678 -0.345348782117027 -1.038068832850322 -0.150325406497202 0.653436378080142 0.095124529105338 -0.468926517083706 0.078913277310332 -0.397156472288618 
1.472167806025700 0.870698010960834 0.957202716320654 1.436825389861378 -0.107407613649593 1.500350911601775 0.779946840608524 1.039177362218930 1.393065493354129 -0.221638434926490 -1.484035898036807 -0.565052074249417 0.966596617771762 0.806965895401958 0.450603330286213 -0.610166713722501 -0.269465415687666 0.448057892447054 -0.216082418280894 0.378581448924600 
1.324589869843584 1.258136227197291 0.129573357771513 1.381208990365453 1.182341467901731 0.258184222673430 1.427588359397118 -1.097889480523583 0.386643763521706 1.469833650002046 0.955992081579375 -0.623308873238896 -1.233095092242861 -0.327615838628561 -0.704887029224453 0.507232782457379 0.417242719115781 -0.404332489493973 0.326422653710865 -0.341518775135637 
1.143497056884111 1.440536377992598 -0.671238751858844 0.594933991500776 1.420715135650480 -1.194831321998358 -0.084506285915862 -1.088291650549879 -1.457310517807104 -0.749903918771173 0.566576220835610 1.486468006374185 0.880991001994351 -0.436605642384432 0.857563631373899 -0.289480670740795 -0.531301937673985 0.327083766412440 -0.403984231636150 0.282648542416397 
0.944779399887365 1.427968970657862 -1.213497316777869 -0.406148617668293 0.599631677699909 -1.312450904209134 -1.384033551076012 0.779367783711261 -0.204619371533466 -1.088372248096921 -1.480057056958662 -1.130454962763018 0.201508491934943 1.335460639250695 -0.762497874441814 -0.145953657793425 0.592975911014965 -0.190713660364502 0.442056172141888 -0.195107262150311 
0.743683753759191 1.265856437826069 -1.410985503281565 -1.135843308782599 -0.522382767101334 -0.246672696763207 -0.942265224853740 1.357222640461321 1.366930666333225 0.970119554146486 0.301956528683928 -0.504994009899975 -1.424798229958139 -1.737506137800754 0.165243681399792 0.913254057796348 -0.546718191538209 -0.065620635518925 -0.429905368907893 0.064800992797175 
0.553254716526009 1.015589858574063 -1.311027195637421 -1.391015786982101 -1.242410634602565 0.889632817461147 0.390662126493798 0.172508172415419 0.707878635646754 1.126242151548202 1.356708243862403 1.411176214404177 1.234495189443226 0.655289690316792 1.029383252201692 -1.863029132599002 0.241055886196416 0.575862211104351 0.344252618113713 0.139408345289378 
0.383488680610031 0.736524184556327 -1.031071648976331 -1.243740798162159 -1.357643387860682 1.363734279390904 1.261528435160906 -1.059161611195329 -0.772786785637999 -0.423874175150504 -0.039266933293509 0.340194153700056 0.825171256793115 1.459793140460428 -1.858442003684546 1.912556762183176 0.611001883015755 -1.531020846420547 -0.122501242303178 -0.494741256347271 
0.241196674359560 0.474735679133515 -0.693202465432838 -0.889661006982839 -1.057874011702198 1.192501055525736 1.289265757099609 -1.345068958903878 -1.358435867179466 -1.330266274218686 -1.257882620451208 -1.150326119049904 -1.067038240473828 -1.037673042611717 0.233299722866908 0.560287752940823 -1.945441884177213 2.625318365608588 -0.423209401540589 1.210716372578581 
0.130416689037643 0.259608307326960 -0.386361291836608 -0.509484986910951 -0.627822824138760 0.740263038711628 0.845753780712352 -0.943334517421877 -1.031641577500324 -1.109433034123632 -1.192302527712493 -1.291926110598449 -1.365899444686632 -1.573000714161109 1.946841760519584 -2.661441604414333 1.533486574431365 -1.303547839118590 1.737105141768894 -2.736326738506657 
0.053138302585964 0.106192881066116 -0.159080143249305 -0.211716760522494 -0.264019804505371 0.315907028727002 0.367291696532330 -0.418065145564327 -0.468671177018570 -0.519601852138027 -0.561700076278474 -0.610702062582431 -0.768634710928426 -0.988249723188855 1.006641260623164 -1.398878795906574 2.470577411880038 -3.905143651801324 -3.151329573023386 4.076895207389704 
0.010087858627326 0.020175140715649 -0.030261269758973 -0.040345669350784 -0.050427758980493 0.060506841063166 0.070586236051241 -0.080685251790972 -0.090411198861089 -0.099542219101814 -0.117215817601762 -0.138191736901252 -0.114145264309324 -0.126228742487528 0.311568089790572 -0.471393500620433 0.254233378166713 -0.402691015528308 -2.696706475147815 4.465544504620524 
******************************************
ASBF QUADRATURE NODES
24 1
1.001203195000745 
1.006317861007173 
1.015431361999317 
1.028396118248900 
1.044999503506524 
1.064968952105361 
1.087976587015756 
1.113644632152790 
1.141551623093489 
1.171239330075959 
1.202220283131596 
1.233985776784349 
1.266014223215651 
1.297779716868404 
1.328760669924041 
1.358448376906511 
1.386355367847210 
1.412023412984244 
1.435031047894639 
1.455000496493476 
1.471603881751100 
1.484568638000683 
1.493682138992827 
1.498796804999255 
******************************************
ASBF QUADRATURE WEIGHTS
24 1
0.003092736369528 
0.007223260541300 
0.011413626210430 
0.015678524741781 
0.020024028813352 
0.024438334029390 
0.028887630106545 
0.033313213244289 
0.037630017190947 
0.041726936395051 
0.045469276237728 
0.048703540904532 
0.051264579427145 
0.052984873782343 
0.053705496342262 
0.053288019970858 
0.051626466962711 
0.048658264087582 
0.044373153912472 
0.038819110195004 
0.032104520491291 
0.024396249357381 
0.015913997803218 
0.006930809549526 
******************************************
ASBF GLL VANDERMONDE
20 20
0.000000000000000 0.000000000000000 0.000000000000000 0.000000000000000 0.000000000000000 0.000000000000000 0.000000000000000 0.000000000000000 0.000000000000000 0.000000000000000 0.000000000000000 0.000000000000000 0.000000000000000 0.000000000000000 0.000000000000000 0.000000000000000 0.000000000000000 0.000000000000000 0.000000000000000 0.000000000000000 
0.060196420859669 -0.120337770742844 -0.180369029054863 0.240235275933752 -0.299881746178364 -0.359253838426166 0.418293991827540 0.476954944089749 -0.535508987941124 0.593376588588328 -0.649719649342750 0.703013988583753 -0.938827361195442 0.965694029724708 1.519745929965457 1.348370106370912 3.918199691522535 3.265880863275666 -8.749907130693579 -5.905087106749805 
0.197760757212187 -0.393520446729376 -0.585298248917887 0.771153635348132 -0.949205995666583 -1.117653771108726 1.274800155719756 1.419036438741212 -1.548230863179118 1.662222293234614 -1.790183105371441 1.869024705775370 -2.142605547597761 2.057161219080912 3.598299182011772 2.961712383862642 2.583926791648942 1.003782115963453 3.774533332101063 2.728668388153018 
0.401801842710171 -0.786098431465778 -1.136147161666663 1.436697501225793 -1.674655422250461 -1.839653681446216 1.924491698112153 1.925509526425500 -1.843884411735590 1.680594401048654 -1.428922671461872 1.119525667148062 -0.991077622325718 0.444760574627078 -1.607835637541538 -2.105532303492458 -3.048362515866561 -1.486958293134777 -1.919494819014970 -1.393697444882217 
0.654398890348379 -1.228164574987566 -1.650599246875749 1.869651684116332 -1.858330838940565 -1.618031877043741 1.178379553648365 0.593487155996439 0.066109809584882 -0.715378966757083 1.255839125509964 -1.670970765704653 2.424754185761495 -2.109776086086104 -0.498947868925022 0.766580119357785 1.978539852552580 0.882997479352190 1.243086681996356 0.766662537511631 
0.929705937851816 -1.606060459003934 -1.844752192356228 1.580735959379653 -0.885958062747018 0.050249955773282 -0.972782619123683 -1.630157788069068 1.841572181796890 -1.554528974093090 0.884508466899796 0.106888841131552 -1.639020328932258 2.023014608324863 0.954395908241636 -0.361122876409240 -1.230732370634348 -0.369701208887924 -0.875243197705633 -0.358678247275497 
1.195413303811618 -1.780894650323371 -1.457715739873941 0.390771127886591 0.875555422628263 1.695149712984177 -1.649815105049198 -0.762792041250653 -0.511658321558321 1.529981841372378 -1.818545902544732 1.066947774877730 0.724812916482124 -1.577302124184265 -0.776913326959814 0.382267482945569 0.781962680352451 0.014326053226250 0.614341418787626 0.057001291627253 
1.416807723409403 -1.637901993799928 -0.476690524071745 -1.086823433843090 1.733113831630542 0.916744971725179 0.673294307192494 1.695217379967726 -1.288065391986440 -0.212411466559445 1.581221966320917 -1.491922363442441 -0.247308061173221 1.279866888736055 0.507220825624063 -0.496979609059105 -0.483411782477493 0.228892116699149 -0.404744524134848 0.165614218578453 
1.562937645122281 -1.148664557300029 0.718738729499971 -1.676894014983727 0.513676872810816 -1.299373011797663 1.468648476135196 -0.220121501640411 1.631612075648669 -0.972106650634787 -0.951971755252143 1.548971448786381 0.072681372759244 -1.137575891395384 -0.271117909458694 0.596784735110509 0.260445069045143 -0.384585491798614 0.226923272061882 -0.314727469106840 
1.613198283512467 -0.407119564716691 1.510454348269674 -0.788309851723419 -1.311510202121047 -1.119292679886084 -1.029041852325594 -1.378883223519595 -0.681644876439926 1.544207739994008 0.308738059039760 -1.508592060395952 -0.031617402583539 1.083613744136624 0.075270367829470 -0.652142464407192 -0.079625749876931 0.461912979132847 -0.072398520938027 0.390176449588657 
1.562047651551764 0.394210783922881 1.462561479022594 0.763314445111945 -1.269925368408178 1.083802719150204 -0.996409208543074 1.335183152058600 -0.659522362062194 -1.495915311410240 0.284405471623758 1.470405221784387 0.025643152487326 -1.079708083301432 0.094348818795694 0.655826336273339 -0.076056794179391 -0.463654132899616 -0.063580334700249 -0.391073367188091 
1.420022983657233 1.043630932410549 0.653017424156288 1.523559208979028 0.466706372957560 1.180558323642871 1.334351695541749 0.199935354065733 1.481949185450085 0.885026939674188 -0.850511307985445 -1.433922861743013 0.009610269119627 1.122063444340831 -0.252449261522594 -0.608428299968739 0.218331306727380 0.389957782535477 0.184822011728844 0.317432570064968 
1.210630938599001 1.399551114328734 -0.407321534914818 0.928666644218760 1.480907532424700 -0.783337886108026 0.575318592453742 -1.448439934483692 -1.100219798654757 0.178978084000046 1.336868678954501 1.312412410264266 -0.148788681257357 -1.238143040693802 0.410701879620467 0.518419106471069 -0.359861892362614 -0.238443250746153 -0.295728548511592 -0.170175628125243 
0.964324446854311 1.436624674581603 -1.175920428560186 -0.315230013534815 0.706299229210271 -1.367455886613672 -1.330887445200079 0.615233174338531 -0.413067757328765 -1.231407043498145 -1.454061847878379 -0.898490618142911 0.502193816093244 1.475131882646522 -0.565745206929098 -0.415994519242293 0.521026442078670 0.000785113377561 0.402924345739527 -0.050481835906843 
0.711788838453023 1.229610204750512 -1.412354129161463 -1.210221604989326 -0.678295181825397 -0.038471139758053 -0.744766239010669 1.248162469601176 1.410160223693527 1.187214321923579 0.668603245732560 -0.059762727558662 -1.133454093383102 -1.808530446251285 0.642951920604253 0.404107350304178 -0.742287526092243 0.345453753074172 -0.518759144572935 0.349986481856402 
0.478687106561713 0.898391723233839 -1.207399017989251 -1.367633974084035 -1.359352875814907 1.183575781639562 0.861972609798708 -0.434222451022320 0.048164147309854 0.526421169170607 0.920167627350646 1.224557994866871 1.624678157376317 1.806741825486241 -0.338551915920636 -0.781060147587958 1.098362978022763 -0.840094715299372 0.672902638446098 -0.755251147946540 
0.283062993767955 0.553793815145593 -0.800397566056753 -1.012130489615605 -1.179768050956562 1.296007072472280 1.355774959275372 -1.356420328341707 -1.298837978220765 -1.186617181480384 -1.006395038960229 -0.786483401428045 -0.631171336157567 -0.398353787745160 -0.878036236814071 1.964925908787944 -1.592715362027621 1.407215328649089 -0.962870557414138 1.377476634542823 
0.135397833489484 0.269425626560488 -0.400727201725063 -0.527973967128956 -0.649878354564643 0.765206678154173 0.872797204568843 -0.971595086191288 -1.060066751151403 -1.136908613759669 -1.219608033786942 -1.317792671523026 -1.377669193127981 -1.577577160604910 1.960928276440343 -2.650581202134583 1.304309528907504 -0.920748959967895 1.791628644214830 -2.695362057920728 
0.040453972853763 0.080870936201699 -0.121213914396260 -0.161445999455190 -0.201530387154756 0.241430485871201 0.281107599555328 -0.320510368119217 -0.359843832025046 -0.399516063072411 -0.435888025032351 -0.476986913555114 -0.583026209672248 -0.751978425040665 0.829243616366330 -1.151926978812619 1.899179091539732 -3.089567976269016 -4.034143123589852 5.798006927360413 
0.000000000000000 0.000000000000000 0.000000000000000 0.000000000000000 0.000000000000000 0.000000000000000 0.000000000000000 0.000000000000000 0.000000000000000 0.000000000000000 0.000000000000000 0.000000000000000 0.000000000000000 0.000000000000000 0.000000000000000 0.000000000000000 0.000000000000000 0.000000000000000 0.000000000000000 0.000000000000000 
******************************************
ASBF GLL NODES
20 1
1.000000000000000 
1.004814073776521 
1.016016375296834 
1.033280505477513 
1.056157934761986 
1.084055899427422 
1.116251783992028 
1.151911704071523 
1.190112073519253 
1.229863515690295 
1.270136484309706 
1.309887926480747 
1.348088295928477 
1.383748216007971 
1.415944100572578 
1.443842065238014 
1.466719494522488 
1.483983624703166 
1.495185926223479 
1.500000000000000 
******************************************
ASBF PLOT VANDERMONDE
48 20
0.000000000000000 0.000000000000000 0.000000000000000 0.000000000000000 0.000000000000000 0.000000000000000 0.000000000000000 0.000000000000000 0.000000000000000 0.000000000000000 0.000000000000000 0.000000000000000 0.000000000000000 0.000000000000000 0.000000000000000 0.000000000000000 0.000000000000000 0.000000000000000 0.000000000000000 0.000000000000000 
0.132179106779813 -0.263767869581797 -0.394178581047446 0.522828795326925 -0.649143937892239 -0.772559710860862 0.892517731338474 1.008518116234994 -1.120702356039048 1.226414492259946 -1.325894670436885 1.427053822428612 -1.856428747082754 1.817277029022546 2.803497920641004 2.534392523622540 5.884073151185895 4.145981892849788 0.005505461759462 0.907378409575049 
0.261020287606982 -0.517382661997935 -0.764512330528716 0.997999258338766 -1.213676851496528 -1.407696557102360 1.576608245431430 1.717343591313810 -1.826368742955764 1.904792047318662 -1.987597066318627 1.979351104767328 -2.110560840979417 1.957389450036307 3.029426911556408 2.005607754052777 -1.479888156810699 -1.958827809217700 2.521809234483735 1.069295730498617 
0.386051187623931 -0.756630760110690 -1.096887151898319 1.393184047147609 -1.633646887754699 -1.808638635711039 1.911136300864451 1.937054913381639 -1.886388353928934 1.759355074452209 -1.551587135463541 1.276728305162103 -1.199645275731352 0.701129901441886 -1.084428072905284 -1.753804079106406 -3.412859246646180 -1.908912970979921 -1.769871441052533 -1.455606679268689 
0.506823832161244 -0.977631926604902 -1.378967883357505 1.682312107235067 -1.866108467702495 -1.917295860358964 1.832227984951217 1.617012301149581 -1.287722439093820 0.864083982631220 -0.365569302705874 -0.128300836435384 0.755763348353602 -1.385889280291754 -3.375873331818184 -2.508541436662204 0.435002129757426 1.197698019885297 -0.794922605649706 0.107448605009305 
0.622915891654938 -1.176898779035613 -1.600643909357340 1.847258876587447 -1.889452806381613 -1.722556590612130 1.365052091846473 0.856468250037642 -0.251805730279987 -0.379763132987082 0.950695618307202 -1.432922261379821 2.303409172392438 -2.269578130294101 -1.410846240189336 0.025529194760878 2.189781565265200 1.328114625716307 1.118993639081266 0.927951550805687 
0.733931837307371 -1.351388525690506 -1.754379548758406 1.878950139731520 -1.705330903791740 -1.261075554099560 0.616699467044759 -0.125616809592341 0.849149420475129 -1.434277832312533 1.787335102767708 -1.891176328099935 1.970249948180674 -0.996195130607333 1.559924280140154 1.903545529637229 0.627998332156048 -0.404377040125360 0.753751087413893 -0.014577974353158 
0.839503984283438 -1.498546237504771 -1.835457502476360 1.777814549281383 -1.338008450303961 -0.610580923450020 -0.248107244882018 -1.053471980441374 1.631474456586912 -1.858099820862799 1.722501915772613 -1.190468829362050 0.056858281548742 1.095134442890817 2.304973606451020 1.259544134407964 -1.147813930904360 -1.080670590546721 -0.530205309508365 -0.706168622367823 
0.939293419679219 -1.616339083361314 -1.842107980208425 1.553566147417608 -0.831273572659215 0.123108282657478 -1.043136569443996 -1.671851616647158 1.832095960831161 -1.484500159684880 0.760367809274952 0.258748487228860 -1.766623248978434 2.030881463292506 0.750456645680999 -0.521746295439090 -1.154243009529344 -0.257737994424087 -0.847357035339242 -0.284550258204435 
1.032990812952930 -1.703281115299235 -1.775520667842905 1.224344944379160 -0.243281049369043 0.823203155269767 -1.600650447764828 -1.816014894342316 1.393562803635580 -0.485309163717624 -0.605802564440592 1.535225709488671 -2.096901201289663 1.156335244980391 -1.107646402149262 -1.379233304403069 0.037622892347179 0.668708384026546 -0.117971588827636 0.424959771235881 
1.120317106966595 -1.758448353729104 -1.639741267135365 0.815287523134098 0.360066989132708 1.380448071601266 -1.806667168987584 -1.455316353719708 0.479268362305806 0.704219689233953 -1.642675292709072 1.827009960161376 -0.869615884712829 -0.551516160247074 -1.613801995650643 -0.738355860825019 0.913709867465408 0.665049533747579 0.603754974189495 0.517264256652389 
1.201024088249276 -1.781484087967987 -1.441458761790553 0.356637763698299 0.912456483606879 1.710087924637273 -1.624106730158571 -0.699050352589219 -0.585507827033932 1.572610212582388 -1.795247942904918 0.976154623912443 0.834536934071505 -1.609297698412858 -0.681401481861112 0.458710785519948 0.737904523855361 -0.041815020570895 0.587513809853387 0.013677465131434 
1.274894835557082 -1.772594471521582 -1.189693672322419 -0.118462407057240 1.354402010679236 1.764677421731471 -1.099177844970470 0.236326779918975 -1.427899585381117 1.752930491900737 -1.000081962829258 -0.444430748280750 1.768003528568575 -1.289820714608920 0.619093911739983 1.025148409813978 -0.080813709222954 -0.595027239286358 0.001477379596262 -0.445394000944002 
1.341744046270080 -1.732534651870330 -0.895401203806126 -0.576342740806765 1.639607037926877 1.540809377308901 -0.349988584105995 1.088911031453702 -1.757991405839265 1.179765470070334 0.294582948177097 -1.536218679993891 1.399202667943067 -0.027750889195005 1.198379522908426 0.594565394682755 -0.690692721765779 -0.487884315064796 -0.507350847183494 -0.400376037946561 
1.401418240629463 -1.662585828471291 -0.571006234016757 -0.985167164092430 1.739768628582536 1.078824275146609 0.459876692285704 1.624506859608110 -1.469337302198356 0.112843840681962 1.393825839161646 -1.653131638301478 0.139477348672925 1.112072722111725 0.756181682110410 -0.286479290270206 -0.615616631750472 0.070852190302555 -0.499551337461128 0.035625178431611 
1.453795844278512 -1.564523777817028 -0.229889427617101 -1.317124889405358 1.647332743396810 0.455676745770645 1.156946176481874 1.700830042274472 -0.673616924215694 -0.981259618808382 1.736589088786497 -0.775299715260965 -1.079597865866750 1.309181234491952 -0.193312230972173 -0.808227322367070 -0.035913675738165 0.506243603579720 -0.059379498334067 0.403429398172086 
1.498787150025947 -1.440579518421434 0.114154683127834 -1.550300834437184 1.375937923624435 -0.227799625177218 1.594905465560571 1.305159230098871 0.342239779116007 -1.634331324384921 1.179033016735298 0.524425298853040 -1.477333911490306 0.529197277213120 -0.867055309922217 -0.592795588687712 0.503096954905392 0.445626290896991 0.387156351203633 0.372431588543756 
1.536334160198703 -1.293392909467551 0.447466086051995 -1.670100970837777 0.958541045238960 -0.863134895686013 1.685208358327561 0.555491386935733 1.219872547876966 -1.577128846482708 0.043059502723922 1.458936441387446 -0.888134388918242 -0.566269404979076 -0.815171702382716 0.091050482882593 0.581204612620459 -0.004411504580952 0.475389943696261 0.006663270385311 
1.566410311391261 -1.125960082733696 0.757052700112614 -1.670141332550278 0.443470862486592 -1.351367958485769 1.414864055784611 -0.334453776466069 1.656204602852322 -0.849277261072244 -1.073585097915288 1.498304568575404 0.219027722836471 -1.167603134184425 -0.171388544894859 0.641262092667754 0.194394227460594 -0.421601721202933 0.173674193087226 -0.346824510761654 
1.589020083848668 -0.941575696762405 1.031088310836637 -1.552548273215947 -0.111124037141980 -1.618394971217124 0.847848058669301 -1.116034894132114 1.507945738784943 0.225403979222429 -1.611228184122675 0.658579854656619 1.103280916514458 -0.889090941218216 0.533798758121666 0.630951330514361 -0.310365873118717 -0.455451955835119 -0.243651515100421 -0.383849310432170 
1.604198498138834 -0.743771073794973 1.259356253955521 -1.327659385753278 -0.643799877468293 -1.626150596746326 0.110128638925547 -1.575016609530853 0.837969252278332 1.183231289015139 -1.323083580832121 -0.538312534646131 1.229397983826142 0.011157572315929 0.791903788122612 0.111938535933770 -0.539003777864672 -0.102157657770767 -0.443542275955627 -0.090010526918774 
1.612010502175004 -0.536249332815992 1.433622491329368 -1.013156340106638 -1.096587225939315 -1.377945176557247 -0.638216741959424 -1.590129451774046 -0.110974310658659 1.620052602575354 -0.381197770818399 -1.386711235196348 0.570373978534601 0.862100181987577 0.459146657605001 -0.473261480377352 -0.341966536306971 0.325198084205504 -0.288751329690496 0.272725867197523 
1.612550252039990 -0.322818665513114 1.547924736852561 -0.632699859724767 -1.421263674915888 -0.917224409091988 -1.237641232326782 -1.164911975154939 -1.004175916585326 1.360487795339783 0.726105625164368 -1.405380091895706 -0.417938742514525 1.064851501213679 -0.184756014684076 -0.658755272360174 0.103624774663926 0.470520428467192 0.080307595876539 0.398254430176667 
1.605940290438358 -0.107324915761390 1.598767771253102 -0.214170492474127 -1.584454750321457 -0.320059755172498 -1.563048004614685 -0.424547515617511 -1.532652263260702 0.527122023355119 1.444559751190163 -0.602525805375606 -1.103439969196199 0.496440634546463 -0.663740323142038 -0.310370795557738 0.450168102691519 0.221046046692758 0.371928914720746 0.186871060815730 
1.592330626960067 0.106415382576973 1.585218891835680 0.212355488104035 -1.571027165914624 0.317346694995478 -1.549800049881695 0.420806542994826 -1.519451067139489 -0.516796966799432 1.426211662132178 0.541845791284354 -1.067685311606599 -0.424357732530137 -0.643494865134073 0.285984066592683 0.442321956088279 -0.211849821785999 0.367867631509397 -0.181037477463564 
1.571897724677637 0.314680379827911 1.508901424158746 0.616749443049818 -1.385433494201908 0.894100948885821 -1.206436123026141 1.135510152796670 -0.978371469129276 -1.324647777107700 0.693792822314086 1.357598590953978 -0.350304239964583 -1.036633290833561 -0.153643116283696 0.652799042111699 0.097455935537013 -0.468550547397466 0.080855449243507 -0.396857305974936 
1.544843397917711 0.513905610615329 1.373888220857268 0.970941492743054 -1.050896088117100 1.320531281532721 -0.611620895236829 1.523972033340744 -0.105919336041288 -1.556348180638411 -0.377506494848704 1.369253634745347 0.586444283319510 -0.896341576012258 0.443961867155028 0.490799395368943 -0.316001358223151 -0.332123610040763 -0.262507999919859 -0.276866108917880 
1.511393626345678 0.700742995145681 1.186500933478757 1.250852644640527 -0.606555256082799 1.532076509679576 0.103758036967018 1.484052562849875 0.789576057225565 -1.120988887506259 -1.248486280819928 0.569156216921661 1.145058782964715 -0.089496218363625 0.711887169451827 -0.083387684714055 -0.480353233786752 0.091666625646190 -0.395322131488089 0.083463827795423 
1.471797290777865 0.872115194542232 0.955024419053655 1.438016023667218 -0.102926365136225 1.499005588971909 0.785299101224411 1.033793295396349 1.396396147740480 -0.212740581779648 -1.482706817622278 -0.574531893899389 0.961730960270570 0.813171344434065 0.446243149270431 -0.613111782127436 -0.266240287092480 0.449817233233764 -0.213388373068939 0.379980067050362 
1.426324836388791 1.025264465578655 0.689348800102607 1.520779099486045 0.403810862699684 1.230513676696595 1.288327530008001 0.304501409660092 1.507616281157552 0.774466718411129 -0.963037506942226 -1.383860014862371 0.138824519717044 1.143008792963427 -0.169716679501158 -0.649357699052150 0.164186427139826 0.425745179240269 0.141037690887096 0.348775869144254 
1.375266869210130 1.157795265733054 0.400554318965937 1.495009739827766 0.858048836787695 0.772644269199766 1.508531068355697 -0.497389276199551 1.091683200512625 1.416928814414744 0.047722017506918 -1.366476126148492 -0.803361989058219 0.614559256610708 -0.680083464531962 -0.121302328796501 0.470057205842955 0.015406634604767 0.382244971516268 -0.000313880396107 
1.318932692022834 1.267709976210866 0.100456121152483 1.364264734149382 1.210825374092646 0.200463120242499 1.403517934882910 -1.148655413838284 0.301248643391985 1.443182828467964 1.034824153501294 -0.515776449847153 -1.240464424341567 -0.430802288403377 -0.677481520854762 0.562737238259349 0.391292065049317 -0.436897259684210 0.304145855648059 -0.366835322988746 
1.257648785923475 1.353437236365528 -0.198872600081504 1.139417563073870 1.425073567339660 -0.394196511486126 1.000853757864937 -1.471353662941453 -0.582357887343991 0.849775080029025 1.489632836234009 0.666480360969410 -0.846757587257563 -1.220012478369605 -0.120242416948618 0.804148808488714 -0.030706398583123 -0.507911772202808 -0.041448083868470 -0.403438136300042 
1.191757243999859 1.413852515550393 -0.485580104518224 0.837779950736989 1.479488285543079 -0.917424791655712 0.391079259162927 -1.381360852070128 -1.249148711490585 -0.099522260931818 1.171987197164658 1.456234833642584 0.162050799847679 -1.095625854783154 0.589896262783301 0.316717886214209 -0.452538191827342 -0.082527462059553 -0.362823365810819 -0.041507362740178 
1.121614163678896 1.448290685547857 -0.748499443806679 0.481786510058480 1.370609008157411 -1.288019760516619 -0.292568495490518 -0.910144339305942 -1.469500077780414 -0.990831903806105 0.242066394538214 1.348707969770116 1.123228760584116 -0.054198740668694 0.868079793210665 -0.550241596347834 -0.486596738351718 0.476338450497645 -0.359127025074003 0.393755413749816 
1.047588004411247 1.456550495978977 -0.977577746249387 0.097341202702704 1.112919478639971 -1.450044975133097 -0.903203199497455 -0.194175404148524 -1.173569782182480 -1.441910275451781 -0.814084625870212 0.390450243808642 1.341379009242756 1.148335871099405 0.405680360423561 -1.004936376360528 -0.049135264658232 0.595601413049532 -0.001499810526968 0.444452187155619 
0.970057917432109 1.438890994127991 -1.164255153753867 -0.288053578527889 0.736984079819344 -1.381225382627049 -1.311781567845434 0.564521284270946 -0.473238280873975 -1.267588788292740 -1.437036737889938 -0.822619386059992 0.585985753959600 1.500703251483420 -0.502452056464670 -0.488787560986574 0.493478995979032 0.056287736355738 0.386077541784039 -0.007512267207711 
0.889412054385695 1.396020067082649 -1.301779326580748 -0.647251163553437 0.285854708695750 -1.095928758708917 -1.434301061707344 1.155262273856983 0.380404281087552 -0.555535914707003 -1.296350924391563 -1.511951052936777 -0.671122566994794 0.568557831062870 -1.081252355664335 0.673075159392177 0.582132111181285 -0.650270998410613 0.385515045975182 -0.510106975127606 
0.806045861622362 1.329075415725918 -1.385444157483522 -0.955360070212850 -0.189832937281000 -0.642347863201156 -1.248989872216416 1.417045043316885 1.087625300051560 0.379153726850567 -0.475396274827359 -1.231746444046271 -1.510600371818473 -0.992444089208444 -0.683540325404854 1.335557691468815 0.012154362368169 -0.672084442372946 -0.071322726286430 -0.425187749237322 
0.720360366972035 1.239598394758303 -1.412744466024547 -1.191456744475147 -0.637518075647790 -0.094413335058334 -0.799996896197928 1.282271829999265 1.405323993207447 1.135683242391551 0.574620426811664 -0.180586499986648 -1.226291216793398 -1.812906704614439 0.517653239092607 0.555942613662018 -0.699996233923236 0.234436211259561 -0.503837253062435 0.276221537712835 
0.632760465765876 1.129501268567028 -1.383441848881433 -1.339994548251703 -1.008498907154249 0.460214289205953 -0.187006591753070 0.794098711221734 1.229666516405311 1.398561279795179 1.293012370557916 0.937439349456332 0.052314140910401 -0.994602914208083 1.422939262889446 -1.154713805735374 -0.657205192400187 1.063509220189437 -0.304788727483837 0.700298794374858 
0.543653212820275 1.001028537548522 -1.299540406487678 -1.391814918424266 -1.263208079751161 0.934129705477125 0.456811766515297 0.092991490076743 0.628731874943399 1.064365578879509 1.324747297121439 1.420656033654365 1.334681008247107 0.850394994727227 0.893910299294986 -1.823868701331538 0.373800130913347 0.424517913197890 0.419053495059995 0.021178288964578 
0.453446127013524 0.856713081797985 -1.165174610488068 -1.344695799989694 -1.375410499647423 1.253919460025041 0.993676678855880 -0.623537820446916 -0.183410414039496 0.279197349678103 0.692786385508997 1.042619966774328 1.541045155409505 1.932505586622533 -0.861984657702892 -0.086368207036756 1.195741298329556 -1.283865478346134 0.599098752662038 -0.917722792915788 
0.362545514976657 0.699327947498395 -0.986414982255778 -1.203405740865842 -1.334880507385206 1.371496546987883 1.310646952326994 -1.156655221699564 -0.920933409146081 -0.619360296092590 -0.264492222959825 0.099242838616286 0.520812489440421 1.124716286355302 -1.917050184360372 2.316361949314096 0.199901391163866 -1.201331774222493 -0.415067956066391 -0.115101924790212 
0.271354820286387 0.531834664715481 -0.771000389377818 -0.979267047539443 -1.148288029039077 1.271289791262774 1.343335716240428 -1.361493242649768 -1.325833025550044 -1.239025788898312 -1.089202336956311 -0.899306650214616 -0.770313098748791 -0.600077241925667 -0.586216730158714 1.638942633660650 -1.768486191011579 1.822047690505053 -0.882294530300571 1.441263042125039 
0.180273004390434 0.357329032746770 -0.528008516048583 -0.689265674932499 -0.838222863605106 0.972221730701192 1.088878567066791 -1.186142389122993 -1.261548071045197 -1.314002403034717 -1.364124845333897 -1.408872183658805 -1.377669834423603 -1.512873945232909 1.650469607049304 -1.820310035302799 -0.706145823665371 1.931392176860848 1.227538617291791 -1.042165270336051 
0.089692965314876 0.178985340073360 -0.267478322853658 -0.354776682480172 -0.440490527785757 0.524237147422509 0.605638357574841 -0.684316738493133 -0.760343399787760 -0.833485425790647 -0.899076204567481 -0.981191275131512 -1.161533178079806 -1.419059780194629 1.547618163138716 -2.200783196158258 2.873955299412945 -3.954838560060222 -0.017758697546572 -0.921736796813917 
0.000000000000000 0.000000000000000 0.000000000000000 0.000000000000000 0.000000000000000 0.000000000000000 0.000000000000000 0.000000000000000 0.000000000000000 0.000000000000000 0.000000000000000 0.000000000000000 0.000000000000000 0.000000000000000 0.000000000000000 0.000000000000000 0.000000000000000 0.000000000000000 0.000000000000000 0.000000000000000 
******************************************
ASBF PLOT NODES
48 1
1.000000000000000 
1.010638297872340 
1.021276595744681 
1.031914893617021 
1.042553191489362 
1.053191489361702 
1.063829787234043 
1.074468085106383 
1.085106382978723 
1.095744680851064 
1.106382978723404 
1.117021276595745 
1.127659574468085 
1.138297872340426 
1.148936170212766 
1.159574468085106 
1.170212765957447 
1.180851063829787 
1.191489361702128 
1.202127659574468 
1.212765957446809 
1.223404255319149 
1.234042553191489 
1.244680851063830 
1.255319148936170 
1.265957446808511 
1.276595744680851 
1.287234042553191 
1.297872340425532 
1.308510638297872 
1.319148936170213 
1.329787234042553 
1.340425531914894 
1.351063829787234 
1.361702127659574 
1.372340425531915 
1.382978723404255 
1.393617021276596 
1.404255319148936 
1.414893617021276 
1.425531914893617 
1.436170212765957 
1.446808510638298 
1.457446808510638 
1.468085106382979 
1.478723404255319 
1.489361702127660 
1.500000000000000 
