******************************************
ASBF EIGENVALUES
27 1
39.478417604356700 
157.913670417431319 
355.305758439216618 
631.654681669716751 
986.960440108935700 
1421.223033756866698 
1934.442462613508724 
2526.618726678875191 
3197.751825953133903 
3947.841760588623401 
4776.888533433629163 
5684.892901826615343 
6671.858375270194301 
7738.192821106900738 
8884.200369975880676 
10141.165086020891977 
11484.639063434247873 
13352.826993025531920 
15132.107744916704178 
19111.142131708507804 
21838.270032903092215 
31830.556162598946685 
36632.052668142750917 
68527.860388002329273 
79250.020951106227585 
267186.948921184986830 
309871.838715894089546 
******************************************
ASBF QUADRATURE VANDERMONDE
31 27
-0.009143256325708 -0.018286321279937 0.027429003495264 0.036571111612188 0.045712454283350 -0.054852840179433 -0.063992077932709 -0.073129970926746 -0.082266362176563 0.091402579472868 -0.100533389413204 -0.109557428129189 -0.118735601313979 -0.130330025831736 -0.138831876446722 -0.132237518367426 -0.144150399941418 0.271658908799298 -0.250922643150382 0.197854274982456 0.197533965095944 0.900172367292969 -0.705451397446447 -0.702280469550224 0.596885939702691 8.266613868634415 6.099196363319173 
-0.047922521435031 -0.095817313443954 0.143656662645836 0.191412887740471 0.239058355526013 -0.286565496884985 -0.333906822814818 -0.381054947270624 -0.427982546042712 0.474660432300730 -0.521067903795727 -0.567316316172800 -0.613043606609435 -0.655655892585176 -0.701076931501372 -0.796604412827631 -0.830948603654585 0.970533634553901 -0.959460910760116 1.885848182175214 1.632392068286207 2.568859185831943 -2.097526667455131 -7.236621304234276 5.480091652453192 8.191915478841509 5.003468186824634 
-0.116635950063687 -0.232867400385690 0.348291254051179 0.462507214933874 0.575119175944665 -0.685736592754816 -0.793975838157097 -0.899461525747897 -1.001827860849370 1.100721838031526 -1.195795301522352 -1.286582474870575 -1.373048614252463 -1.458964179510273 -1.535541224731636 -1.626766920883383 -1.676699274139591 2.260700844302211 -2.148372277154937 2.996978668561881 2.514185439607087 5.145740522979955 -3.909784844989567 -3.153982692783064 1.321084322807565 -5.045603633481765 -3.525047393921858 
-0.213410357030129 -0.424298518055845 0.630172095713565 0.828597967627179 1.017231032329842 -1.193841924906278 -1.356343364837141 -1.502814829534100 -1.631525228334285 1.740951884571909 -1.829803467156855 -1.897142892299909 -1.942032306311706 -1.962508320107136 -1.959039618483984 -2.014486111534874 -1.951383146940816 2.141069523108972 -1.803005498718056 2.435131650212258 1.721614163534647 -0.239492725369310 1.139617574366676 5.003948036148794 -3.242703933374553 1.864625224605398 1.735181749959300 
-0.335358364350727 -0.660685790133492 0.966251375216706 1.242915315920844 1.482402288627412 -1.677548973836446 -1.822518318967894 -1.912974129212893 -1.946210752679702 1.921234666173005 -1.838795954339812 -1.701309328792963 -1.512768033667786 -1.281160977018476 -1.012023862425647 -0.707860816817932 -0.339496371171546 -0.062488640237224 0.444112454744841 -2.152838225664659 -2.414555991870641 -4.049129237335242 2.273953372539822 -2.350845058958254 2.088877529278050 -0.476137569614470 -0.882949262784419 
-0.478473746713609 -0.926853434789675 1.316937799858863 1.624192117003424 1.829291335475462 -1.919335546034136 -1.888661332858858 -1.739197977250176 -1.480346175865819 1.128387217459320 -0.705448878200746 -0.238109473808807 0.243827173873307 0.710770244471506 1.138956183962081 1.542463831117770 1.754475010620358 -2.364970528700796 2.244177619152297 -2.180724078996674 -0.682806366890898 2.991964054321602 -2.415786457353494 0.456359789925137 -1.019035577479654 -0.139435402180162 0.453145832446375 
-0.637560788528324 -1.200908824269707 1.624469797665341 1.858940761648232 1.877029047034701 -1.676629158195714 -1.281067855117845 -0.736388900346257 -0.105993406113603 -0.536741810469458 1.116986586327649 1.567089194648576 1.835383562749606 1.893618731556410 1.718987903976860 1.359422119130954 0.843251464360490 -0.026840510809336 -0.996678529577410 3.153370759533266 2.249443746348073 -0.839346864098655 1.408043871592614 0.366203217998103 0.428669202860416 0.431732067877976 -0.202234217381863 
-0.806255526887211 -1.454456951885645 1.817534269699680 1.824311708542867 1.473460654875553 -0.833760107834400 -0.030613605040183 0.778534239478687 1.435062200254284 -1.810264781819176 1.830609470461345 1.492319559469012 0.860683056861142 0.055218913245855 -0.747480112637070 -1.424954754405462 -1.870756604320579 2.334093223586872 -1.256534025638645 -1.519488241991140 -1.880331357019835 -0.417936236193975 -0.581076194378548 -0.656480830073934 -0.116651516101444 -0.562857775231751 0.038394178556347 
-0.977179346959597 -1.654557075306320 1.824311621882336 1.434361771515905 0.604345333460198 0.411086105170171 1.300395066590745 1.790738821255782 1.731678550787349 -1.141338455759367 0.200813324439480 -0.801641609725686 -1.557257083518426 -1.828981711079141 -1.554311155531545 -0.858794225400422 0.289249115137205 -2.044633609349960 2.020030593487103 -0.141703818285210 0.969919135817660 0.867166903655975 0.104761306741155 0.721161664928464 -0.061605235733717 0.600145250259825 0.076554106907086 
-1.142247027036077 -1.767642030511719 1.593201850549722 0.697858415069014 -0.513256937912773 1.492130157017118 1.795833756436584 1.286945797495325 0.195731356944507 0.984054235212405 -1.718549631397881 -1.675038128367239 -0.874454545466501 0.313038740784907 1.376546224977658 1.951491925283267 1.397369460449747 0.494601524395689 -1.514176219860039 0.970749095642821 -0.247680951623774 -0.916986307465656 0.147035574841438 -0.685855570987288 0.173240580189755 -0.577587820120201 -0.160624657888895 
-1.293125539674457 -1.765054610586954 1.116089716516790 -0.241645444557665 -1.445924208959996 1.731972052963109 0.918134935684877 -0.478761727084888 -1.571621714970780 1.666421344634809 -0.702978830796738 0.706465696095470 1.667971125042544 1.581962483253413 0.474113163358974 -1.099701422887329 -1.798698973121039 0.789887708509672 0.647973660744626 -1.152167190385379 -0.182674939494698 0.810507917654918 -0.282302737353626 0.601627302686098 -0.247990001076831 0.515586835420457 0.223241317493635 
-1.421810148750922 -1.629192684380663 0.445013495159107 -1.119270363597665 -1.727538514283030 0.860243646708086 -0.741821358270379 -1.710265647429960 -1.217900478112294 -0.314719292352316 1.578533061262038 1.494476884718257 0.133531245680853 -1.354337946023966 -1.675173722795427 -0.413735214539782 1.154135956876739 -1.342951401221415 0.073723594583097 1.016624870392439 0.409658112127230 -0.652018890640738 0.358764895282785 -0.491975840681951 0.299708406594405 -0.428058353150387 -0.269727005877634 
-1.521256344635316 -1.358732690642918 -0.307684068580607 -1.633545284749605 -1.151341156104304 -0.605207836951637 -1.691891521423173 -0.905930208269931 0.882746537462096 -1.694372721667878 0.630606737636380 -1.131503398181333 -1.641268743229704 -0.322967200987902 1.354112550180554 1.417464642872345 -0.160940250462272 1.317272821970590 -0.539313265407538 -0.769469892245090 -0.522792377357277 0.481137399241202 -0.403783972070236 0.369750617054505 -0.335334104872996 0.325306502928892 0.303253896883428 
-1.585986465432520 -0.971286285547036 -0.991153489834283 -1.578286289979980 0.024582928523479 -1.593341312112116 -0.951207595768726 1.010804891457377 1.570242491150852 0.049163446367714 -1.600359072790142 -0.930666853869646 1.030936605656857 1.554039494103312 -0.092452182304088 -1.539138522019651 -0.697756407153156 -0.978661359790492 0.796161346065112 0.502228228646089 0.576805632281617 -0.312491797720237 0.430067801344724 -0.243149860322275 0.358559926643805 -0.215318625391082 -0.325770372145218 
-1.612584055889107 -0.502302236143429 -1.456122421834580 -0.955868390363423 1.158379908391691 -1.316691019212972 0.748245105963410 1.549761154612816 -0.265511592854514 1.632463870506658 -0.242966689371135 1.556671034884409 0.726882103095453 -1.326850760090349 -1.117909057425729 0.950350853983998 1.222678694633013 0.514847978145812 -0.913569534640229 -0.246510298763687 -0.599671990941104 0.151686630734220 -0.443545488470722 0.117971322150610 -0.371403531299154 0.104422113498351 0.338468525886621 
-1.600000000000000 0.000000000000003 -1.600000000000003 0.000000000000001 1.599999999999996 0.000000000000641 1.599999999865836 -0.000000001778874 -1.599999873624996 -0.000000587337353 1.599977276155852 -0.000049073356764 -1.598721313018359 0.001519797809514 1.571800815541724 -0.015108167949953 -1.372111967056512 -0.024822960010275 0.937579746452092 0.008894262118333 0.603788692331473 -0.001053906883667 0.446850473194813 0.001450167395450 0.374906065107406 0.002329697563588 -0.342023254752096 
-1.549621189823763 0.482689994348585 -1.399268553854247 0.918546792634138 1.113151308519021 1.265281208982430 0.719030097913197 -1.489251186908786 -0.255144857174743 -1.568723761056035 -0.233469392381868 -1.495805801374521 0.698056381700159 1.272419773503115 -1.067390200800479 -0.885133981964741 1.156926029327796 -0.441290604612789 -0.883915050515524 0.212483488702743 -0.592422492058017 -0.138346315868731 -0.440730992068379 -0.111780164007454 -0.369431230584794 -0.100887540841059 0.336704039141935 
-1.465089884297924 0.897247071603600 -0.915599838581710 1.457976677843311 0.022709020972807 1.471884085703207 -0.878698940499239 -0.933753255384364 1.450546199186436 -0.045416541295872 -1.478386322032292 0.859668372973719 0.953134455433506 -1.433981033545887 -0.097995387048134 1.399643988270943 -0.604869851362242 0.840177114275469 0.739439318856641 -0.420123161891046 0.561698719469154 0.265941367054974 0.424415393348007 0.210388256857879 0.354743596266707 0.187981581594225 -0.322403079419920 
-1.351902007761289 1.207471350222306 -0.273431043714076 1.451690346607159 -1.023167742928115 0.537832885806840 -1.503541169960741 0.805077246437418 0.784474296381441 1.505746458366398 0.560429278943309 1.005556659754462 -1.459514694420092 0.286779304719625 1.219334122620810 -1.249129705116008 -0.209333437971358 -1.098637265210229 -0.464405426477973 0.610901405881290 -0.498803938639841 -0.381029906232038 -0.395210796554694 -0.295081593325663 -0.329913013661670 -0.260904695295731 0.298592567359098 
-1.216846723108544 1.394333681640010 0.380861828704174 0.957920067888705 -1.478502303557155 -0.736233781627849 -0.634882857088549 1.463719436020834 -1.042331760761682 0.269350524351342 1.350949720751242 -1.279021928110374 0.115252918243952 1.158100338767012 -1.449364012709769 0.361342462928571 1.080083592174601 1.087337417057230 0.003219295557951 -0.765530698615440 0.376156262841837 0.481549281704978 0.347070302236148 0.363765413150971 0.292999263430407 0.317274290238394 -0.264199833822095 
-1.067370622240719 1.456909928842105 0.921241858307805 0.199458784631299 -1.193493574505556 -1.429602951264531 0.757846185870161 0.395179110681452 -1.297246937879716 -1.375496615380758 -0.580225802100667 -0.583171334538202 1.375904581390176 -1.304178120421910 0.402770938442455 0.881295926906310 -1.586914835296495 -0.638044845095854 0.670432294522484 0.828241355014575 -0.141959772116338 -0.560798073599450 -0.267153471808937 -0.413860994794261 -0.240339845918326 -0.354732812282645 0.217358306406983 
-0.910954247787214 1.409713466657140 1.270595553316212 -0.556549566349709 -0.409327909577622 -1.189989794339052 1.432196669921643 -1.026353066087909 0.156098062750576 -0.784793091907258 -1.370584815026939 1.335916356005946 -0.696654616611171 -0.251112428901883 1.092195035382349 -1.521317964589135 1.189230817892371 -0.313272621107896 -1.432965812913749 -0.678229562033897 -0.284286559429206 0.598748457516820 0.128251406756201 0.441059436715509 0.164974468328053 0.370510271802634 -0.154934995116619 
-0.754577051064199 1.277647550151965 1.408731864979759 -1.107612925996933 0.466674946585526 -0.317440336758036 1.004163951989408 -1.382806979732190 1.337200520177168 0.881339779159129 0.155085828804115 0.618966609250466 -1.203084766427571 1.413477012166722 -1.197405421720625 0.641415888440202 0.216890013165037 1.392884431994669 1.826170171689297 0.132126770024109 0.972723392862122 -0.541333844878798 0.125786894046424 -0.436221413746332 -0.053000568051001 -0.360676235664995 0.071605981895614 
-0.604323572459981 1.090178723544718 1.362320959428278 -1.367400944516478 1.104422825194694 0.624939451746353 -0.022946228225507 -0.583545259840756 1.075641629974824 1.356872903492464 1.372109436171294 -1.118504012217739 0.645476200648636 -0.042636952652041 -0.564709757281399 1.064468208027475 -1.455846443989617 -1.557184798880981 -1.096204953633968 0.885360063935472 -1.803141865229167 0.263854477354694 -0.596809740529761 0.376985831605266 -0.125230362790669 0.318648578011891 0.042079030833699 
-0.465154906164237 0.876165287320130 1.185189098664395 -1.356255640415606 1.369452585464640 1.223243795393150 -0.934648128597469 0.537258430508620 -0.077331280403437 0.391598292144136 0.814942769556991 -1.143364639094473 1.338942349673435 -1.380313444462710 1.258017660180718 -0.985656891157058 0.642294022860525 0.002502464558336 -0.850394384108441 -1.833480295583052 2.088158862940822 0.435370299610770 1.395542942202442 -0.205130482343553 0.435931715750219 -0.231745686173017 -0.204145343586190 
-0.340841792683382 0.660246018591999 0.938123446979975 -1.156996714289999 1.303099579456829 1.367242764653811 -1.345391923583870 1.238921385055392 -1.054527741808583 -0.803808680532154 -0.502528359910667 0.169641247740175 0.173671617335061 -0.506673302271069 0.814003943729638 -1.081479576850465 1.297668533869490 1.529636751608447 1.869145823531567 1.244713849917423 -0.602909795705521 -1.572741038442349 -2.336836762503461 -0.223174361288384 -1.019383168683556 0.071953596686976 0.452650798097630 
-0.234033873440790 0.461067535594607 0.674310159215087 -0.867383422229566 1.034512290387165 1.170697754903883 -1.271866358388633 1.334992034464457 -1.358186579421915 -1.340756868611868 -1.283230090284287 1.187271775625196 -1.055565953219979 0.893940327471867 -0.709987116464813 0.487654226392979 -0.236979614106128 0.042159758764365 0.339970714110376 1.203604194802786 -2.179555992154679 2.097622092160859 2.147126355370666 1.156035690514678 2.063585370639038 0.232256889636176 -0.878727977818001 
-0.146426266027964 0.291121989320069 0.432377079605955 -0.568522109828451 0.697948046311571 0.819125265166981 -0.930621630112030 1.031119421891072 -1.119430960095509 -1.194511392457489 -1.255467376112547 1.301669422489424 -1.332743101425946 1.346407386210888 -1.344330341944012 1.361891535014114 -1.409224598087267 -1.337690630021625 -1.413086700248157 -1.331724947708727 1.537983297788580 0.107688904063515 1.101979481477391 -2.420190324432778 -3.161847015358361 -0.883263049233193 1.722774845175112 
-0.078979770326582 0.157685634566092 0.235844636552438 -0.313185716667298 0.389440651889227 0.464344986007353 -0.537638946860977 0.609068342729301 -0.678385394619722 -0.745351077942466 -0.809738859278821 0.871222745184685 -0.929491667621350 0.987270121222774 -1.045388248749468 1.091138883899947 -1.171640503141558 -1.373137216595191 -1.709800237054553 -1.649251091804832 2.150055290313661 -2.561010743224540 -3.658194545209954 1.515136421565161 1.252271271145744 2.338413552085490 -3.488004971171177 
-0.032152727556124 0.064286850567762 0.096383775255561 -0.128424929364279 0.160391772909216 0.192265808902373 -0.224028593970444 0.255661753430477 -0.287147035770769 -0.318464900053014 -0.349592386493151 0.380610151841844 -0.411583461857596 0.440258462809089 -0.468496888448072 0.523472252885102 -0.593156716050654 -0.601193200569939 -0.727429042898279 -1.001502416197996 1.424295754867637 -1.293698981927578 -1.902185977670838 3.383426007285734 5.306649165466689 -3.750147053797349 4.923023265753883 
-0.006102905004147 0.012205682272417 0.018308204071604 -0.024410342673851 0.030511970359320 0.036612959420045 -0.042713182223763 0.048812507985819 -0.054910771954262 -0.061008811704836 -0.067109826356709 0.073142712778143 -0.079061747088039 0.086604761482864 -0.094999041887977 0.090238307671201 -0.092254786378791 -0.155019775359562 -0.207844092693091 -0.118508004058202 0.152094235440819 -0.431373971109271 -0.663629417681783 0.342242377977442 0.552437500576112 -3.731926126809636 6.025626187923592 
******************************************
ASBF QUADRATURE NODES
31 1
1.000728129545131 
1.003828522583712 
1.009374018726763 
1.017310750525838 
1.027559992512932 
1.040019919963433 
1.054566712895844 
1.071055803853287 
1.089323319268935 
1.109187709648213 
1.130451554488774 
1.152903524597942 
1.176320482504575 
1.200469700166107 
1.225111171961915 
1.250000000000000 
1.274888828038085 
1.299530299833893 
1.323679517495425 
1.347096475402058 
1.369548445511226 
1.390812290351787 
1.410676680731065 
1.428944196146713 
1.445433287104156 
1.459980080036567 
1.472440007487068 
1.482689249474162 
1.490625981273237 
1.496171477416288 
1.499271870454869 
******************************************
ASBF QUADRATURE WEIGHTS
31 1
0.001870428751620 
0.004362871025275 
0.006879439657727 
0.009426132823269 
0.012008968723857 
0.014630033913405 
0.017286315267386 
0.019968790698346 
0.022661691237286 
0.025341970375503 
0.027979032788736 
0.030534775568404 
0.032963989039427 
0.035215152166589 
0.037231639936083 
0.038953337809932 
0.040318632737955 
0.041266723052151 
0.041740162939179 
0.041687533297611 
0.041066111792091 
0.039844402724110 
0.038004383435354 
0.035543329268215 
0.032475093908163 
0.028830745885666 
0.024658494527563 
0.020022880914906 
0.015003279338494 
0.009692059108729 
0.004198263953635 
******************************************
ASBF GLL VANDERMONDE
27 27
0.000000000000000 0.000000000000000 0.000000000000000 0.000000000000000 0.000000000000000 0.000000000000000 0.000000000000000 0.000000000000000 0.000000000000000 0.000000000000000 0.000000000000000 0.000000000000000 0.000000000000000 0.000000000000000 0.000000000000000 0.000000000000000 0.000000000000000 0.000000000000000 0.000000000000000 0.000000000000000 0.000000000000000 0.000000000000000 0.000000000000000 0.000000000000000 0.000000000000000 0.000000000000000 0.000000000000000 
-0.032708369048772 -0.065407943626435 0.098089931626589 0.130745545671255 0.163366005473998 -0.195942540199421 -0.228466390837967 -0.260928814443008 -0.293321075508844 0.325633903077972 -0.357859632683562 -0.390029729430416 -0.422072295671586 -0.453356996309293 -0.484703903135286 -0.540616568704003 -0.569884651411940 0.709804367612746 -0.688273176906391 1.240588866072549 1.102833487818549 1.997749452663211 -1.597180756930592 -4.983819941876845 3.921466302144744 11.939755736896593 8.101927093977057 
-0.108489582390951 -0.216654103903292 0.324169477618993 0.430713561622877 0.535967124217433 -0.639614800419334 -0.741346036829328 -0.840856017577348 -0.937846605491992 1.032028555089997 -1.123116976824086 -1.210745517207541 -1.294805119189261 -1.378161112076950 -1.454704848587021 -1.552639449319794 -1.601691841823669 2.139821301232431 -2.051983852961593 2.966331263825005 2.489433666714178 5.036679135058087 -3.909317958320197 -4.412882000445112 2.314466916692915 -4.804438642077610 -3.576284081622878 
-0.224180424157598 -0.445431142585047 0.660860736461930 0.867653860434176 1.063108035003261 -1.244668963922959 -1.409963915133407 -1.556832736386778 -1.683356035468033 1.787878074451622 -1.869037956209803 -1.925938357518155 -1.957534596315282 -1.960917126069040 -1.939862571298852 -1.983332465313590 -1.892158983813078 1.988356603500288 -1.642486245002770 2.197539669679608 1.446130791176329 -1.159255028108200 1.805013802493084 4.656744624726272 -2.781939623152718 2.287983010289743 1.850868259987535 
-0.374873897541738 -0.735616479391986 1.068629126545992 1.361358532739833 1.602769916202291 -1.783762988831112 -1.897515002230511 -1.939737928824417 -1.908840180165567 1.805989655193943 -1.635055271337187 -1.402258607880522 -1.116826896507048 -0.795111361244416 -0.437380730160435 -0.005351248225407 0.389086223868811 -0.848163605196548 1.212528692231088 -3.378186540291193 -3.023731674459595 -2.025100400827619 0.357290810452972 -2.861569514740223 1.780641458339957 -1.495003690172899 -1.180067819756035 
-0.553421648057422 -1.059394982516521 1.474539731698197 1.763262928979241 1.900810521359027 -1.875389689883451 -1.689179922218100 -1.358146164493326 -0.910669940658443 0.385112227308404 0.173455662642471 0.716863984492669 1.199180520931186 1.586701612023610 1.829267039745631 1.908171057928268 1.810075525330417 -2.049919555135915 1.272289147386553 1.186507300335168 1.967222465159999 2.291276071371738 -0.772223883490495 1.773646957581414 -1.064233128990780 1.123482662742121 0.792480098427113 
-0.750302021507847 -1.375521337694997 1.771427756924339 1.872019796390968 1.660527776593144 -1.172209491374159 -0.488472387732517 0.276697868827165 0.995739786215509 -1.548777452386313 1.843630337132436 1.831472527850505 1.513438832223291 0.935362823179582 0.210726493668132 -0.511408345929125 -1.232150826290102 2.516214054573983 -2.250981785643503 0.375686035514871 -0.942384214821141 -1.726023996893845 0.557888520304444 -1.206750363800178 0.619275528881380 -0.884294866313273 -0.508879410958965 
-0.953790481810050 -1.631424026161292 1.836701144910065 1.510186666994008 0.746418376105543 0.233465106479008 1.145751973013740 1.726302071772905 1.807025226813542 -1.364554059605295 0.526979245054734 -0.463542540157943 -1.319111519508520 -1.785189965848530 -1.747114992823587 -1.294700794516789 -0.269906820333176 -1.613592417139750 2.051205532203226 -0.835085829099649 0.504593268687990 1.204774656579597 -0.271201219122093 0.873664706069453 -0.315978317154058 0.701377169838051 0.280483698223293 
-1.150537313201705 -1.770575479008261 1.574222232528641 0.652013733390608 -0.570830586667556 1.530471674577856 1.784430374867185 1.215609350554498 0.086285090189050 1.082829248196145 -1.752643928080752 -1.613967651918745 -0.732046683752908 0.479339291047606 1.488357472036577 1.933174301869186 1.232765442816993 0.733999665598880 -1.606047068810263 0.785809003335016 -0.407640392398926 -0.838457164399200 0.033687229910039 -0.646122791102372 0.091368693336019 -0.548750116626403 -0.091650241184245 
-1.326575685540513 -1.744764174637376 0.968206329748471 -0.471341379228634 -1.588132928333189 1.617433100906837 0.539178283374040 -0.908284770495513 -1.733789741645213 1.372058534017253 -0.070818742992525 1.278570459459377 1.753573427292003 1.036177626532376 -0.414982736893350 -1.706966506478286 -1.566237641308661 -0.237308630984377 1.274695827262450 -0.602419495136090 0.437793059632802 0.581548604417154 0.147432121167775 0.472152732991210 0.080456788175221 0.415563301302426 -0.062679947329737 
-1.468670603538203 -1.528408313053388 0.121905231358277 -1.401544625195933 -1.580457238257617 0.243197208372377 -1.327368060580722 -1.624555529700404 -0.363265919739736 -1.246509857744166 1.660503130738761 0.481832163774358 -1.160355878173800 -1.697202226612943 -0.578049781224481 1.204790816219218 1.578232882375376 0.030577438391302 -1.085890579257863 0.415025564595922 -0.498383595577968 -0.390193677098158 -0.280833752153043 -0.329260158335874 -0.209991880882223 -0.296610295203563 0.183657154743684 
-1.565808625170163 -1.129974090050113 -0.750356836452482 -1.671473076486680 -0.455870564703303 -1.342491668250474 -1.424686789868694 0.314358888703408 1.651545717018080 -0.877490879380482 -1.018326582073688 -1.612601808694912 -0.144050183021737 1.514943563973471 1.208073195970503 -0.725305689880314 -1.494063321799148 0.023433157648725 0.991355491923192 -0.252291202506837 0.553293304888285 0.238172134406031 0.373147663230756 0.206661078991699 0.301398168911459 0.189110669664707 -0.270979520572779 
-1.610555160228059 -0.595305269581075 -1.390514038543776 -1.109277317861844 0.980494779932124 -1.471695025561566 0.436516017034615 1.633043299120556 0.167101329703216 1.571279941589782 -0.747863700256683 1.294993135526886 1.225171188878270 -0.846196340242118 -1.509140823130652 0.337420787986647 1.414442547115114 -0.010634781433243 -0.949540022475541 0.113307489972320 -0.589842542129990 -0.110708476196160 -0.427941590627584 -0.098572723616156 -0.356207821315714 -0.091402879761879 0.323957764058000 
-1.600000000000000 0.000000000000008 -1.600000000000003 0.000000000000010 1.599999999999996 0.000000000000654 1.599999999865835 -0.000000001778892 -1.599999873624996 -0.000000587337375 1.599977276155851 -0.000049073356791 -1.598721313018359 0.001519797809544 1.571800815541724 -0.015108167949985 -1.372111967056513 -0.024822960010300 0.937579746452092 0.008894262118349 0.603788692331473 -0.001053906883678 0.446850473194813 0.001450167395440 0.374906065107406 0.002329697563579 -0.342023254752096 
-1.536082839235597 0.567778261367057 -1.326216453226491 1.057984162231110 0.935156548876282 1.403643618782586 0.416331448444878 -1.557531119651963 0.159374597282900 -1.498622579232601 -0.713288781087265 -1.235018081217284 1.168711796319302 0.804121453038667 -1.441968751818949 -0.291666735452674 1.371851555302132 0.058608719125352 -0.947915116840772 -0.121535529598588 -0.594257994157561 0.103280898831031 -0.430384772275868 0.087304878633840 -0.357601384735550 0.079092113103694 0.324965517825022 
-1.425223257422903 1.028519914590257 -0.682986411932770 1.521400677241855 -0.414940447220394 1.221956705137580 -1.296771977450552 -0.286134331646307 1.503262375009559 0.798704717978983 -0.926884532385317 1.467727238443521 -0.131477526949118 -1.376130619109106 1.104217683686624 0.628814478118988 -1.403479486891462 -0.069516895370351 0.985767594853573 0.231198378799084 0.562595681517943 -0.201407458877495 0.378210062889559 -0.170076086962244 0.304215250311452 -0.153879736696596 -0.273002884080341 
-1.277335704015176 1.329290927368862 0.106023708886808 1.218954737856418 -1.374559042873379 -0.211514056742253 -1.154441719226984 1.412912317208432 -0.315940350389452 1.084118513971436 1.444160065854535 -0.418980966150960 -1.008691232330807 1.473562990542576 -0.508336802804870 -1.014154936126351 1.433167834320854 0.025269582421193 -1.069903172246204 -0.343282793817410 -0.513546287884672 0.301726381557027 -0.288937637727035 0.249616082261637 -0.214300990632983 0.223250320946175 0.186713042761742 
-1.104442348338222 1.452605730179445 0.806081465353869 0.392415891093437 -1.322202178104035 -1.346596075682122 0.448893596014627 0.756193688916693 -1.443469132935906 -1.142310040183740 -0.058940320112533 -1.064545041356465 1.459339663744849 -0.860571347839394 -0.340094259823783 1.385124192187600 -1.373972113690666 0.131921770475486 1.233682761965461 0.458437473748308 0.460123121880365 -0.413319410905306 0.159434327491782 -0.329789908900820 0.086387888073744 -0.288806707048641 -0.066797102850484 
-0.919167101194185 1.414517123270548 1.257650029691038 -0.520895381994776 -0.456037965565953 -1.222697600886878 1.425585833461824 -0.971153310155784 0.068933567947067 -0.865074182789429 -1.400213179161905 1.289462908721165 -0.584157398181767 -0.384462087361744 1.184517273279668 -1.509213539989831 1.049455331276324 -0.487590657177505 -1.511714561319893 -0.558539223932053 -0.437421177309698 0.550903123525647 0.016061472357550 0.416967165617513 0.083568536376136 0.352830162299347 -0.086425925501769 
-0.733387455228090 1.254432642978137 1.412274083637109 -1.161210955391661 0.573935139663706 -0.179515715023227 0.880990259550849 -1.327386160248762 1.389455514708643 1.049230638601474 0.405225972322386 0.356374676983006 -1.015002853659872 1.373672428621636 -1.338825439233130 0.969772970423863 -0.243047776961594 1.084564314744030 1.866016613101905 0.565873746931290 0.535245702582363 -0.737530084674975 -0.244458527743604 -0.523266156343423 -0.305797749834966 -0.418875352572038 0.274078807789136 
-0.557248205966027 1.021597670972684 1.315636785251777 -1.390346344763032 1.233271533246927 0.870598262245615 -0.362787723020416 -0.205503097825571 0.739534656610959 1.150275278412375 1.369241198977163 -1.360188709150528 1.124704670609852 -0.695617726836753 0.149469199253494 0.385466636908197 -0.927131164760141 -1.658559504973728 -1.981625387115850 -0.267536164418711 -0.943364038447555 0.994860076517849 0.515605126986776 0.675008218805211 0.605495925116767 0.493232255025366 -0.501170309913316 
-0.398632744059261 0.763088199396469 1.062119310898838 -1.270088263341734 1.369164572303594 1.350853803574746 -1.216725854179396 0.978280364606783 -0.655960871160874 -0.277398946792756 0.124958874470362 -0.516394023322647 0.863214987928639 -1.141762542453882 1.327253305408874 -1.364994280136196 1.334552221879049 1.309936391408037 1.104872547764930 -0.652126447843649 1.861512722379508 -1.259986249825863 -0.708179150096106 -0.934636068844665 -1.043456837914564 -0.589256270071680 0.783230934782692 
-0.263078800547364 0.516240534031231 0.749941968980088 -0.955373452930919 1.124791002715643 1.251808223084114 -1.331637049584561 1.361268232895488 -1.339584697519616 -1.267406121199854 -1.147462502303001 0.984100147326211 -0.783315147268325 0.557218770729995 -0.313011831387694 0.009852691309058 0.306359788567490 0.558101036444302 0.950935794115054 1.880178329943964 -2.757529789693038 1.081644189813641 0.295197195914492 1.437813130137356 1.742740946827376 0.743343850974044 -1.168692698710620 
-0.154043779157034 0.306074434535822 0.454105150900810 -0.596201386288372 0.730506153601485 0.855264288675957 -0.968845387564179 1.069765118778595 -1.156704681677849 -1.228526285116992 -1.284284181744918 1.323375610846186 -1.345461440563844 1.347515542921821 -1.332145174713370 1.341054388476958 -1.372320315939704 -1.249545349233795 -1.281891452364948 -1.195992986294042 1.304449794932284 0.568804727763743 1.737052777589900 -2.263622017194171 -2.704703368501613 -1.089152475242757 1.835072889186500 
-0.073382812177432 0.146545751802364 0.219269605113295 -0.291336473956996 0.362530428663592 0.432638155025091 -0.501449593503645 0.568758565465201 -0.634363352856924 -0.698068352524889 -0.759687277769540 0.818962383827226 -0.875624367232264 0.931713045075925 -0.988594669829771 1.039037778655213 -1.120512184526847 -1.301631643641699 -1.627372859101686 -1.625462929965910 2.132156650589041 -2.509324669463827 -3.647261862144568 2.104231430163145 2.222445674383437 2.219137679509037 -3.542414504375829 
-0.021900590183535 0.043795291840294 0.065678218026764 -0.087543484965583 0.109385213627526 0.131197531311722 -0.152974573196308 0.174710485212817 -0.196399441817596 -0.218035215905953 -0.239610033480771 0.261148744815033 -0.282696067454578 0.303577318435956 -0.324312082483487 0.356333239909767 -0.402167776940993 -0.433161883543100 -0.527415449616652 -0.663789397911152 0.953305956308223 -0.995089109046159 -1.455484083590666 2.332997741089672 3.780325835184460 -5.432629977231048 7.991315301362839 
0.000000000000000 0.000000000000000 0.000000000000000 0.000000000000000 0.000000000000000 0.000000000000000 0.000000000000000 0.000000000000000 0.000000000000000 0.000000000000000 0.000000000000000 0.000000000000000 0.000000000000000 0.000000000000000 0.000000000000000 0.000000000000000 0.000000000000000 0.000000000000000 0.000000000000000 0.000000000000000 0.000000000000000 0.000000000000000 0.000000000000000 0.000000000000000 0.000000000000000 0.000000000000000 0.000000000000000 
******************************************
ASBF GLL NODES
27 1
1.000000000000000 
1.002609759067862 
1.008712899387296 
1.018204135318721 
1.030949478446370 
1.046769878276047 
1.065443212538385 
1.086707334075797 
1.110263734764360 
1.135781731096480 
1.162903104502743 
1.191247129224271 
1.220415916525370 
1.250000000000000 
1.279584083474630 
1.308752870775729 
1.337096895497257 
1.364218268903520 
1.389736265235640 
1.413292665924202 
1.434556787461615 
1.453230121723953 
1.469050521553631 
1.481795864681279 
1.491287100612705 
1.497390240932138 
1.500000000000000 
******************************************
ASBF PLOT VANDERMONDE
65 27
0.000000000000000 0.000000000000000 0.000000000000000 0.000000000000000 0.000000000000000 0.000000000000000 0.000000000000000 0.000000000000000 0.000000000000000 0.000000000000000 0.000000000000000 0.000000000000000 0.000000000000000 0.000000000000000 0.000000000000000 0.000000000000000 0.000000000000000 0.000000000000000 0.000000000000000 0.000000000000000 0.000000000000000 0.000000000000000 0.000000000000000 0.000000000000000 0.000000000000000 0.000000000000000 0.000000000000000 
-0.097374609517973 -0.194514635072604 0.291186057833892 0.387155987876941 0.482193225234381 -0.576068816877410 -0.668556608286984 -0.759433787300677 -0.848481416919933 0.935485290194030 -1.020236755507618 -1.102508022140738 -1.182065880969419 -1.260255167850710 -1.335034832228104 -1.442461595963017 -1.489267840597087 1.948255539545927 -1.890304846798881 2.899686273818048 2.435362875702474 4.745048241471012 -3.772197564653109 -5.984907965640328 3.620859674985851 -3.897108046266766 -3.234354264837101 
-0.193018368648980 -0.384177864893301 0.571637518285714 0.753591989888173 0.928288958672738 -1.094045997331304 -1.249266774937028 -1.392456429713352 -1.522235993317038 1.637355795949555 -1.736703121033156 -1.819320161654203 -1.884581380132571 -1.932886447730978 -1.958196796900507 -2.025972677763662 -2.008968405710773 2.376823354479816 -2.062393463641537 2.758335837068924 2.123314016099671 1.544291964381950 -0.262233877794479 5.024228280047668 -3.707758141340326 0.559596350168435 1.098944442625443 
-0.286740469164677 -0.567273873107963 0.835527510825591 1.085694501168071 1.312359484281174 -1.510615847788848 -1.676171940266360 -1.805443981970739 -1.895633540240597 1.944785527016487 -1.951848560716390 -1.916854235925197 -1.839915387171610 -1.720012304705318 -1.569229381679425 -1.452974831762714 -1.184085081320943 0.892075225429476 -0.525403871256321 -0.037969407650706 -0.768607773108661 -4.594216624335388 3.565254164053806 0.385446287056099 0.717355789387914 1.578859578010138 0.499411816035669 
-0.378356988152492 -0.742173929435332 1.077469542825896 1.371358605937535 1.612547126889784 -1.791766366086963 -1.902129028570612 -1.939393927925048 -1.902129055385352 1.791769798049207 -1.612548182533455 -1.371120130911157 -1.077257866714938 -0.747993822593380 -0.383409742696945 0.057076317416762 0.451158893360152 -0.916078954882861 1.275911204833228 -3.447312140413891 -3.034557758604033 -1.812407076541144 0.184521528563002 -2.832687514901205 1.705858838942494 -1.536360059747242 -1.166557608290664 
-0.467691173347637 -0.907350109980877 1.292624755194266 1.600422712401883 1.812295343510173 -1.915543534047812 -1.903978846156125 -1.778294433261018 -1.546023577556612 1.221089356441468 -0.822956110460501 -0.375409291278981 0.094186561807913 0.557046104424467 0.994116492362701 1.427706979841842 1.673767695160747 -2.287093144164728 2.251596248246550 -2.586478284840811 -1.106283505295898 2.755798442990680 -2.431311697940543 0.063570420069640 -0.816506154136629 -0.413596785155076 0.277227908740896 
-0.554573711769721 -1.061387907858359 1.476796090006433 1.765023584499172 1.901248433045363 -1.873739043153080 -1.684864505140655 -1.350890580787512 -0.900578799382709 0.372705708027124 0.187256402086978 0.730801960724927 1.211791481546492 1.596483500232630 1.834572438246300 1.907493862487720 1.803831624295824 -2.032615099740767 1.246062279118819 1.234747395954828 1.994811477658567 2.254886476065311 -0.735369552492967 1.771364754500590 -1.048743618793778 1.128638876250807 0.785169982316952 
-0.638842981247470 -1.202997635154781 1.626507586370897 1.859859494690570 1.875771752229485 -1.672384027206015 -1.273474758939129 -0.725681182344420 -0.093046773672344 -0.550467796641596 1.129613162183276 1.576576025040052 1.839814528049196 1.891377704302708 1.709506747561155 1.343759186784099 0.821725575923337 0.011290934162572 -1.030320708869139 3.153522700351313 2.227197129365592 -0.880929005699391 1.424581682532878 0.334815668121955 0.448499668573199 0.410208715727988 -0.218075739237594 
-0.720345284451934 -1.331024529292340 1.739067355315373 1.882352941176468 1.739067355315359 -1.331024529297052 -0.720345284364384 0.000000012386980 0.720345262892213 -1.331020707871472 1.739064981076177 1.882635942144460 1.739365164549575 1.324912368150169 0.712243307986914 0.040103237176372 -0.709682000893501 2.133011760505086 -2.339360679676572 1.488847920322455 -0.064130823948196 -2.061833244601502 1.142701548503519 -1.137231099525345 0.874426233032757 -0.761474048210803 -0.664352431973205 
-0.798935065096002 -1.444457489495347 1.812613144655508 1.832708261191432 1.500884146416385 -0.880858135971758 -0.091688500762683 0.715087302484574 1.384550911388086 -1.788147394101748 1.848398258918524 1.553975121061797 0.960352803734186 0.176529503729552 -0.627510331390322 -1.322696374386292 -1.821008976930258 2.425997238984746 -1.436648881619200 -1.315624631701900 -1.825914563056659 -0.612862465360604 -0.452408702506507 -0.765511589483004 -0.018763718056678 -0.638006152647713 -0.038804816506151 
-0.874475105996054 -1.542436382242415 1.846139782812202 1.713863480600641 1.176845512651373 -0.361906684317811 0.538499111440684 1.311734313466571 1.775193629922695 -1.819429466857489 1.433999123686805 0.709773059687477 -0.182345856016055 -1.028022555960154 -1.626880103748283 -1.946428095289564 -1.721063007397650 0.708240638072448 0.685783461457103 -2.330765297996388 -1.367872362693288 1.116196147337867 -1.124393519580770 0.450112002244338 -0.702195761238946 0.286982496046395 0.541721496700349 
-0.946836708729963 -1.624257868152379 1.839508178334717 1.531339717621948 0.787439596533422 0.180520776440647 1.097115265656530 1.701533510818991 1.821792789479842 -1.423679122615622 0.620453470299499 -0.359688581639523 -1.236809897524744 -1.754263093577451 -1.784282901445757 -1.406120981353159 -0.432348303514730 -1.451434747798940 2.017823883008225 -1.033677093866590 0.345195314757751 1.279340343828974 -0.382364271804647 0.896106149554991 -0.385933321124150 0.712059188609454 0.335086133445180 
-1.015899854664415 -1.689379716592083 1.793435941308775 1.292995257026828 0.356736588829454 0.699763990613361 1.520401576631798 1.828571421049948 1.520401681788935 -0.699766265705470 -0.356750884954233 -1.293157970100694 -1.792833272501062 -1.686745770343027 -1.025026265608575 0.004597216827426 1.155331584437033 -2.290105468690584 1.507064551916096 0.917905919672817 1.395845050135979 0.134311518836711 0.621123707472937 0.276455513087959 0.336662522560346 0.260179060534813 -0.256963526121104 
-1.081553347163567 -1.737423588279772 1.709470075793298 1.008694891156159 -0.089087408707945 1.151806246420852 1.761191495210247 1.677398310714152 0.933406405471009 0.177963592736415 -1.219290363962252 -1.780455593514806 -1.640814476296767 -0.862995923249265 0.257217624128336 1.416717061338742 1.928666359998792 -1.308825865530817 -0.186689881013115 1.716130470660927 0.953366361162868 -0.905211507996307 0.787503511388294 -0.528817006591818 0.574573557742533 -0.411583255481979 -0.482305518809767 
-1.143694934830234 -1.768176280163586 1.589942561078737 0.689908159756786 -0.523330122374231 1.498987470060124 1.794135845469568 1.274784073331421 0.176706848119679 1.001596806675287 -1.725177789004177 -1.665181228659593 -0.850102742963375 0.342241817814055 1.397074713284233 1.950021538988584 1.369988887744141 0.537220723272031 -1.532207330504373 0.939390379217535 -0.276270072045478 -0.904482334684095 0.127276655636254 -0.679924679941691 0.159118761771783 -0.573425949754747 -0.148770565726120 
-1.202231415670187 -1.781589440755835 1.437909986426900 0.349252604448459 -0.920351765828421 1.713123957672246 1.618330482941227 0.685083632867191 -0.603103626339122 1.578825804003826 -1.736542658591571 -0.994469194971047 0.261909626459776 1.382596342084815 1.802529830463737 1.289056133747611 -0.092756536415619 1.788874711013286 -1.508915998417451 -0.467162591985378 -1.056445271818223 -0.084400718464625 -0.557861607541937 -0.152820300246836 -0.374414562091555 -0.149007822130128 0.312039436498285 
-1.257078722109418 -1.777777777777789 1.257078722109428 0.000000000000004 -1.257078722109435 1.777777777782007 1.257078722050956 -0.000000011491595 -1.257078721314689 1.777774024160882 -1.257073110316111 -0.000298886895551 1.256611849221263 1.787155645243917 1.267553527410406 -0.129961293519791 -1.433493239983962 1.624559536981542 -0.316973312270798 -1.267624238975784 -0.795987133649076 0.679490838237074 -0.615235942098389 0.449699890157448 -0.476474908769473 0.371616566326664 0.414838477920990 
-1.308161986833583 -1.757015793297128 1.051717392759062 -0.344435327145713 -1.514334649379820 1.689494661713071 0.754855888877188 -0.675634215443446 -1.662312160030848 1.557041545199913 -0.428998095933254 0.980434495382139 1.746779498538269 1.376556120267329 0.080672700112262 -1.423360123872323 -1.766142676700357 0.338039925335782 0.981092952371986 -0.948660640142905 0.107131187136016 0.747338371012093 -0.092016219321678 0.575716708503216 -0.105617341805712 0.499030112109945 0.100209638221854 
-1.355415589457949 -1.719733094405671 0.826558661831891 -0.671006566338785 -1.677922780461974 1.457919320204500 0.171865670542131 -1.239858472981156 -1.744981307159091 0.974148263328505 0.508972737337244 1.619791537202846 1.547294045100203 0.345314833983918 -1.131185983448651 -1.824803534968930 -0.927531251753996 -1.041902777954360 1.395682561874247 0.055086214935984 0.799607473272600 0.178324729746273 0.456739416037491 0.183530738076919 0.333906788481054 0.170681616921877 -0.288448207221501 
-1.398783184075135 -1.666508339778546 0.586692533798699 -0.967523671108965 -1.739398889717844 1.104793746567241 -0.423149156812070 -1.608933053894723 -1.493731436333569 0.170699696682884 1.290355385731754 1.708301335306338 0.745181128696655 -0.829828693067124 -1.737376931455240 -1.138941380798464 0.469575076552844 -1.562898141895020 0.725948264212432 0.878322949951923 0.745170625070834 -0.467035427465362 0.544393070593135 -0.326376675504550 0.433699184614915 -0.277012470696544 -0.384834385149098 
-1.438217707766563 -1.598061894073580 0.337453529973845 -1.223103621511864 -1.696493457994748 0.661938910030287 -0.960986348799648 -1.729729711712431 -0.960986463505205 -0.661933023308957 1.696504789075702 1.223574084185634 -0.337778353835106 -1.612069967391974 -1.434263847304023 0.179896987927104 1.492911732250389 -0.973469660300671 -0.412363300956115 0.936832768756063 0.088602240026282 -0.662897964611964 0.149863770072207 -0.517914624424560 0.138186192925166 -0.455702590698631 -0.127567341335066 
-1.473681370201809 -1.515247272974357 0.084304192133015 -1.428565239929203 -1.553162812346290 0.168405288078871 -1.380007570651738 -1.587336635310651 -0.252100836264741 -1.328121761099068 1.617708687247482 0.335462704714110 -1.274067660544375 -1.651705965261487 -0.396495924469302 1.336010369067116 1.511029790685699 0.210687392649603 -1.141995191191069 0.294297042698901 -0.572267394207193 -0.313773196653640 -0.341166519349382 -0.271454680712923 -0.260457905943533 -0.246246133543247 0.229289812682416 
-1.505145624487859 -1.419041471663011 -0.167282586162449 -1.576754402152594 -1.319271173739061 -0.332954149572431 -1.633178172941397 -1.206795578150592 0.495419117742756 -1.673875254973682 1.082712107716340 -0.653268777711897 -1.699302469848585 -0.942881777510189 0.825324573043853 1.673560159102953 0.569582106727817 1.145223334419179 -0.978922895434735 -0.492696519461049 -0.716076439006466 0.246374751123980 -0.510310637192410 0.172590832930304 -0.413781324615038 0.147154869873156 0.371336875063108 
-1.532591119467559 -1.310534278548745 -0.411939907650566 -1.662788289955144 -1.009927297682545 -0.799189169712085 -1.693322098106173 -0.648787822751350 1.138537119822669 -1.622368035231978 0.248755103263046 -1.410109070100484 -1.454079692652867 0.180415854780883 1.598783754923848 1.040954000205758 -0.686512443517178 1.242432941938061 -0.123116087060561 -0.841676558127943 -0.283120628311380 0.568628331454785 -0.246229241500106 0.449312410842331 -0.210584718500667 0.398978583520722 0.192124887560947 
-1.556007633703219 -1.190916684103656 -0.644519465035942 -1.684210526315788 -0.644519465035954 -1.190916684098046 -1.556007633950248 -0.000000015301026 1.556007802720198 -1.190921715416217 -0.644542350604067 -1.684617490766395 -0.643504565485204 1.203099737293800 1.536870080524515 -0.156123753150322 -1.454810828470792 0.516141105058404 0.758053560337215 -0.552042070669236 0.339281071275752 0.434509797326670 0.204263179109487 0.360545662576994 0.158877686790815 0.325401542859726 -0.141131950041132 
-1.575393991417341 -1.061468501607142 -0.860198055643563 -1.641052495315208 -0.245509813467792 -1.475632965183491 -1.239761360201332 0.640306917758684 1.671187289089241 -0.485705591172942 -1.343950116818317 -1.391246574924276 0.407707864161368 1.665866595318104 0.689321414920528 -1.216385015104352 -1.280225700742722 -0.493142560291453 1.039462122274547 0.107596316338040 0.658093122448257 -0.015345111826495 0.467900300973956 0.002281030836841 0.384360124649778 0.006232962888439 -0.347483311644427 
-1.590757960697696 -0.923545322422192 -1.054575848999310 -1.535799742356425 0.162937583924491 -1.630396310285394 -0.783620549438619 1.175450246655976 1.466050907440561 0.324310369052695 -1.654335218337374 -0.635776699957952 1.285350415352461 1.370854554945217 -0.494450550927661 -1.550429980694600 -0.313113960570350 -1.112342175843855 0.564289769648015 0.639982300065007 0.451603628909555 -0.424266496536151 0.346419469304482 -0.337758545303745 0.291213865724274 -0.301466744402319 -0.265299872337026 
-1.602116134308406 -0.778564933080353 -1.223764439295937 -1.373265940319042 0.556411628828480 -1.643659935671473 -0.242341944662723 1.525891374591114 0.983864501998135 1.047778031588255 -1.493021003869394 0.322705437171982 1.648838652566422 0.464583805078564 -1.404098503024610 -1.000868738811203 0.815746317965455 -0.970768048396693 -0.287541717094580 0.682811786332165 -0.091411368190185 -0.496669572858635 -0.045427803971321 -0.408345649762729 -0.033028508384677 -0.368615419796952 0.028706029058264 
-1.609493793482223 -0.627993324906810 -1.364462953522129 -1.160380358870231 0.911704997775790 -1.516110002073090 0.320148220957435 1.641025649997422 0.320148052454973 1.516112964706871 -0.911678597225096 1.160622390973661 1.363122735931138 -0.635307957835791 -1.581683117230065 0.092579293261966 1.402704675688385 -0.207229354867197 -0.898506945586667 0.241442593812950 -0.542966907331383 -0.201890092657787 -0.389992750365088 -0.173118306367554 -0.323623398798283 -0.158573740882781 0.294020741726802 
-1.612924755101808 -0.473330429153770 -1.474020758214025 -0.905897959573363 1.208175083381345 -1.260450165990491 0.838282181634055 1.506453244168407 -0.396197032626525 1.622719445364592 -0.079995453593958 1.599056698796177 0.548465797861371 -1.432493125511559 -0.949905682093128 1.102313760438006 1.101844871850552 0.654178504219138 -0.850396218735215 -0.346360130697927 -0.566212178759291 0.226081962440936 -0.420756086840712 0.179870027304174 -0.352824879035237 0.160575430410021 0.321697382746793 
-1.612451202709382 -0.316095711621066 -1.550485607262315 -0.620044042313055 1.428935719450489 -0.900164428177642 1.252472633106030 1.145691983245165 -1.027877618867001 1.347185673110653 0.763771134274826 1.496446772838953 -0.470020326413865 -1.574959007054113 0.156727494362376 1.468639243229629 0.121789495753648 1.056225188061625 -0.199807457421719 -0.663744693908671 -0.157709858702194 0.472324204833805 -0.122138300080672 0.387811928581535 -0.103525481169049 0.350309117486022 0.094729134451463 
-1.608123501814618 -0.157813760530610 -1.592636393402417 -0.314107688277538 1.561811325898117 -0.467376587272360 1.515945161293190 0.616144379703116 -1.455479429255147 0.758973520930855 1.380969985572533 0.894094041099303 -1.291936537419900 -1.009117253676110 1.168457765175445 1.004029278281799 -0.917713764895939 0.758789754855995 0.580239286862034 -0.501946979376489 0.364266291550606 0.367343460117674 0.268269436737396 0.305068002048608 0.224878145699517 0.276866920127926 -0.205089296320031 
-1.600000000000000 0.000000000000003 -1.600000000000003 0.000000000000001 1.599999999999996 0.000000000000641 1.599999999865836 -0.000000001778874 -1.599999873624996 -0.000000587337353 1.599977276155852 -0.000049073356764 -1.598721313018359 0.001519797809514 1.571800815541724 -0.015108167949953 -1.372111967056512 -0.024822960010275 0.937579746452092 0.008894262118333 0.603788692331473 -0.001053906883667 0.446850473194813 0.001450167395450 0.374906065107406 0.002329697563588 -0.342023254752096 
-1.588146812351081 0.155853341145144 -1.572852090378787 0.310205729416949 1.542409942967738 0.461570666934399 1.497113544731189 -0.608490414572591 -1.437399155782000 -0.749546047898068 1.363840830673597 -0.883052229780214 -1.276854684236295 0.998611617709868 1.168259881685067 -1.011044496569836 -0.965003304525039 -0.777514508095812 0.622639587421121 0.501892636569223 0.380944480532223 -0.359917016610731 0.275822883292705 -0.295945515659670 0.229774263009948 -0.267327677082592 -0.209147953285461 
-1.572637592765940 0.308290879235368 -1.512202012021274 0.604734312873226 1.393653356007302 0.877938146000211 1.221547383342440 -1.117403291810913 -1.002498196426222 -1.313921677769860 0.744945131952023 -1.459486619615080 -0.459651262856553 1.535782187534763 0.171284048079255 -1.427518531676829 0.046595862811668 -1.011875723666050 -0.141556460214384 0.630876402237658 -0.136304556355761 -0.449646004761266 -0.112631788856759 -0.369999162391707 -0.097319137949261 -0.334640804022260 0.089539786689673 
-1.553553291723826 0.455907223172658 -1.419762325396334 0.872552022411151 1.163702380925596 1.214053227363983 0.807425169015260 -1.451000974587860 -0.381613220427041 -1.562986485732683 -0.077035153418562 -1.540117689742715 0.527649955087900 1.377379556564534 -0.905384220573054 -1.035831272881666 1.031295580458113 -0.578589373188980 -0.813359847397733 0.307924556534726 -0.555670618954386 -0.208336476833811 -0.416425564588001 -0.169663523438086 -0.349886535984263 -0.153266689527112 0.319143311284497 
-1.530981901117236 0.597359504179657 -1.297903785057637 1.103776438925338 0.867231583250104 1.442153416604892 0.304531234390748 -1.560975614982058 0.304531182459644 -1.442155140511786 -0.867218740214651 -1.103914990947860 1.297041976564734 0.601433943073063 -1.510449141813139 -0.059136841115090 1.370748424374760 0.239773707317754 -0.907474094406078 -0.237118486062577 -0.551466924370684 0.185444697819387 -0.394229617521010 0.154660709013350 -0.326171898630471 0.139898499902913 0.295988637054421 
-1.505018186774564 0.731379179560339 -1.149596897520426 1.290037701511824 0.522689711929719 1.544044181993916 -0.227654554497871 -1.433413108071458 0.924236610571336 -0.984275853384031 -1.402565582509550 -0.303104095207190 1.550039960189193 -0.437907803082665 -1.336008539710022 0.951695291860050 0.842959392117024 0.907391573954486 -0.338929053977510 -0.614904447274009 -0.113495442535361 0.440870013802270 -0.055222225155423 0.360978639942180 -0.039226071040971 0.325386567721672 0.033790321058925 
-1.475763409321960 0.856783009957942 -0.978341450276469 1.424778074234271 0.151158963399772 1.512536336048458 -0.726973281148200 -1.090477941134050 1.360071539419868 -0.300866701276302 -1.534770824772142 0.589784085770195 1.193448179698876 -1.270889235811630 -0.474581188173078 1.423729281865775 -0.232008956800603 0.977605237672914 0.501765423485840 -0.548030136112440 0.431818126887554 0.365496832190336 0.338468302812353 0.293397781446281 0.286004826469306 0.263109712729076 -0.260844516948166 
-1.443325034053014 0.972483118238882 -0.788085643793206 1.503479232234891 -0.224928152458537 1.351927207624409 -1.135829270131905 -0.586628496755992 1.531087765323212 0.444986705299637 -1.231285809439737 1.274530832971822 0.373695068688341 -1.523634185057197 0.628072949240826 1.083262592542516 -1.179524217269470 0.386952849690162 1.006677296633750 -0.072429538229579 0.655916054173058 0.010049535853687 0.468128333512506 0.000412473901400 0.384162572862733 -0.001154648497370 -0.347022548490360 
-1.407816430493389 1.077496047522356 -0.583136658842046 1.523809523809523 -0.583136658842038 1.077496047518265 -1.407816430387650 0.000000011176136 1.407816383344375 1.077499709514215 -0.583134555643827 1.524102179229809 -0.582989925800461 -1.086004466100738 1.401663997020198 0.115307575942717 -1.386488666330001 -0.488446175650145 0.779755992687100 0.474535697473940 0.357915333507656 -0.360267361193615 0.212916641868133 -0.295398611003425 0.163972308054526 -0.265380657326292 -0.145089593432513 
-1.369356562364506 1.170950745922249 -0.368064651214417 1.485686578598977 -0.902361076627577 0.714068429742805 -1.512968264767832 0.579686160986444 1.017272560533495 1.449571347472378 0.222290141960533 1.259905985827954 -1.300301196540999 -0.160443452722582 1.445848062819583 -0.931903409579649 -0.695592735971080 -1.062367562904289 -0.056220256050209 0.683768533441469 -0.256278683309559 -0.456821719626214 -0.235678265932269 -0.361411453134874 -0.204084906996089 -0.321468071859290 0.186729955368434 
-1.328069668665758 1.252095416173240 -0.147602281908050 1.391253884252292 -1.164062800357999 0.293783073151254 -1.441039564202283 1.064819630185091 0.437134412608410 1.476949507742013 0.955347431821629 0.576468790612283 -1.499955096982030 0.830514283837545 0.738947177149403 -1.451992807620927 0.472970759484504 -0.921825499761021 -0.907938144937253 0.373932857079276 -0.701591731504471 -0.189937700405960 -0.506502732392501 -0.137024787668490 -0.411091669018401 -0.118839836025656 0.368738934753120 
-1.284084936608594 1.320303179375309 0.073458038759169 1.244773220757029 -1.353340696138038 -0.146739110666352 -1.202462737211802 1.383117890029017 -0.219666686566097 1.157253310122135 1.409569169805927 -0.292222862948864 -1.109783975676473 1.436678603787273 -0.348982123455492 -1.129741378562301 1.366855678588565 -0.121812647911501 -1.116210546825289 -0.251350655149030 -0.583560329874944 0.244471521321821 -0.347912317611671 0.206159683938296 -0.263958050951852 0.185240741840383 0.231664874418158 
-1.237536167147975 1.375076513505164 0.290366990907721 1.052437999905563 -1.459773440600190 -0.569575341189342 -0.826895230761804 1.488372078944719 -0.826895084734257 0.569570772222761 1.459755029956547 -1.052798074881717 -0.289683264541632 1.385356513810535 -1.248501050746233 -0.135436925104744 1.379827092246338 0.815133435372741 -0.456550340544732 -0.721688111723228 0.057161167646126 0.496791024980233 0.137434960853315 0.386394380257269 0.131188288409995 0.339853184528143 -0.122031588905325 
-1.188561433867314 1.416050439002566 0.498519089412761 0.822115489323809 -1.477986339818086 -0.938755380030584 -0.359554486093208 1.367128084901820 -1.269239849708583 -0.145045802824716 1.096409990014523 -1.451586650594335 0.633924249794327 0.705303852749446 -1.489979328015367 0.957293521122794 0.465458695846434 1.224898217152571 0.632903776861367 -0.639812892988613 0.716995939036560 0.337091158360833 0.536823777647357 0.238635416839420 0.429140030692361 0.204343363886524 -0.380733460332053 
-1.137302735981959 1.442994435535778 0.693549221996867 0.563028498192321 -1.407912218088772 -1.223311613503805 0.144209125973095 1.040341014581433 -1.464179781034557 -0.817389716846862 0.427075032024494 -1.359206064604604 1.298204248971142 -0.287913865020605 -0.951799057623258 1.497634520009389 -0.796216429672064 0.763946387830125 1.314015757121251 -0.012147247727508 0.799740794483175 -0.133413351037773 0.461674457361630 -0.129398388981874 0.336047575529144 -0.118162483478836 -0.289428053940211 
-1.083905646233541 1.455813085874746 0.871422982571785 0.285389271063598 -1.254734423771810 -1.399867005418648 0.625452022580354 0.559811204999277 -1.377344583022464 -1.290120832127365 -0.355430597629390 -0.812416646524349 1.446533672354571 -1.138657680605031 0.076148086776820 1.147198365421676 -1.555690965868346 -0.303838985977971 0.974072963116393 0.695531261150068 0.141074094817798 -0.522985356524872 -0.077483088071487 -0.398791197345509 -0.098321438251293 -0.345002265931326 0.094815195665068 
-1.028518954453161 1.454545454545443 1.028518954453156 0.000000000000004 -1.028518954453143 -1.454545454549170 1.028518954680678 0.000000009984015 -1.028519126263856 -1.454542242250778 -1.028493807308671 0.000249680994258 1.027409763269462 -1.461722615051953 1.049326808938502 0.099610688563005 -1.267156631877742 -1.230200652364334 -0.229382663947637 0.876385591418639 -0.751796389872711 -0.457048079265761 -0.603974076624088 -0.304315490514267 -0.470718559320639 -0.253186234547028 0.409877378751129 
-0.971294307575349 1.439363220497629 1.161701288469174 -0.282164533537448 -0.743561031149524 -1.384049299137351 1.307464740377564 -0.553485644235217 -0.487253172794676 -1.275547706822802 -1.402972629709784 0.803500800641172 0.211632215203215 -1.118126585426558 1.460878102721913 -1.017875946587155 -0.093593068449041 -1.288950437057026 -1.375216965179793 0.286916129958833 -1.040903209622363 0.065511188416549 -0.562169054895094 0.100734008053151 -0.376188120372397 0.095562686733429 0.312381974068322 
-0.912385846887042 1.410567594287780 1.268381144231332 -0.550376172390238 -0.417488075152513 -1.195821464880243 1.431276910085973 -1.016962573145968 0.140968590363793 -0.799025944139323 -1.376288274165869 1.328459393072041 -0.677448139341142 -0.274497026833632 1.109081887536686 -1.520544664041725 1.166036671908556 -0.344188560291279 -1.448593092752855 -0.658047048154986 -0.311714674511631 0.591210502929331 0.108668975322007 0.437513266569090 0.150921411650578 0.367992425871323 -0.143153666083312 
-0.851949843296442 1.368585061158901 1.346565813893024 -0.794558545547584 -0.070174997920805 -0.907288719247543 1.387307266929809 -1.321302580319058 0.735253244519161 -0.140183686235674 -0.960464865261405 1.402480287401096 -1.291856605154241 0.679423049828958 0.194669376316641 -1.096636521983385 1.621894320574711 0.955926196543187 -0.232878853911341 -1.122623041243167 0.887806754556453 0.566086415262352 0.772125951952392 0.331217327885439 0.568405620317681 0.259791188961563 -0.477087542325827 
-0.790144331405658 1.313962001793819 1.394894621017915 -1.005662977687532 0.277461791311821 -0.544260881587218 1.182534559719397 -1.422222218863649 1.182534578329047 0.544261887209127 -0.277467060770175 1.005733903970922 -1.394579900073643 1.312844039148246 -0.798789190893218 -0.012954606327465 0.944203608056697 1.591618849347772 1.337836368853161 -0.553515702376970 1.358086244787984 -0.097631572120059 0.628184985936294 -0.170578425322687 0.340197313284806 -0.157077232316589 -0.258095569511562 
-0.727128743168315 1.247358252337995 1.412660976732165 -1.176001219610229 0.604718806177652 -0.138631977486884 0.842536033076848 -1.306702532267861 1.399056141048199 1.093322034848761 0.476503036120693 0.276176969244959 -0.950549818482759 1.348129193505229 -1.365363717969891 1.053453863051036 -0.375202500834201 0.970882406549417 1.838722379714784 0.688021001213525 0.384052514480762 -0.779362228959184 -0.354516608204771 -0.535150173168303 -0.375567023316905 -0.424423824813743 0.328421708397904 
-0.663063541909096 1.169539674447527 1.399820274879561 -1.299522858916976 0.892333410691731 0.274412760636225 0.408312513207988 -0.994611731316158 1.346025850700572 1.379567632515831 1.087328885520983 -0.538165929081974 -0.138667299392407 0.779127935374146 -1.230929747018720 1.455902406371432 -1.387490618399836 -0.495564162707294 0.650919218983727 1.438854430787315 -1.268471068377147 -0.645803535791544 -1.105100304551269 -0.259387819288545 -0.697908081276276 -0.168321654817977 0.537597197355608 
-0.598109857476242 1.081369814540215 1.356983611026235 -1.372027496083211 1.123612721634113 0.659440243868646 -0.068641118288431 -0.535338579213478 1.036521853421648 1.338668469878069 1.383759656748356 -1.163303045927018 0.719378009954860 -0.133420844445001 -0.474846955246762 0.988210441330016 -1.411585977979631 -1.615122282218861 -1.257596972088180 0.757903737680604 -1.756389808599998 0.375500992906642 -0.472300833229590 0.437808164375830 -0.028514753462230 0.360592450035335 -0.034337064547817 
-0.532429123290560 0.983800739042147 1.285397610450475 -1.391304347826092 1.285397610450469 0.983800739045402 -0.532429123485762 -0.000000008437330 0.532429264825879 0.983798166771040 1.285378035380072 -1.391490865348485 1.286236733458552 -0.979675692521794 0.520536758664683 -0.022134069717492 -0.518241756079716 -1.401785668255213 -2.054114771294936 -0.919981783222014 -0.117677710003200 1.165574673717445 1.095227253661564 0.627615654278594 0.862402679652308 0.421138415489280 -0.656979920441236 
-0.466182716045452 0.877863139166986 1.186910941405772 -1.357194766395829 1.368806413789109 1.220388344178118 -0.929292391550953 0.529551131136695 -0.067899054966321 0.401692142903247 0.824317811060524 -1.150513359146064 1.342454301965498 -1.378968764388323 1.251177714576421 -0.974397959737291 0.626652751493762 -0.022105476898761 -0.880065827793431 -1.834720412215493 2.066598438771551 0.458771227122982 1.411031504016164 -0.188242606436061 0.455395733072715 -0.220239828357496 -0.219799466744048 
-0.399531598801843 0.764655804586115 1.063928365918595 -1.271576130768231 1.369716613054229 1.349898020336608 -1.213827116334606 0.973222244997842 -0.648804243066102 -0.268508854099372 0.134923020075614 -0.526525262836283 0.872447503554100 -1.148990079837118 1.331324840084635 -1.364859760321535 1.330121942477294 1.298634489185464 1.082979791009520 -0.679917058016196 1.887008906870503 -1.241086743903030 -0.672196909218304 -0.933932010506286 -1.027916675072880 -0.592165638482935 0.775908412270655 
-0.332635968209818 0.645334570200293 0.919353435512483 -1.138268560157505 1.288958720250553 1.362391925284753 -1.354166773012761 1.264776256197931 -1.099578225042289 -0.868474870403796 -0.585314837003373 0.267032501229244 0.067078645139580 -0.396741758041929 0.708204566002005 -0.997588326693257 1.240672014334937 1.482138931998163 1.864256747977650 1.468063626608940 -0.996743940589600 -1.438485216573317 -2.358836395433356 -0.019407199698673 -0.822127251675666 0.211970854528919 0.278867244258850 
-0.265654906575155 0.521100844071610 0.756521168367104 -0.962868808424247 1.132213940156641 1.258048725124493 -1.335537403265057 1.361702120716973 -1.335537287619192 -1.258050781614666 -1.132229506883947 0.962727566740755 -0.755906003200964 0.524369263664282 -0.275323699331841 -0.033001288816546 0.352349385316045 0.602551201697402 1.002674719833047 1.918876379452266 -2.768945968696309 0.972996564636356 0.128778749511548 1.425688834473647 1.667883568793136 0.764804751532343 -1.154932163907384 
-0.198746039473930 0.393189827392291 0.579122242953172 -0.752518410862545 0.909624827729305 1.047040614076548 -1.161791133022846 1.251392387918238 -1.313904830430746 -1.347973544987684 -1.352857985908679 1.328576757813199 -1.275626303956416 1.192689851603746 -1.086875224502197 0.987418191508352 -0.867407597735333 -0.577431415238123 -0.406241292620241 0.044607205433064 -0.662606376914567 2.331877815460002 3.406787564763140 -0.212862823167552 0.735377126159671 -0.768836248364410 0.488391330870216 
-0.132065199601933 0.262858539137527 0.391120407248104 -0.515615572028766 0.635145076986608 0.748557787647507 -0.854761477593540 0.952733347215918 -1.041529889774434 -1.120295911348222 -1.188270247444435 1.244807280377246 -1.289498230540827 1.321970301930862 -1.342369654834788 1.369452038645417 -1.437475737688674 -1.469446012334448 -1.629477972522475 -1.519996351928926 1.867847576062887 -0.780733934817659 -0.234627018129686 -2.407469805736667 -3.630128323573145 -0.258737918388311 1.096763189041212 
-0.065766097527845 0.131373758766326 0.196664929112937 -0.261482316419525 0.325669769922696 0.389072656425130 -0.451538232847115 0.512916013282015 -0.573058113736582 -0.631819939428276 -0.689062370663732 0.744623821940995 -0.798302609376028 0.850964079274783 -0.904658390160765 0.961835071596177 -1.045098692055767 -1.188975502488361 -1.489288817504210 -1.578256063594861 2.093105105417996 -2.369079484395454 -3.502895815395680 2.835446270026525 3.498605844977622 1.790090950221133 -3.209639598917477 
0.000000000000000 0.000000000000000 0.000000000000000 0.000000000000000 0.000000000000000 0.000000000000000 0.000000000000000 0.000000000000000 0.000000000000000 0.000000000000000 0.000000000000000 0.000000000000000 0.000000000000000 0.000000000000000 0.000000000000000 0.000000000000000 0.000000000000000 0.000000000000000 0.000000000000000 0.000000000000000 0.000000000000000 0.000000000000000 0.000000000000000 0.000000000000000 0.000000000000000 0.000000000000000 0.000000000000000 
******************************************
ASBF PLOT NODES
65 1
1.000000000000000 
1.007812500000000 
1.015625000000000 
1.023437500000000 
1.031250000000000 
1.039062500000000 
1.046875000000000 
1.054687500000000 
1.062500000000000 
1.070312500000000 
1.078125000000000 
1.085937500000000 
1.093750000000000 
1.101562500000000 
1.109375000000000 
1.117187500000000 
1.125000000000000 
1.132812500000000 
1.140625000000000 
1.148437500000000 
1.156250000000000 
1.164062500000000 
1.171875000000000 
1.179687500000000 
1.187500000000000 
1.195312500000000 
1.203125000000000 
1.210937500000000 
1.218750000000000 
1.226562500000000 
1.234375000000000 
1.242187500000000 
1.250000000000000 
1.257812500000000 
1.265625000000000 
1.273437500000000 
1.281250000000000 
1.289062500000000 
1.296875000000000 
1.304687500000000 
1.312500000000000 
1.320312500000000 
1.328125000000000 
1.335937500000000 
1.343750000000000 
1.351562500000000 
1.359375000000000 
1.367187500000000 
1.375000000000000 
1.382812500000000 
1.390625000000000 
1.398437500000000 
1.406250000000000 
1.414062500000000 
1.421875000000000 
1.429687500000000 
1.437500000000000 
1.445312500000000 
1.453125000000000 
1.460937500000000 
1.468750000000000 
1.476562500000000 
1.484375000000000 
1.492187500000000 
1.500000000000000 
