******************************************
ASBF EIGENVALUES
9 1
39.478417604357475 
157.913670501573279 
355.305911808221936 
631.797475117586373 
988.504380451300221 
1500.129496183125866 
2132.452029409198076 
5105.098888514815371 
7451.556997338023393 
******************************************
ASBF QUADRATURE VANDERMONDE
13 9
0.049489591633183 -0.098943607381634 -0.148445569034055 -0.203950613904011 0.251443514925015 -0.239158231595932 -0.302619674483827 2.307974537210391 2.077424173711725 
0.252939372363278 -0.501649943049871 -0.741939992702273 -0.967099970701900 1.173953224188061 -1.772725151416917 -1.971140049621189 4.055166134443751 2.767604962201408 
0.584331007540702 -1.112358610643479 -1.533035535014753 -1.805162454041283 1.920323107991867 -2.171227761967086 -1.460585280751414 -0.845513493319828 -1.351797669676262 
0.977971556111628 -1.655304976030477 -1.824113566458737 -1.444877847286563 0.580693965676701 0.939275158312449 1.597976865944126 -1.006665886943001 0.101713509941934 
1.339233645974093 -1.734708253426914 -0.907429512771175 0.575872834979100 -1.628100618985561 1.237060089648310 -0.102837365585494 1.061375607316122 0.408202067554702 
1.568602394776257 -1.111029809065068 0.781608530974818 1.655627230701001 -0.374336682111526 -1.269360204167381 -0.875763494851255 -0.566808348290117 -0.600447531132991 
1.599999999028056 0.000001158318697 1.599750600688788 -0.002160593806968 1.553293258758234 0.034448342672160 1.126779685657266 0.005384378772767 0.647350359387261 
1.430374563596570 1.013122776767763 0.713208747141218 -1.507609194635189 -0.303503654182692 1.093229059633172 -0.775564985713520 0.467855786211777 -0.587292350966130 
1.118755569994599 1.449122525491213 -0.758656885944592 -0.479223712175439 -1.412450874115873 -1.013490047959177 -0.202423003306863 -0.756977519359972 0.382533299266774 
0.755298576653830 1.278412559900345 -1.408358369084842 1.112905142620403 0.473037911660507 -0.624904646337832 1.497271355140270 0.642347189482218 0.134049790071962 
0.422862203609729 0.804978224614049 -1.109513988842696 1.307088998776230 1.403794993365457 1.438087596768678 -1.238427708394199 0.426661628354978 -1.348789313376805 
0.174496479632922 0.346075541927083 -0.512012387252814 0.667123171789023 0.808489002553487 1.122834085447348 -1.653474293845622 -2.065464040968095 2.635355000160487 
0.033211075675891 0.066398993323733 -0.099392046908638 0.135874460273148 0.182180282166849 0.166186225192229 -0.204198052151521 -1.098723140349748 2.009999024769604 
******************************************
ASBF QUADRATURE NODES
13 1
1.003954236320353 
1.020600400194255 
1.049605477316673 
1.089412665139915 
1.137876812240888 
1.192385421011216 
1.250000000000000 
1.307614578988784 
1.362123187759112 
1.410587334860085 
1.450394522683327 
1.479399599805745 
1.496045763679647 
******************************************
ASBF QUADRATURE WEIGHTS
13 1
0.010201201104169 
0.023989018390655 
0.038248252564485 
0.052856801216372 
0.067268165531272 
0.080431394281947 
0.090840450480810 
0.096727906985809 
0.096394412677940 
0.088616786549618 
0.073035116056801 
0.050404812386005 
0.022652348440784 
******************************************
ASBF GLL VANDERMONDE
9 9
0.000000000000000 0.000000000000000 0.000000000000000 0.000000000000000 0.000000000000000 0.000000000000000 0.000000000000000 0.000000000000000 0.000000000000000 
0.305952505994836 -0.604340885708067 -0.887670704256241 -1.143094681140180 1.374675621384110 -2.095868736719297 -2.227375073131457 3.402387533585401 2.007043298829021 
0.898714716540182 -1.571247121838070 -1.848635764233249 -1.675645536308135 1.048947153319303 0.292400510601423 1.233990983004854 -1.535975304435812 -0.470150446102150 
1.452172087413806 -1.568222696448715 -0.240979423217671 1.320710999057431 -1.613771001541641 0.090311110347423 -1.084957655222256 0.571507173070391 -0.370994801337653 
1.599999999028056 0.000001158318697 1.599750600688788 -0.002160593806968 1.553293258758234 0.034448342672160 1.126779685657266 0.005384378772767 0.647350359387261 
1.255529347028773 1.355863281867671 -0.208758563963743 -1.138075105767776 -1.426541102902780 -0.136696801111943 -1.091036685667138 -0.446157954479216 -0.387652038643025 
0.684313698349383 1.196405316942630 -1.407111847189416 1.273251959468297 0.834508584894900 -0.159884027051097 1.186265000177200 0.937237457462583 -0.427271974260060 
0.212632331426639 0.420007161713102 -0.617216210467020 0.794944121628276 0.949152793613512 1.327714859640515 -1.894538938422226 -1.769400577707470 1.890102501922236 
0.000000000000000 0.000000000000000 0.000000000000000 0.000000000000000 0.000000000000000 0.000000000000000 0.000000000000000 0.000000000000000 0.000000000000000 
******************************************
ASBF GLL NODES
9 1
1.000000000000000 
1.025060501147135 
1.080703430122316 
1.159220634043455 
1.250000000000000 
1.340779365956545 
1.419296569877684 
1.474939498852865 
1.500000000000000 
