******************************************
ASBF EIGENVALUES
21 1
39.478417604357645 
157.913670417430950 
355.305758439216675 
631.654681669718912 
986.960440108935018 
1421.223033756996756 
1934.442462633625610 
2526.618743329063818 
3197.752142919128801 
3947.897396469176783 
4777.204786621841777 
5697.809563659937339 
6705.960902947353134 
8099.130735033080782 
9496.841670741194321 
12966.668894640619328 
15380.863128698263608 
27122.026650072868506 
32488.288938784757192 
104055.852841027153772 
125359.221890910353977 
******************************************
ASBF QUADRATURE VANDERMONDE
25 21
-0.013942590915895 0.027884502721971 0.041825056341499 0.055763572772521 0.069699372553456 0.083631710938870 0.097560394331834 -0.111506990218567 0.125401475202970 -0.138077884815581 -0.152389271701969 -0.187218009428771 -0.197091921912382 0.168898496343990 0.187251720900374 -0.652588915424337 -0.548549119348761 -0.518229700293915 -0.476336219773035 -6.270325363250755 4.756962405637175 
-0.072870905648508 0.145643907159299 0.218221231931648 0.290505370251492 0.362399206961960 0.433806232326667 0.504629964563164 -0.574747378772227 0.644141928659525 -0.714350181148016 -0.781647637177938 -0.840963778524686 -0.904490471755990 1.326721908031522 1.306151409818851 -1.928284636150271 -1.707852595457961 -5.411768810527287 -4.302417362406374 -6.993774241185378 4.285690905058985 
-0.176396417445854 0.351378421938084 0.523542941819182 0.691509497093497 0.853931268189396 1.009505829872874 1.156986032737744 -1.295212853635463 1.423034722679503 -1.538299018637881 -1.641743203575086 -1.785256642002997 -1.858882003085520 2.235947875633814 2.105331409575532 -3.801329814226987 -3.115374999334598 -3.083479064275373 -1.390433998777704 3.879437565944807 -2.879126735492466 
-0.319997906156041 0.631309272874669 0.925483362159489 1.194534637918374 1.431159538224538 1.628934760725186 1.782491746265369 -1.887651846694440 1.941532119587481 -1.943683199770182 -1.893783182523912 -1.808904534526575 -1.622674306772369 1.738971149217557 1.337173993068127 -0.329807275695401 0.665402708780442 4.014460440417606 2.796872408396852 -1.021913164523960 1.294127019678644 
-0.496627190786838 0.959454179636150 1.356981189702353 1.662152728520944 1.854198972107817 1.920049378942155 1.855221422659149 -1.664118595645496 1.359867044484958 -0.963522108293113 -0.497475742213423 0.008817120061612 0.487084777560288 -1.332384345257691 -1.852218888121441 3.379778552264311 2.118080556958837 -1.373279187296168 -1.629419554878908 -0.124460669817955 -0.552711221778996 
-0.696493682963124 1.294569362854973 1.709715987328286 1.883271284558427 1.790711031258887 1.445114356367079 0.895317158078821 -0.219039208639300 -0.488371525961223 1.128611828981062 1.602804655082058 1.866856491761391 1.888763520787377 -1.876833503374349 -0.761307214710145 -1.968634689801640 -2.024614904345555 -0.265819840785514 0.633138528255006 0.552811760668792 0.184103386562999 
-0.907139420693112 1.580950696011243 1.848120736900654 1.639929908060408 1.009927620239293 0.120158863168487 -0.800517988877412 1.515344195916261 -1.840175492965347 1.688938171610073 1.111074686936544 0.278496410593772 -0.746593317840449 2.210164654136261 2.000138584694949 -0.032727900312191 0.985416641522154 0.819788801843516 -0.107966724320013 -0.687460278472297 0.028581740716364 
-1.113987675527254 1.755421053151193 1.652203676085342 0.848120422966025 -0.315736068043484 -1.345657295476634 -1.804748064884395 1.498195589828715 -0.556339994143707 -0.617591594569029 -1.538359709271792 -1.897395045451977 -1.277766162995364 -0.530243280986317 -1.496778898838810 0.990005493041179 -0.182931986868482 -0.882667515106643 -0.154826927832381 0.679243162418123 -0.164964967231464 
-1.301433955308098 1.760823527825777 1.080937799707936 -0.298328483763299 -1.484572428219509 -1.710278870833521 -0.829414556115164 -0.588018071695866 1.625179876836273 -1.615770975894288 -0.553223662156085 0.979515458266574 1.761116424664127 -0.911505386537877 0.506154478154277 -1.136764905587913 -0.255264497624320 0.764502197517213 0.295252117345153 -0.592437003819309 0.257191374887635 
-1.454401585756342 1.563134615726617 0.225595088348096 -1.320673733384034 -1.645004177780996 -0.447313348319904 1.164249998479580 -1.698671689231463 0.661332024429122 0.992846809333619 1.725257593276374 0.764432003123433 -0.894050848383174 1.407711767398638 0.273731334176634 0.930453476554198 0.467136130178973 -0.583664222857983 -0.375715897774102 0.461663083992128 -0.319962921078535 
-1.560130138858647 1.166244925533392 -0.688326439631704 -1.680789960820759 -0.568115387238011 1.256106475795612 1.507093241683086 0.129557612680698 -1.603992269714811 1.065737508650627 -0.810735048108744 -1.607803125708810 -0.306923699981000 -1.201234716375533 -0.728275996941532 -0.621344622607494 -0.564606330727142 0.384713472562908 0.422421146605786 -0.309142403350547 0.360681665599521 
-1.609853422869716 0.617538312887137 -1.372966286149078 -1.144206934977484 0.934049543894191 1.502507441719183 -0.357689852712402 1.639694706476238 -0.271106323215030 -1.534000401956931 -0.850151454418939 1.181515707731100 1.164692058789200 0.662020975612518 0.938195472880511 0.305009139845427 0.605393159711314 -0.186837441720516 -0.446629018045054 0.150597451493339 -0.383266194176553 
-1.600000000000001 -0.000000000000018 -1.599999999999987 0.000000000002305 1.599999999034617 -0.000000019838305 -1.599998404976072 -0.000008159785053 1.599704397662612 0.000613801613457 1.586732530799561 -0.011569558568898 -1.431002439937552 -0.027587442261739 -0.984249591009572 -0.008929353622108 -0.613935378515157 0.000019783509231 0.453116900053104 0.002356713994888 0.389718683967739 
-1.532633290066096 -0.587916739981816 -1.307108961845421 1.089322552197724 0.889245820396540 -1.430436359587836 -0.340533861803840 -1.561029620329883 -0.257935866198454 1.459429276891245 -0.804267553859760 -1.104684908947084 1.083752315355485 -0.570915677588102 0.896978069324817 -0.262346949107902 0.596538440454061 0.169640777196873 -0.443269322728573 -0.140987504556476 -0.380761914456518 
-1.415021926312764 -1.057772105016881 -0.624304973207033 1.524459138922433 -0.515274792402104 -1.139275622557813 1.366920449717466 -0.117514625376205 -1.455087948592665 -0.966176825444616 -0.744047971896280 1.446379613738883 -0.225763508177191 1.021278101269285 -0.653417816615541 0.506844086321133 -0.546104085919875 -0.317805693501785 0.415832150672141 0.258601154818666 0.355997673149193 
-1.258440872562610 -1.352523614531734 0.195199236996770 1.142731018507230 -1.423362370244986 0.387043996747190 1.007380226890299 1.469798682872775 0.572558315201573 -0.858891452433969 1.502521711580911 -0.663267918009618 -0.852958699216226 -1.154696092353184 0.189218908584011 -0.709390812775216 0.437899388411118 0.440216617658822 -0.366085979536943 -0.349760069424013 -0.313701016701634 
-1.076481823594353 -1.456466165286902 0.894098305239188 0.246762572099573 -1.227964917031318 1.414658138665237 -0.686047648410287 0.486385915742906 1.343950834932322 1.335906853774963 -0.465375217268773 -0.793290741749505 1.546527590041597 0.736489002955923 0.546527004298940 0.814655317805072 -0.216169383241047 -0.529503469592434 0.282714980214873 0.409326590338669 0.250143399682825 
-0.883242507543482 -1.391812967810482 1.309975460139116 -0.672445508628753 -0.250336264399387 1.066925354680537 -1.430925318506992 -1.187877808137559 -0.440839788332693 0.490312751130940 -1.215222421438739 1.481547733811286 -1.074152761696906 0.336483339645207 -1.416549602109045 -0.680922737120748 -0.221870051423124 0.566450166868713 -0.139479164540436 -0.430924102682342 -0.158002164152509 
-0.691748054623738 -1.205569445528258 1.409302578300511 -1.250544621637526 0.770130201294775 -0.091628290327645 -0.610440902844628 -1.155529842521742 -1.403427540790300 -1.288496096200495 0.844537950677112 -0.201016794159634 -0.574893626184243 -1.497419360005114 1.790013451422462 0.063725619087453 0.990585682384649 -0.495271497666352 -0.125150975302106 0.403699197294115 0.022553272887344 
-0.512852260938354 -0.953235960241791 1.258922702548287 -1.386717438893316 1.318562141186994 -1.064087442370244 0.659251769228347 0.161277415079304 -0.359515056478128 -0.830497433262353 1.182688033892603 -1.370884814454412 1.435037752694662 1.235332077919470 -0.649569183171560 1.120270541174178 -1.937428654239808 0.166464702334961 0.645765967143619 -0.303747290736767 0.188375931438604 
-0.354717756600319 -0.685293597441005 0.969228693655347 -1.187198562476734 1.324368282143900 -1.371402157413062 1.325098765013044 1.188607744329813 0.971284887526879 0.687896314630391 -0.355379272226006 -0.003198548044103 0.354732032729015 0.872218659285476 -1.556919848673360 -1.900324036425279 1.953015876110755 0.699272218661232 -1.612736475922097 0.067249017300103 -0.553986025191627 
-0.222832188051405 -0.439615459681175 0.644465100014155 -0.831820339913621 0.996595305960245 -1.134317103996623 1.241247812393364 1.314474919978643 1.351940183922388 1.353454984512539 -1.321399457503664 1.250293499627999 -1.158045474791868 -1.096812453249720 1.107810221311356 0.188911230733622 0.634296337690742 -2.020684319124877 2.706358131967656 0.495309715067931 1.288037968187217 
-0.120418612353906 -0.239871662891771 0.357401332036107 -0.472065222611449 0.582943917071605 -0.689148305216567 0.789826031047860 0.884186661693575 0.971546321949716 1.050213310849697 -1.119571854983118 1.207126678703334 -1.325251537643802 -1.398287092070025 1.648760959415899 2.033693129688530 -2.808117804040811 1.533519545384119 -1.298992398858452 -1.828644698627851 -2.846872706580597 
-0.049054815131715 -0.098043723721800 0.146900907775980 -0.195560726269656 0.243957802576394 -0.292027162183226 0.339704976252109 0.386908852099417 0.433514723830120 0.480635257547481 -0.528900023456200 0.565197669940767 -0.616949908486143 -0.798167085775313 1.048480660087033 1.045446426467577 -1.470567897561827 2.600507106229845 -4.106790502879928 3.239115713925313 4.199456348219055 
-0.009312280960308 -0.018624108341974 0.027935028588452 -0.037244588191996 0.046552334291430 -0.055857775978622 0.065159906234789 0.074472368299435 0.083837254391448 0.092408471041480 -0.100177773064198 0.121304581947883 -0.145423496610149 -0.113399242602461 0.128449842328604 0.328780899929209 -0.499583110255214 0.266108266468278 -0.423678367127662 2.844162069389768 4.688472587984091 
******************************************
ASBF QUADRATURE NODES
25 1
1.001110757552375 
1.005834019635121 
1.014256357192756 
1.026252000530431 
1.041639342809791 
1.060185184240661 
1.081608407881633 
1.105584267439694 
1.131749317138571 
1.159706923547653 
1.189033279069753 
1.219283826847323 
1.250000000000000 
1.280716173152677 
1.310966720930247 
1.340293076452347 
1.368250682861429 
1.394415732560306 
1.418391592118367 
1.439814815759339 
1.458360657190208 
1.473747999469569 
1.485743642807244 
1.494165980364879 
1.498889242447625 
******************************************
ASBF QUADRATURE WEIGHTS
25 1
0.002854781013491 
0.006665848661621 
0.010528690952508 
0.014456312681352 
0.018455611014908 
0.022519389032383 
0.026622961776186 
0.030721689166910 
0.034749517053321 
0.038618796737375 
0.042221643764908 
0.045433025190323 
0.048115645986998 
0.050126550247194 
0.051325176513653 
0.051582428705159 
0.050790166675755 
0.048870405083365 
0.045783454230035 
0.041534254368524 
0.036176250948995 
0.029812332538950 
0.022592623370286 
0.014709587592074 
0.006399523360393 
******************************************
ASBF GLL VANDERMONDE
21 21
0.000000000000000 0.000000000000000 0.000000000000000 0.000000000000000 0.000000000000000 0.000000000000000 0.000000000000000 0.000000000000000 0.000000000000000 0.000000000000000 0.000000000000000 0.000000000000000 0.000000000000000 0.000000000000000 0.000000000000000 0.000000000000000 0.000000000000000 0.000000000000000 0.000000000000000 0.000000000000000 0.000000000000000 
-0.054506426286124 0.108972007406733 0.163355928804218 0.217617437109856 0.271715870889728 0.325610721698491 0.379261465146241 -0.432617084374578 0.485656540285634 -0.539040354224001 -0.591568971194852 -0.646076731442815 -0.692112544157709 0.976705323594394 0.981402305129498 -1.588543009626171 -1.380586232243042 -4.072480442946334 -3.358569463204538 -9.210022614885158 6.224423471744188 
-0.179431740639582 0.357373951321703 0.532349467233928 0.702905751215477 0.867626951300247 1.025145582129058 1.174154388392236 -1.313442233610594 1.441800889321421 -1.556917556907249 -1.659845665192746 -1.804288447572767 -1.875017284694598 2.241801089957227 2.109343421199965 -3.816893016879002 -3.107840392746039 -2.851570522760104 -1.198210869492167 3.929307999479827 -2.861902859605512 
-0.365897314819680 0.718680187705129 1.045704222771306 1.335248268890099 1.576934528473075 1.762100631901773 1.884109192993635 -1.938545978395216 1.923558995324138 -1.842322428693246 -1.692342627888269 -1.467109999535831 -1.183179303544133 1.161504585877116 0.606002312167008 1.555274965334082 2.073686124030054 3.291795872676492 1.687961071247315 -1.981520759990016 1.475012030640100 
-0.599398273068329 1.137774322994807 1.560318343130103 1.824012899772756 1.902012355341259 1.786375759720492 1.488876684293758 -1.039857136914309 0.484866860472728 0.122823053515593 0.714081988359291 1.209980238173927 1.615827373367993 -2.579973010634476 -2.279775868458962 0.719570102363983 -0.607567126420990 -2.121242522197019 -1.031815635031308 1.289833321317571 -0.843698043650582 
-0.858898575742412 1.523214215695362 1.842446626618539 1.744273905216759 1.250937021755389 0.474201314028983 -0.409965775492153 1.201320310056474 -1.720345951364500 1.846035481004579 1.559375112960000 0.983969373035907 0.061457038017252 1.617120296566008 2.065560539605633 -1.159611430853875 0.191616200235031 1.325019416752504 0.489291033314275 -0.922861730467339 0.438676717394865 
-1.117619641427285 1.757178189512687 1.645104880625635 0.829339001639183 -0.341176111504815 -1.365753539293420 -1.806128966742283 1.473866853452078 -0.511397971041390 -0.665978137663792 -1.567514049038388 -1.886850521553571 -1.222989895837235 -0.609523966459690 -1.530624911163573 0.930519275318649 -0.237623019279712 -0.859045788537971 -0.117649244723774 0.666255155842337 -0.136966395120044 
-1.345734263532730 1.728977974199061 0.875629133589975 -0.603983592660851 -1.651617643534606 -1.517988319366475 -0.298671703546878 -1.134198211398896 1.756171289659285 -1.125874838925723 0.321713158210116 1.626366112088997 1.577747361525596 0.126392425107817 1.200508154360164 -0.624335557053377 0.379433440928359 0.555358959993117 -0.140456768736041 -0.461278006705284 -0.092321365452234 
-1.514825429921131 1.383863500956332 -0.250601743513314 -1.612799851806643 -1.222765951469687 0.495746144626676 1.675655327356261 -1.035091505595263 -0.730387999992446 1.705477578812700 0.813785340626392 -1.031439304610012 -1.569352235982744 0.017885592818198 -1.052473389495591 0.368173671230267 -0.504450454109221 -0.331760467772876 0.315187237777080 0.287428923001039 0.256431647737146 
-1.603129688392055 0.762120475732247 -1.240821121757669 -1.352001126358519 0.598086010120045 1.636328539368967 0.179815001504897 1.550875165982804 -0.916757289920924 -1.117063090136015 -1.433663938551431 0.477658503496003 1.485927276691164 -0.017782344328204 0.997616754095609 -0.162903202995663 0.584739806469929 0.152374048990653 -0.418121049623209 -0.135977272611427 -0.355873827472883 
-1.600000000000000 -0.000000000000022 -1.599999999999987 0.000000000002314 1.599999999034617 -0.000000019838318 -1.599998404976072 -0.000008159785070 1.599704397662612 0.000613801613479 1.586732530799561 -0.011569558568923 -1.431002439937552 -0.027587442261759 -0.984249591009572 -0.008929353622121 -0.613935378515157 0.000019783509241 0.453116900053104 0.002356713994880 0.389718683967739 
-1.508060722067868 -0.716925126680371 -1.167237816368913 1.271824612574429 0.562618249223822 -1.539290773473341 0.169152586403544 -1.458889507839650 -0.862487159978417 1.049650880089866 -1.350802345637364 -0.426415306517041 1.423405104189685 0.070001121254370 0.995984134093817 0.163324218096319 0.591175324479749 -0.135750038062968 -0.421097292822044 0.116617681490844 -0.357498189881341 
-1.342263080087088 -1.226219766663469 -0.222054278651082 1.429076680320059 -1.083473750091179 -0.439272926447596 1.484770123645928 0.917164262133301 -0.647011234304391 -1.510138625206708 0.724785392764641 0.890394142891815 -1.437663111161995 -0.068755310463643 -1.044491622600235 -0.314390985568522 -0.518353128962903 0.263747880944831 0.321355398815316 -0.224081700364845 0.259703777479608 
-1.126171766948849 -1.446887571330724 0.732766367988777 0.505440998406759 -1.382148923284788 1.270321842538078 -0.249939731475796 0.949161077321884 1.469415156690991 0.941298800804370 0.264870658742712 -1.336679204549984 1.380842077915092 -0.045036339884520 1.171676462942634 0.474634326469295 0.403139066527296 -0.395701659153201 -0.150385959571763 0.324118256786848 -0.097295445742191 
-0.886780149298837 -1.394240651721862 1.305315598954880 -0.658042625978141 -0.270707661840644 1.083663040099941 -1.433083467638546 -1.169456404073773 -0.405513940287239 0.529081822114247 -1.239460862202796 1.474230938024329 -1.028536738622151 0.394123462770367 -1.445567410613007 -0.643363839471840 -0.274532079713048 0.552430441785573 -0.102586113584980 -0.423196267171184 -0.130184669337122 
-0.649515331704415 -1.151883370756645 1.393292951733502 -1.319052884856690 0.945982209333299 -0.358599972548624 -0.310021319555945 -0.908452761827121 -1.301213193431113 -1.396474005584542 1.174837251320714 -0.729280369022261 0.076689222688845 -1.073459754555243 1.865788241987044 0.745941394730917 0.240490483395207 -0.777316164758619 0.465522335061977 0.533722979632309 0.429871272967207 
-0.434759894428964 -0.825258708232575 1.131741395687113 -1.323006240377929 1.379581372504660 -1.295707013415992 1.079920602530108 0.754230425677318 0.351908093493349 -0.088676257933232 0.523211826449707 -0.877892436722924 1.184954360617254 1.671302346594888 -1.975003142750744 -0.455132924566436 -0.632884815037202 1.153421966953998 -0.989653707712378 -0.686241342137095 -0.832321785514562 
-0.256451674382414 -0.503711642631962 0.732917646500446 -0.935854515473304 1.105248612596590 -1.235028613719746 1.320544187834778 1.358700634102107 1.348026891701414 1.290907423010801 -1.190883025630943 1.025210215362218 -0.836021925124673 -0.719253822642709 0.535775981559501 -0.830643372195358 1.947316287532301 -1.694024556452448 1.608355971184884 0.983306086529877 1.458962852060256 
-0.122541427330457 -0.244065592461987 0.363563677869492 -0.480043685278707 0.592538671400447 -0.700114726364159 0.801878002746064 0.897002024992041 0.984773023849252 1.063385020029139 -1.132243579896736 1.220207002378307 -1.338054820515958 -1.403695665541755 1.651157639006420 2.041261196476525 -2.804334080281631 1.421960185311738 -1.112947706142819 -1.854511842824495 -2.828741500675375 
-0.036602253365042 -0.073177078311107 0.109697066973121 -0.146134852575917 0.182463129600524 -0.218654694596205 0.254682786688086 0.290512802193701 0.326084942124978 0.361892653714763 -0.398594489939695 0.431686104371375 -0.474652866313237 -0.591112167441666 0.779780873085797 0.850521890322756 -1.194860336256186 1.959894414745767 -3.188965818585284 4.234679519822523 6.117219224367449 
0.000000000000000 0.000000000000000 0.000000000000000 0.000000000000000 0.000000000000000 0.000000000000000 0.000000000000000 0.000000000000000 0.000000000000000 0.000000000000000 0.000000000000000 0.000000000000000 0.000000000000000 0.000000000000000 0.000000000000000 0.000000000000000 0.000000000000000 0.000000000000000 0.000000000000000 0.000000000000000 0.000000000000000 
******************************************
ASBF GLL NODES
21 1
1.000000000000000 
1.004356925848863 
1.014505925760064 
1.030176311169103 
1.050999518480572 
1.076487243484444 
1.106042009934542 
1.138971054180249 
1.174502535872809 
1.211803621049454 
1.250000000000000 
1.288196378950546 
1.325497464127191 
1.361028945819750 
1.393957990065458 
1.423512756515556 
1.449000481519428 
1.469823688830897 
1.485494074239936 
1.495643074151136 
1.500000000000000 
******************************************
ASBF PLOT VANDERMONDE
50 21
0.000000000000000 0.000000000000000 0.000000000000000 0.000000000000000 0.000000000000000 0.000000000000000 0.000000000000000 0.000000000000000 0.000000000000000 0.000000000000000 0.000000000000000 0.000000000000000 0.000000000000000 0.000000000000000 0.000000000000000 0.000000000000000 0.000000000000000 0.000000000000000 0.000000000000000 0.000000000000000 0.000000000000000 
-0.126846092083023 0.253170946365277 0.378455466923914 0.502184832782375 0.623850614058807 0.742952921622978 0.859001713728206 -0.971499873168234 1.080076392443971 -1.185484912156551 -1.283348147403833 -1.387367451580173 -1.481511715311784 2.005703375901226 1.911811064204286 -3.082063478388857 -2.720586546289376 -6.018532361312701 -4.132570587715717 0.700613018173357 -1.355038858939544 
-0.250639236901633 0.497162984462642 0.735523329563598 0.961806401942570 1.172296638735148 1.363537682100506 1.532390405924286 -1.676120863012439 1.792214538434814 -1.877017023499768 -1.934665310805864 -2.024597015196207 -1.985543417884346 2.186780912329505 1.975918097724575 -2.947315020282739 -1.805700661804455 2.202216894390073 2.388713045496939 2.096325191851117 -0.697303392138078 
-0.370961299262071 0.728240920359978 1.058661788487788 1.350037424917812 1.591621405834545 1.774503830085398 1.891938915116747 -1.939551951997684 1.915698435725255 -1.824006225536374 -1.661978801036228 -1.421564801242982 -1.127316570066933 1.083620832732057 0.512897019657132 1.741652617826555 2.193175123244402 3.144349500692829 1.531125429592491 -2.017840014251730 1.442789437046053 
-0.487414690649644 0.942947452870311 1.336801763904738 1.643215505376021 1.842146071278136 1.920581409695713 1.873390127943821 -1.703643369994470 1.422583986436235 -1.049358119245419 -0.602872589829596 -0.106490836722977 0.365455181111431 -1.154966412654448 -1.716219892314119 3.477815512826032 2.304673138975464 -1.119047658885116 -1.532362757430807 -0.337469487617380 -0.423346014705467 
-0.599623405171162 1.138152077439592 1.560716134961223 1.824261157254039 1.901934934519585 1.785823248640823 1.487757643883201 -1.038162509566152 0.482682860973366 0.125317137515816 0.716605583970495 1.212227587639078 1.617562772285132 -2.580643001568513 -2.278224879609949 0.712144562068755 -0.613216897983605 -2.118882159100195 -1.028064454726270 1.290258690316765 -0.842134951999706 
-0.707233970734206 1.311094037675803 1.723316097222127 1.883647099772297 1.768652025161673 1.395139226937514 0.817705017453223 -0.120774141330966 -0.593981620523617 1.223307398951448 1.667610390961608 1.891617112279050 1.852827913435416 -1.688327110646962 -0.522154767932383 -2.143085278260491 -2.029895100609110 -0.028293529612665 0.766721051833432 0.400851372760533 0.295377827464907 
-0.809916313019441 1.459418767273656 1.819865436072725 1.819865436056088 1.459418768142118 0.809916451171898 -0.000000336717700 0.809968561376191 -1.459459248912793 1.816941702893107 1.816345227254007 1.528949793431760 0.847538193404331 0.622161360544397 1.589568237084943 -2.087828789848879 -0.784328285606251 1.409426992432582 0.973820712310681 -0.810303418291183 0.701196297235667 
-0.907364530120490 1.581207373104225 1.848106588446537 1.639372302331710 1.008724913238758 0.118469613717146 -0.802276993460799 1.516600473578083 -1.840379114848764 1.687768818604162 1.108583056429218 0.274952709500784 -0.750204586908518 2.211767118693416 1.998565749711540 -0.027495676787091 0.988326284751860 0.816750621977172 -0.110665808148281 -0.685703386416693 0.026584485932307 
-0.999297576049230 1.674998823468213 1.808295603263860 1.356023246983901 0.464638303401894 -0.577207619509054 -1.432140521649613 1.823293593960263 -1.623914875577804 0.900232345356415 -0.111820832984508 -1.152726596525933 -1.825296661690360 1.862303475377828 0.586569588959616 1.560718470812668 1.319444408870297 -0.505837535633258 -0.804754494851937 0.236386399239922 -0.563122655863735 
-1.085459851632207 1.739804622177637 1.703146395571820 0.990044820737523 -0.116275585919920 -1.176414680346020 -1.769312550579134 1.659418602656981 -0.890614193507677 -0.227730958691954 -1.262155661360088 -1.898517800277478 -1.635832549513832 0.121503787544961 -1.132556826973303 1.391099022808537 0.264914542647020 -0.996053156755538 -0.432588381154543 0.722001983011984 -0.366962852150813 
-1.165621701654374 1.775115867424143 1.537687904119732 0.566616612239695 -0.674792046964451 -1.594252077202702 -1.753079763092039 1.075459369836028 0.115006116813975 -1.248734245216326 -1.796348915709118 -1.524237442000528 -0.352540644271389 -1.485978901601887 -1.669235284812248 0.054299429607006 -0.828948708974767 -0.397541849142695 0.346582615263137 0.361481179544281 0.229486585246445 
-1.239579817438940 1.780902712503039 1.319040794788747 0.114161482865230 -1.155025140568168 -1.773584518623647 -1.393081171522574 0.227887820349432 1.065597187079697 -1.761665404236921 -1.467644141967786 -0.278788265733086 1.109597957375182 -1.800051029726508 -0.775726170878425 -1.059364579968530 -0.940360920875183 0.467240186566790 0.638098345532776 -0.309434698866119 0.501622471984390 
-1.307157544385242 1.757606361603984 1.056123098885372 -0.337541362414393 -1.509981814054129 -1.692782681909898 -0.766138425350471 -0.662557481653747 1.657219806752853 -1.570675241986235 -0.446204515053141 1.082665508063796 1.771785470129366 -0.787806490741315 0.616980127166389 -1.094677547093917 -0.171833277170966 0.757733747952626 0.242617960171243 -0.592204956619210 0.216165519381447 
-1.368205094319051 1.706123846318185 0.759296543455718 -0.759296543469331 -1.706123844715238 -1.368204980173763 -0.000001849268055 -1.368161686548862 1.706373895773646 -0.761917499725072 0.768383537352466 1.775631753247852 1.249686682639977 0.651296761528470 1.350782553946556 -0.243047060556254 0.633305004521388 0.330873521498456 -0.342882619554416 -0.292872798635485 -0.262015891000404 
-1.422599662840738 1.627785935590725 0.439967242887300 -1.124360756454844 -1.726498284429095 -0.851156180547678 0.752576560642603 -1.712310920691834 1.206823060186275 0.334105410956195 1.593930906485615 1.441642244434827 -0.046917625561147 1.468870198009223 0.954719818502030 0.666315806965975 0.772071848165386 -0.323679628043216 -0.540614016452885 0.234749431430740 -0.445299749940823 
-1.470245452184630 1.524328632009709 0.110155816808981 -1.410120718407549 -1.572148020182289 -0.219859172065767 1.344202851437623 -1.613584961486726 0.328552186716707 1.278371093532975 1.646717979179835 0.320423456335966 -1.244504585908312 1.191684339994986 -0.126889154089273 0.927113520801018 0.227048774328425 -0.625825175789591 -0.219596496187164 0.505978525084308 -0.193390175628526 
-1.511073600427027 1.397858799139146 -0.217947162523128 -1.599476614955142 -1.261691196878888 0.432315496546716 1.661618390611391 -1.104862961052307 -0.639872835713023 1.700352501926795 0.919288127088303 -0.927085680366922 -1.594061781383774 0.138176524004142 -1.004914964620182 0.443377955463267 -0.453433808300180 -0.379752117876579 0.274654466315124 0.325749018996018 0.221532873132804 
-1.545042018199132 1.250814546782417 -0.532424230453693 -1.681847466710387 -0.829143450395328 1.010600580333747 1.647293033844148 -0.322978692004437 -1.386025516195908 1.443733814791017 -0.226552108483892 -1.610871688925539 -0.925615089581787 -0.906121170477722 -1.050165276350986 -0.319422859554278 -0.690234759519393 0.148623420952444 0.491683377611411 -0.108039706393477 0.414494002231271 
-1.572135134373957 1.085921072481412 -0.822056753784384 -1.653740423517617 -0.320231547578739 1.432547024368041 1.309733802740363 0.527945494389029 -1.674299497487939 0.623358880041811 -1.241038430952772 -1.386847318576983 0.291150534002201 -1.254845613126905 -0.307801645820902 -0.762632444150960 -0.334384928269222 0.512372241345580 0.267341891006679 -0.421839899917379 0.231764375211665 
-1.592363552501571 0.906142717264965 -1.076718351528209 -1.518854865368423 0.212406135040683 1.639725848614379 0.720685979254921 1.229685650231556 -1.420111302089036 -0.426486968934894 -1.650008926451640 -0.418348737204302 1.277000518104068 -0.743638958949256 0.613225717384540 -0.596882466192182 0.273860276812971 0.445932694610430 -0.176299157769839 -0.378436585393719 -0.146075306306604 
-1.605763620064179 0.714632040899494 -1.287722441712050 -1.287722441716240 0.714632042007689 1.605763655484950 -0.000001698782412 1.605777284238044 -0.714334356110814 -1.288664513356529 -1.274672150277808 0.741277148607588 1.433856929748881 0.224153947978231 1.026861923148564 -0.002414249792281 0.625101587178817 0.038038400980796 -0.452692121570054 -0.039935668953164 -0.386574811899492 
-1.612396912910268 0.514676756105229 -1.448112200409212 -0.976913866454262 1.136281498560334 1.339614553473513 -0.708676489957827 1.565770129241457 0.208914835947712 -1.628530222939895 -0.307325145922583 1.462152500204568 0.695586329032448 0.986152322399091 0.659673746449206 0.552673480079901 0.451267993973423 -0.374558789605227 -0.338338571123429 0.311470606856956 -0.291529211534457 
-1.612349637504486 0.309645382028653 -1.552883464422986 -0.607870520278821 1.436144328949247 0.883676179962811 -1.266435683015235 1.126812354622587 1.049771231740384 -1.322827313924751 0.787115118122769 1.372848969941269 -0.456355389194718 1.058202447016700 -0.185330781377530 0.667966291387232 -0.085370711902396 -0.478519176145380 0.058109798270147 0.404847285051342 0.049155820496377 
-1.605731953896187 0.102932484559159 -1.599133656869180 -0.205441997448810 1.585964174928455 0.307107204703089 -1.566275380903618 0.407469112569404 1.539799330205672 -0.503204111620610 1.493310325667606 0.544628509245440 -1.302532480042218 0.426120501298950 -0.873477248781266 0.284541099492179 -0.542505290992996 -0.211531741710066 0.400599472262447 0.181507769956433 0.344667809169387 
-1.592677222563698 -0.102095635091234 -1.586132570227991 0.203771737311109 1.573070158913368 -0.304610433974747 -1.553543066661522 -0.404171113915059 1.527461883692225 0.500226859068301 1.486217247274364 -0.561083926099235 -1.325463491237034 -0.471031147169116 -0.900534215978651 -0.296283751825620 -0.552294126027553 0.208258473100370 0.404727210152213 -0.174460445356729 0.347397407523092 
-1.573341178532603 -0.302153961495736 -1.515313703187000 0.593163975434528 1.401398905302589 -0.862296927691876 -1.235799709119881 -1.099555134003532 1.024775795196762 1.291177577928473 0.779377560903034 -1.345481438518145 -0.518757956901845 -1.036691179258975 -0.249370423528465 -0.642416654771298 -0.107331381070131 0.456394986971516 0.067269919997537 -0.385147472339541 0.055267215823824 
-1.547901036393857 -0.494089685861054 -1.390187712392888 0.937837311793482 1.090830241397130 -1.286029949068259 -0.680332186751830 -1.503130473038584 0.200873516827527 1.562761278809482 -0.285894402504613 -1.390334553354308 0.613254386695466 -0.900355315077338 0.599756487387467 -0.501506665641907 0.433985112423539 0.345986722011923 -0.331365476020881 -0.290687841816408 -0.286717051280565 
-1.516554530060614 -0.674930260849550 -1.216182306061389 1.216182306060904 0.674930261629357 -1.516554525369440 -0.000001399224252 -1.516551886695415 -0.674657311025589 1.215913167153276 -1.203567064267597 -0.677064695578928 1.363023534869804 -0.153027597807146 1.011067893474710 0.020290377230181 0.626367051966725 -0.034401385500435 -0.453557246870815 0.031394664290135 -0.386812023849006 
-1.479518891300672 -0.841927879033620 -1.000415476223030 1.411219481205467 0.197353728725656 -1.523524778039731 0.669616685731396 -1.142531510203288 -1.319789120997590 0.395379562500683 -1.541613383428070 0.404901975340403 1.253289533241966 0.709157452884924 0.654949136616073 0.532798201012076 0.293778748631528 -0.387114204887811 -0.184536425011492 0.325795477598997 -0.151254068150413 
-1.437029771263695 -0.992599730315069 -0.751411251506007 1.511622105872199 -0.292711652291528 -1.309437519103262 1.197181837715427 -0.482576398099660 -1.530782695360645 -0.569800166463022 -1.145096925348599 1.265114242395056 0.338453085501958 1.101510490514704 -0.232357718350822 0.641735701000151 -0.310606515803333 -0.430316372043136 0.258274393464621 0.355694104883216 0.225678019327995 
-1.389340109388366 -1.124763468424526 -0.478769075446736 1.512358962316922 -0.745586359402802 -0.908757142313757 1.481287734286867 0.290418241430808 -1.246477740592869 -1.297409886439262 -0.208454228366599 1.428646613288834 -0.813771020812451 0.735935784643950 -0.989905541016306 0.244191419609347 -0.682025339588615 -0.119926695261324 0.489441460847110 0.091647993198532 0.412432036365425 
-1.336718954223909 -1.236567399238500 -0.192799413001277 1.414921620925752 -1.116111441176143 -0.382432972886541 1.469891120113357 0.977365050779688 -0.565837715228834 -1.503115871115610 0.817792470326520 0.797081921750748 -1.463561462198883 -0.168908155098208 -1.004137602481368 -0.372780752734277 -0.469662142509331 0.300709449302873 0.281626981647930 -0.253769402290600 0.225338558673428 
-1.279450240832427 -1.326514992741295 0.095860787146683 1.227127953424398 -1.368128808065365 0.191327819308416 1.169761022841897 1.404183735962235 0.286269169678667 -1.111988376718234 1.442822572950136 -0.287997240745280 -1.167930257335092 -1.002489471138017 -0.194459584237268 -0.721723345583185 0.197054765822036 0.478064494566595 -0.208962163471271 -0.386368564329988 -0.186761335337495 
-1.217831529553056 -1.393483414558745 0.376638624592877 0.962520950598899 -1.477987166148000 0.728641296953450 0.644249516549783 1.465849573916468 1.033309575822870 -0.286402906490929 1.371403529104641 -1.222220576377817 -0.087043263535404 -1.156127261643576 0.857381122069101 -0.483807528391860 0.752919138204286 0.237406253940811 -0.535879961076750 -0.176348682744595 -0.441592105041177 
-1.152172711005517 -1.436735870583749 0.639407615541664 0.639407615549125 -1.436735870836717 1.152172648745790 -0.000000125943808 1.152149416049919 1.436820469792181 0.640722813883895 0.645723878868601 -1.470912822211696 1.085229530668849 -0.458684868739809 1.291194842094673 0.203719035221676 0.644795354134562 -0.240090595493679 -0.349304918110526 0.206851331449622 -0.264784786902630 
-1.082794682289268 -1.455927657746596 0.874848238628956 0.279605158415962 -1.250805834254030 1.402230447776943 -0.634633989810313 0.548842336011044 1.372456225501187 1.300447019866897 -0.377169015255954 -0.878525015078214 1.555845374601382 0.645863986151995 0.648431509015528 0.789061460841098 -0.133885148166609 -0.526658121694690 0.230060985652146 0.410085854984966 0.209191954690850 
-1.010027999394693 -1.451105913891375 1.074773980938982 -0.093020467518002 -0.941131597669776 1.445142926892628 -1.135101496194662 -0.185691101846506 0.868072162274210 1.435555599850732 -1.202198703970686 0.225388727638226 0.973503789530652 1.349235733202835 -0.657735613715717 0.714328380340137 -0.906836939816414 -0.310349991813741 0.631859859348822 0.209612859191757 0.497180987718823 
-0.934211510884755 -1.422703158450240 1.232411629037102 -0.454126549511902 -0.540825977276272 1.277746118815289 -1.405043219268212 -0.861960960943246 0.092292404334249 1.001498745631114 -1.439200993334383 1.201871527765595 -0.292332827333608 1.050093961685089 -1.539062673732558 -0.070643786410678 -0.835561121838292 0.264683889341752 0.354976894004175 -0.232722524755521 0.232517049275006 
-0.855690977929039 -1.371524811643690 1.342626355633206 -0.780473289338636 -0.091662502718368 0.927392577867392 -1.394789348001463 -1.308161849644954 -0.701804055123518 0.180022479373630 -0.989439434011975 1.475692137726955 -1.368466928250045 -0.130263021858195 -1.095458545667036 -0.927474076352392 0.212449062845807 0.629300663259783 -0.416313551873794 -0.453644735708312 -0.359201297132846 
-0.774817685777301 -1.298730971819559 1.402084272095870 -1.051409329185064 0.360263033302712 0.447545053015511 -1.110428807938738 -1.413708202302360 -1.259002956183869 -0.698194864413993 -0.083336492294654 0.888350590340135 -1.489858625043269 -1.318537214337699 0.472152495707366 -0.972094724140522 1.263547538427950 0.301159721856541 -0.799619530916857 -0.144995132142360 -0.559615730152374 
-0.691947051746561 -1.205812816899625 1.409347470326161 -1.250168806098090 0.769243456871547 -0.090343705930306 -0.611806425609410 -1.156533520080038 -1.403637718757765 -1.287655249255603 0.842683246537311 -0.198349331411518 -0.577855519757669 -1.498642191067717 1.788501619773179 0.060484180219704 0.993294611675275 -0.493521769554296 -0.127804824232447 0.402694861263674 0.020575240467076 
-0.607437234764582 -1.094564075455241 1.364899077054571 -1.364899077042748 1.094564073851889 -0.607437331771939 0.000001904248672 -0.607473304965550 -1.094820465870177 -1.362879395879891 1.358268993735554 -1.132715835428729 0.688594548327015 -0.396870100735836 1.447346007798229 1.278733666836355 -0.698077999678305 -0.805769584387708 0.951624240163206 0.461173490980569 0.692996896295751 
-0.521647751463529 -0.967048084526831 1.271098397951056 -1.389356726070374 1.304537664858784 -1.029038885037182 0.603129195814033 0.089073550810872 -0.438056255412204 -0.901798102772007 1.231822365523628 -1.390517000328743 1.414350939390707 1.115008169046109 -0.437166081224168 1.229781479172472 -1.936202769053567 0.034211400565226 0.774974349831133 -0.221090400757039 0.298219484295949 
-0.434938103750914 -0.825561013917448 1.132068745781697 -1.323231684485217 1.379572525306984 -1.295350682237472 1.079145936433403 0.753027068792358 0.350336110517361 -0.090487172483883 0.525063088593911 -0.879554561746528 1.186303385324430 1.671761066881824 -1.973722348843797 -0.450937891801676 -0.638198045531002 1.152273934703476 -0.985926048927154 -0.686519864599120 -0.830755371830271 
-0.347666422701145 -0.672591889459939 0.953522936491500 -1.172083787053581 1.313978315974439 -1.369925184360770 1.336264760997376 1.215192039476975 1.014677507057012 0.748136007201808 -0.430748215857506 0.079285644990059 0.267966735150866 0.759659714107578 -1.435510009957675 -1.947694334848704 2.131665083882579 0.562058100491222 -1.521494797431629 0.176856988105976 -0.426511380127834 
-0.260188133510202 -0.510780089974699 0.742533615536601 -0.946901249422984 1.116345567469617 -1.244617257339615 1.326986696122588 1.360384945336664 1.343476944639117 1.278962040800050 -1.170556046655076 0.994636944114436 -0.795576757236884 -0.668794697804760 0.460665368876881 -0.932801976876621 2.058643517706266 -1.622624534895182 1.454244502019709 1.003255442564943 1.426271235428373 
-0.172854646139057 -0.342871023767330 0.507257468664529 -0.663314759958037 0.808480442125293 -0.940370834141388 1.056819529511681 1.155938616148856 1.236147022544978 1.294808879899896 -1.332722782547207 1.380220767844047 -1.429713930885133 -1.391063935516022 1.564889354847877 1.577904173192049 -1.652249435017165 -1.062915599188119 2.346524882820677 -1.018693009062070 -0.674835620997591 
-0.086012076138490 -0.171670710206589 0.256623912503222 -0.340522592093662 0.423021990883777 -0.503783133736841 0.582474497783128 0.658760849056143 0.732315353054586 0.803585787723662 -0.872262474662467 0.936731714385324 -1.032787863447242 -1.225303546185007 1.519831070183704 1.665967052660016 -2.396820616077495 2.921707750147695 -3.953151897634802 -0.308706783749431 -1.361138586953881 
0.000000000000000 0.000000000000000 0.000000000000000 0.000000000000000 0.000000000000000 0.000000000000000 0.000000000000000 0.000000000000000 0.000000000000000 0.000000000000000 0.000000000000000 0.000000000000000 0.000000000000000 0.000000000000000 0.000000000000000 0.000000000000000 0.000000000000000 0.000000000000000 0.000000000000000 0.000000000000000 0.000000000000000 
******************************************
ASBF PLOT NODES
50 1
1.000000000000000 
1.010204081632653 
1.020408163265306 
1.030612244897959 
1.040816326530612 
1.051020408163265 
1.061224489795918 
1.071428571428571 
1.081632653061225 
1.091836734693878 
1.102040816326531 
1.112244897959184 
1.122448979591837 
1.132653061224490 
1.142857142857143 
1.153061224489796 
1.163265306122449 
1.173469387755102 
1.183673469387755 
1.193877551020408 
1.204081632653061 
1.214285714285714 
1.224489795918367 
1.234693877551020 
1.244897959183674 
1.255102040816326 
1.265306122448980 
1.275510204081633 
1.285714285714286 
1.295918367346939 
1.306122448979592 
1.316326530612245 
1.326530612244898 
1.336734693877551 
1.346938775510204 
1.357142857142857 
1.367346938775510 
1.377551020408163 
1.387755102040816 
1.397959183673469 
1.408163265306122 
1.418367346938775 
1.428571428571429 
1.438775510204082 
1.448979591836735 
1.459183673469388 
1.469387755102041 
1.479591836734694 
1.489795918367347 
1.500000000000000 
