******************************************
ASBF QUADRATURE NODES
22 1
-0.994294585482399 
-0.970060497835429 
-0.926956772187174 
-0.865812577720300 
-0.787816805979208 
-0.694487263186683 
-0.587640403506912 
-0.469355837986757 
-0.341935820892084 
-0.207860426688221 
-0.069739273319722 
0.069739273319722 
0.207860426688221 
0.341935820892084 
0.469355837986757 
0.587640403506912 
0.694487263186683 
0.787816805979208 
0.865812577720300 
0.926956772187174 
0.970060497835429 
0.994294585482399 
******************************************
ASBF QUADRATURE WEIGHTS
22 1
0.014627995298272 
0.033774901584814 
0.052293335152683 
0.069796468424521 
0.085941606217068 
0.100414144442881 
0.112932296080539 
0.123252376810512 
0.131173504787062 
0.136541498346015 
0.139251872855632 
0.139251872855632 
0.136541498346015 
0.131173504787062 
0.123252376810512 
0.112932296080539 
0.100414144442881 
0.085941606217068 
0.069796468424521 
0.052293335152683 
0.033774901584814 
0.014627995298272 
******************************************
ASBF GLL NODES
18 1
-1.000000000000000 
-0.976105557412196 
-0.920649185347533 
-0.835593535218092 
-0.723679329283243 
-0.588504834318663 
-0.434415036912124 
-0.266362652878281 
-0.089749093484653 
0.089749093484652 
0.266362652878282 
0.434415036912124 
0.588504834318662 
0.723679329283243 
0.835593535218090 
0.920649185347530 
0.976105557412198 
1.000000000000000 
******************************************
ASBF PLOT NODES
43 1
-1.000000000000000 
-0.952380952380952 
-0.904761904761905 
-0.857142857142857 
-0.809523809523810 
-0.761904761904762 
-0.714285714285714 
-0.666666666666667 
-0.619047619047619 
-0.571428571428571 
-0.523809523809524 
-0.476190476190476 
-0.428571428571429 
-0.380952380952381 
-0.333333333333333 
-0.285714285714286 
-0.238095238095238 
-0.190476190476190 
-0.142857142857143 
-0.095238095238095 
-0.047619047619048 
0.000000000000000 
0.047619047619048 
0.095238095238095 
0.142857142857143 
0.190476190476190 
0.238095238095238 
0.285714285714286 
0.333333333333333 
0.380952380952381 
0.428571428571429 
0.476190476190476 
0.523809523809524 
0.571428571428571 
0.619047619047619 
0.666666666666667 
0.714285714285714 
0.761904761904762 
0.809523809523810 
0.857142857142857 
0.904761904761905 
0.952380952380952 
1.000000000000000 
******************************************
ASBF INITIAL BASIS QUADRATURE VANDERMONDE
22 17
0.011378277280383 -0.011313359492003 0.011119346892645 -0.010798453326912 0.010354340456421 -0.009792075977210 0.009118075793123 -0.008340030805030 0.007466819151274 -0.006508404900745 0.005475724354602 -0.004380561254005 0.003235412317860 -0.002053344644897 0.000847846607241 0.000367326063098 -0.001578307238530 
0.058982630539281 -0.057216719944577 0.052024729128614 -0.043717549331935 0.032792606209551 -0.019904074477980 0.005823706584575 0.008605379060619 -0.022519183175789 0.035084561024086 -0.045549110290937 0.053286224185488 -0.057832612031352 0.058916040651026 -0.056471635417500 0.050645764882337 -0.041787276372531 
0.140751142496336 -0.130470224730060 0.101129374268288 -0.057014891960022 0.004571306167436 0.048540085540730 -0.094560428196485 0.126766773054571 -0.140454209346014 0.133623188016394 -0.107271628760059 0.065249137468976 -0.013694630952419 -0.039860475661077 0.087592506665695 -0.122528458832154 0.139564662734551 
0.250368580261329 -0.216772265856233 0.124999728297182 0.000319591913593 -0.125553141694235 0.217091386588742 -0.250367764352311 0.216451732275144 -0.124445500194023 -0.000958773657786 0.126105736778220 -0.217409092392750 0.250365316630575 -0.216129787934605 0.123890460997029 0.001597949153016 -0.126657509947508 
0.379344680216719 -0.298854114333539 0.091539907399269 0.154620759399690 -0.335165573015956 0.373477383015553 -0.253297944969617 0.025627372918569 0.212918594812927 -0.361109067516771 0.356056989549459 -0.199906292990083 -0.041077915072278 0.264630036687137 -0.375882065465764 0.327622379793074 -0.140330768166010 
0.517687441271471 -0.359527334274741 -0.018313132428935 0.384963808716633 -0.516391791454137 0.332291235241471 0.054847730366594 -0.408473335550066 0.512511327415207 -0.303391842707456 -0.091107786385075 0.429938237150592 -0.506065472930968 0.272973813427613 0.126911799713018 -0.449251070325194 0.497086492914645 
0.654678756166234 -0.384715688440929 -0.202529791384501 0.622745065103646 -0.529370531294388 -0.000586039874641 0.530059292711199 -0.622382473428153 0.201414882930700 0.385663427272765 -0.654677706971552 0.383766716510720 0.203644050685788 -0.623105660744277 0.528680073128628 0.001758117745536 -0.530746355171427 
0.779705097347749 -0.365959139348199 -0.436174980312377 0.775401686134945 -0.291703636032046 -0.501576077067735 0.762538955964519 -0.214228144280813 -0.561440495605982 0.741258892870505 -0.134387882050761 -0.615107418880104 0.711796398131446 -0.053064170961777 -0.661984441273771 0.674476695298269 0.028845292225256 
0.883079894390857 -0.301956648601833 -0.676580305363876 0.764650732829861 0.153657353312052 -0.869732639311584 0.441128134647239 0.568057617633189 -0.829606630246051 -0.000713169371790 0.830094346555208 -0.566964814242676 -0.442363188205213 0.869484454025454 -0.152252572874985 -0.765363237047573 0.675662786355955 
0.956794043016991 -0.198879618034260 -0.874115638488607 0.562267717216438 0.640369223261365 -0.828482557186663 -0.295951747580228 0.951515870248964 -0.099613242000900 -0.910104568276756 0.477962689786712 0.711405510996524 -0.773708795914891 -0.389758630093926 0.935739586228371 0.000752170768948 -0.936052279302323 
0.995136433756837 -0.069400091744182 -0.985456609823715 0.206850147458627 0.956605451884030 -0.340276085594781 -0.909144238009111 0.467082202597917 0.843996291229603 -0.584801578667703 -0.762429016964579 0.691144069869663 0.666029246580688 -0.784040861202101 -0.556672366754281 0.861684713871328 0.436485835202083 
0.995136433756837 0.069400091744182 -0.985456609823715 -0.206850147458627 0.956605451884030 0.340276085594781 -0.909144238009111 -0.467082202597917 0.843996291229603 0.584801578667703 -0.762429016964579 -0.691144069869663 0.666029246580688 0.784040861202101 -0.556672366754281 -0.861684713871328 0.436485835202082 
0.956794043016991 0.198879618034260 -0.874115638488607 -0.562267717216438 0.640369223261365 0.828482557186663 -0.295951747580228 -0.951515870248964 -0.099613242000900 0.910104568276756 0.477962689786712 -0.711405510996525 -0.773708795914891 0.389758630093926 0.935739586228372 -0.000752170768948 -0.936052279302323 
0.883079894390857 0.301956648601833 -0.676580305363876 -0.764650732829861 0.153657353312052 0.869732639311584 0.441128134647239 -0.568057617633189 -0.829606630246051 0.000713169371790 0.830094346555207 0.566964814242676 -0.442363188205213 -0.869484454025454 -0.152252572874986 0.765363237047574 0.675662786355955 
0.779705097347749 0.365959139348199 -0.436174980312377 -0.775401686134944 -0.291703636032046 0.501576077067735 0.762538955964519 0.214228144280813 -0.561440495605982 -0.741258892870504 -0.134387882050761 0.615107418880104 0.711796398131446 0.053064170961776 -0.661984441273771 -0.674476695298269 0.028845292225256 
0.654678756166234 0.384715688440929 -0.202529791384501 -0.622745065103646 -0.529370531294388 0.000586039874641 0.530059292711199 0.622382473428153 0.201414882930700 -0.385663427272765 -0.654677706971552 -0.383766716510721 0.203644050685788 0.623105660744277 0.528680073128627 -0.001758117745536 -0.530746355171427 
0.517687441271471 0.359527334274741 -0.018313132428935 -0.384963808716633 -0.516391791454137 -0.332291235241471 0.054847730366594 0.408473335550066 0.512511327415207 0.303391842707456 -0.091107786385075 -0.429938237150592 -0.506065472930968 -0.272973813427612 0.126911799713018 0.449251070325194 0.497086492914645 
0.379344680216719 0.298854114333539 0.091539907399269 -0.154620759399689 -0.335165573015956 -0.373477383015553 -0.253297944969617 -0.025627372918569 0.212918594812927 0.361109067516772 0.356056989549459 0.199906292990083 -0.041077915072278 -0.264630036687137 -0.375882065465763 -0.327622379793074 -0.140330768166010 
0.250368580261329 0.216772265856233 0.124999728297182 -0.000319591913593 -0.125553141694235 -0.217091386588742 -0.250367764352311 -0.216451732275144 -0.124445500194023 0.000958773657787 0.126105736778220 0.217409092392750 0.250365316630575 0.216129787934605 0.123890460997029 -0.001597949153016 -0.126657509947508 
0.140751142496336 0.130470224730060 0.101129374268288 0.057014891960022 0.004571306167436 -0.048540085540730 -0.094560428196485 -0.126766773054571 -0.140454209346014 -0.133623188016394 -0.107271628760059 -0.065249137468976 -0.013694630952419 0.039860475661077 0.087592506665694 0.122528458832154 0.139564662734551 
0.058982630539280 0.057216719944577 0.052024729128614 0.043717549331936 0.032792606209551 0.019904074477980 0.005823706584575 -0.008605379060619 -0.022519183175789 -0.035084561024087 -0.045549110290937 -0.053286224185488 -0.057832612031353 -0.058916040651026 -0.056471635417500 -0.050645764882337 -0.041787276372531 
0.011378277280383 0.011313359492002 0.011119346892645 0.010798453326912 0.010354340456421 0.009792075977210 0.009118075793123 0.008340030805030 0.007466819151274 0.006508404900745 0.005475724354602 0.004380561254005 0.003235412317860 0.002053344644897 0.000847846607241 -0.000367326063097 -0.001578307238530 
******************************************
ASBF INITIAL BASIS QUADRATURE DERIVATIVE VANDERMONDE
22 17
1.988589170964801 -1.965865168158853 1.898082295028767 -1.786402035550100 1.632740541201802 -1.439739442766163 1.210725571739475 -0.949660166618870 0.661078290085360 -0.350019323902284 0.021949537253629 0.317322160521222 -0.661734071881334 1.005065873516095 -1.341035729588828 1.663398949435649 -1.966046756126939 
1.940120995670858 -1.823052108382159 1.482387236114237 -0.948909033860335 0.271176004796079 0.488379985852418 -1.258500418169769 1.964910511668440 -2.536452962011299 2.911076768109641 -3.041219073759709 2.898157988744373 -2.474985640603493 1.787948392511648 -0.876018493582269 -0.201309791351740 1.367875376182578 
1.853913544374346 -1.577746572510992 0.810151746533865 0.278054025149903 -1.439669653747122 2.400111657691483 -2.912849685376425 2.810938970361462 -2.044854598077233 0.699136246598053 1.015962817178849 -2.797186731466754 4.300277825369533 -5.202545835463328 5.265071412902123 -4.383256355682725 2.616049995698717 
1.731625155440601 -1.248894259216012 -0.002552971409268 1.503314505323784 -2.599985058720953 2.747778742738654 -1.723954960612763 -0.263270494799613 2.612744236643350 -4.509914150492500 5.194819007911425 -4.233353648011462 1.700944476075954 1.788686038491756 -5.230537791382876 7.516425699543625 -7.781898130641024 
1.575633611958416 -0.861965959349844 -0.815199302709900 2.329501195943165 -2.545999561916099 1.011730143811334 1.698838307126541 -4.195072771741684 4.962314102478350 -3.197878931592611 -0.645846705920910 4.927610688713137 -7.518074907841235 6.835965003158125 -2.723641247931861 -3.296268436931843 8.572597350785459 
1.388974526373365 -0.446937676185586 -1.487244147824559 2.476055647153893 -1.182006454521852 -1.867062374722420 4.439891002644399 -4.190137667091761 0.563156807843448 4.432949861473880 -7.327194927535925 5.562121669875506 0.461426089790750 -7.215161700260860 10.106197342391544 -6.568265367397174 -1.881546205266870 
1.175280807013825 -0.035963731501298 -1.902444700513607 1.866810891651101 0.953907819439000 -4.046661506086941 3.800883701397351 0.639674427565373 -5.797445725708793 6.576782029425898 -1.160793110843357 -6.521879579280935 9.593366439049067 -4.345731769812408 -5.732122619046884 12.139945613685278 -8.532206223417997 
0.938711675973514 0.339115292043247 -1.988961438812076 0.655596073005976 2.924349122628871 -3.984124011104691 -0.187557549013937 5.685264384210087 -5.577722798002068 -1.572271859593851 8.536150536148416 -6.709488080657763 -3.468090572790063 11.388617990932353 -7.328666450423720 -5.833082107151777 14.153202121915820 
0.683871641784168 0.649239683172570 -1.731781547030492 -0.818084004121053 3.820547463705843 -1.487365355773699 -4.542845754543157 5.476345009599844 1.933843937117952 -8.458059298323159 3.848956622790576 7.486055706649735 -10.102387457870226 -1.462045786306658 12.841208018166288 -7.624197369318724 -9.157962120018908 
0.415720853376443 0.870382129050972 -1.175316090897638 -2.130009997733156 3.185341099288495 2.086535724164616 -5.709722625511969 -0.304788456904453 7.739461283413506 -3.111893476511949 -8.265991408294889 7.504163858344067 6.569165027220484 -11.782520341260627 -2.450442876214173 14.672699717367353 -3.647800030088177 
0.139478546639443 0.985409301270512 -0.415722187314008 -2.898338194425612 1.233678481259338 4.639477416607264 -2.561338219683805 -6.100514160291926 4.346393473710507 7.182278097914825 -6.517770341703386 -7.798046997253520 8.987718743245718 7.876511542502893 -11.654404848187033 -7.364316825838631 14.404938483790067 
-0.139478546639444 0.985409301270512 0.415722187314009 -2.898338194425611 -1.233678481259339 4.639477416607263 2.561338219683807 -6.100514160291926 -4.346393473710507 7.182278097914828 6.517770341703386 -7.798046997253525 -8.987718743245718 7.876511542502892 11.654404848187033 -7.364316825838633 -14.404938483790069 
-0.415720853376441 0.870382129050972 1.175316090897636 -2.130009997733156 -3.185341099288494 2.086535724164618 5.709722625511968 -0.304788456904453 -7.739461283413505 -3.111893476511947 8.265991408294886 7.504163858344065 -6.569165027220482 -11.782520341260630 2.450442876214169 14.672699717367353 3.647800030088179 
-0.683871641784169 0.649239683172569 1.731781547030492 -0.818084004121052 -3.820547463705843 -1.487365355773700 4.542845754543158 5.476345009599845 -1.933843937117953 -8.458059298323159 -3.848956622790578 7.486055706649736 10.102387457870226 -1.462045786306656 -12.841208018166292 -7.624197369318723 9.157962120018905 
-0.938711675973515 0.339115292043247 1.988961438812078 0.655596073005976 -2.924349122628870 -3.984124011104693 0.187557549013937 5.685264384210088 5.577722798002068 -1.572271859593849 -8.536150536148414 -6.709488080657763 3.468090572790058 11.388617990932353 7.328666450423718 -5.833082107151777 -14.153202121915820 
-1.175280807013823 -0.035963731501297 1.902444700513606 1.866810891651099 -0.953907819439000 -4.046661506086940 -3.800883701397352 0.639674427565372 5.797445725708792 6.576782029425894 1.160793110843356 -6.521879579280937 -9.593366439049070 -4.345731769812406 5.732122619046889 12.139945613685278 8.532206223417997 
-1.388974526373365 -0.446937676185587 1.487244147824559 2.476055647153896 1.182006454521850 -1.867062374722421 -4.439891002644398 -4.190137667091758 -0.563156807843449 4.432949861473883 7.327194927535927 5.562121669875504 -0.461426089790754 -7.215161700260859 -10.106197342391546 -6.568265367397174 1.881546205266872 
-1.575633611958416 -0.861965959349845 0.815199302709900 2.329501195943165 2.545999561916098 1.011730143811334 -1.698838307126545 -4.195072771741689 -4.962314102478353 -3.197878931592608 0.645846705920910 4.927610688713141 7.518074907841235 6.835965003158131 2.723641247931864 -3.296268436931838 -8.572597350785459 
-1.731625155440599 -1.248894259216012 0.002552971409268 1.503314505323784 2.599985058720952 2.747778742738655 1.723954960612760 -0.263270494799611 -2.612744236643348 -4.509914150492504 -5.194819007911424 -4.233353648011462 -1.700944476075954 1.788686038491761 5.230537791382874 7.516425699543622 7.781898130641024 
-1.853913544374347 -1.577746572510992 -0.810151746533865 0.278054025149905 1.439669653747119 2.400111657691484 2.912849685376426 2.810938970361462 2.044854598077234 0.699136246598057 -1.015962817178847 -2.797186731466752 -4.300277825369538 -5.202545835463327 -5.265071412902118 -4.383256355682729 -2.616049995698717 
-1.940120995670859 -1.823052108382159 -1.482387236114235 -0.948909033860339 -0.271176004796082 0.488379985852426 1.258500418169760 1.964910511668440 2.536452962011301 2.911076768109645 3.041219073759712 2.898157988744377 2.474985640603495 1.787948392511646 0.876018493582272 -0.201309791351736 -1.367875376182578 
-1.988589170964801 -1.965865168158848 -1.898082295028771 -1.786402035550090 -1.632740541201800 -1.439739442766172 -1.210725571739474 -0.949660166618862 -0.661078290085360 -0.350019323902274 -0.021949537253629 0.317322160521222 0.661734071881330 1.005065873516092 1.341035729588825 1.663398949435660 1.966046756126939 
******************************************
ASBF INITIAL BASIS GLL VANDERMONDE
18 17
0.000000000000000 0.000000000000000 0.000000000000000 0.000000000000000 0.000000000000000 0.000000000000000 0.000000000000000 0.000000000000000 0.000000000000000 0.000000000000000 0.000000000000000 0.000000000000000 0.000000000000000 0.000000000000000 0.000000000000000 0.000000000000000 0.000000000000000 
0.047217940789027 -0.046089694413729 0.042758872924315 -0.037384652566482 0.030223861339819 -0.021618705474025 0.011980415774687 -0.001769595361536 -0.008525792041155 0.018413741346959 -0.027421718481881 0.035119242260954 -0.041138456604164 0.045191709968415 -0.047085301894097 0.046728739734102 -0.044139063196554 
0.152405077518923 -0.140311610460624 0.105950462211825 -0.054774802984399 -0.005093706721509 0.064153836871511 -0.113032648583842 0.143972994801265 -0.152064592167816 0.136023290997745 -0.098394871922913 0.045151026358664 0.015258360653495 -0.073246220969421 0.119609786677072 -0.146991084358256 0.151044657458485 
0.301783443901731 -0.252168294760138 0.119636949875352 0.052232570982028 -0.206927347156157 0.293581736105002 -0.283702654338730 0.180538471674309 -0.018010905239685 -0.150438879710896 0.269422415903439 -0.299816378232612 0.231626838903905 -0.087275400109600 -0.085773318673597 0.230618661265318 -0.299633606234304 
0.476288228368156 -0.344679945650971 0.022587275404003 0.311988057021562 -0.474145891103495 0.374271103890803 -0.067558631764095 -0.276489533246135 0.467738151710895 -0.400495330574513 0.111922232711573 0.238503717973324 -0.457122654020563 0.423116713350230 -0.155278984631085 -0.198372330451016 0.442394894729375 
0.653662059983564 -0.384683282311023 -0.200886117340348 0.621128184715625 -0.530187761533092 0.002907936802005 0.526765091801346 -0.622915542952818 0.206412524998589 0.379966005301634 -0.653636186992114 0.389370106559319 0.195343806893451 -0.619291655981332 0.533568459902998 -0.008723580204423 -0.523300721657259 
0.811283575704638 -0.352433784485930 -0.505078504711567 0.791261179021523 -0.182393003871964 -0.632792652002417 0.732182290426667 -0.003349341441791 -0.729272281854533 0.636963031923444 0.175859643805170 -0.789755179233395 0.510303406871264 0.346388232568669 -0.811255920545752 0.358455308769456 0.499819168164892 
0.929050937151644 -0.247464472278765 -0.797220350493052 0.672163927250531 0.439141616829981 -0.906105779346714 0.043563861520286 0.882898207898383 -0.513906079274874 -0.609127434686520 0.838403678162961 0.162488578889730 -0.924965456033941 0.330263926490210 0.749025504814081 -0.729288767561756 -0.360514923129918 
0.991945100218683 -0.089026173531170 -0.975965063477023 0.264210132970678 0.928539823629868 -0.430881347841038 -0.851197402893511 0.583669738413404 0.746429743059456 -0.717652523992541 -0.617612416128850 0.828512832937401 0.468895864735784 -0.912678790534879 -0.305071676549435 0.967438603371189 0.131418201240190 
0.991945100218683 0.089026173531169 -0.975965063477023 -0.264210132970677 0.928539823629868 0.430881347841037 -0.851197402893512 -0.583669738413403 0.746429743059458 0.717652523992539 -0.617612416128851 -0.828512832937400 0.468895864735786 0.912678790534878 -0.305071676549437 -0.967438603371188 0.131418201240193 
0.929050937151644 0.247464472278766 -0.797220350493052 -0.672163927250532 0.439141616829980 0.906105779346715 0.043563861520287 -0.882898207898383 -0.513906079274875 0.609127434686518 0.838403678162961 -0.162488578889728 -0.924965456033941 -0.330263926490213 0.749025504814079 0.729288767561757 -0.360514923129915 
0.811283575704638 0.352433784485930 -0.505078504711568 -0.791261179021523 -0.182393003871963 0.632792652002419 0.732182290426666 0.003349341441789 -0.729272281854534 -0.636963031923441 0.175859643805174 0.789755179233397 0.510303406871261 -0.346388232568674 -0.811255920545752 -0.358455308769451 0.499819168164897 
0.653662059983564 0.384683282311023 -0.200886117340349 -0.621128184715626 -0.530187761533092 -0.002907936802004 0.526765091801347 0.622915542952817 0.206412524998587 -0.379966005301637 -0.653636186992114 -0.389370106559316 0.195343806893455 0.619291655981334 0.533568459902995 0.008723580204418 -0.523300721657263 
0.476288228368155 0.344679945650971 0.022587275404003 -0.311988057021561 -0.474145891103494 -0.374271103890803 -0.067558631764097 0.276489533246133 0.467738151710894 0.400495330574514 0.111922232711576 -0.238503717973321 -0.457122654020562 -0.423116713350231 -0.155278984631089 0.198372330451012 0.442394894729373 
0.301783443901735 0.252168294760141 0.119636949875352 -0.052232570982032 -0.206927347156163 -0.293581736105007 -0.283702654338731 -0.180538471674304 -0.018010905239675 0.150438879710908 0.269422415903448 0.299816378232614 0.231626838903899 0.087275400109586 -0.085773318673615 -0.230618661265333 -0.299633606234310 
0.152405077518929 0.140311610460629 0.105950462211827 0.054774802984398 -0.005093706721514 -0.064153836871519 -0.113032648583851 -0.143972994801273 -0.152064592167821 -0.136023290997745 -0.098394871922908 -0.045151026358653 0.015258360653510 0.073246220969438 0.119609786677087 0.146991084358266 0.151044657458488 
0.047217940789023 0.046089694413725 0.042758872924311 0.037384652566479 0.030223861339818 0.021618705474025 0.011980415774688 0.001769595361539 -0.008525792041150 -0.018413741346954 -0.027421718481874 -0.035119242260947 -0.041138456604157 -0.045191709968409 -0.047085301894092 -0.046728739734099 -0.044139063196553 
0.000000000000000 0.000000000000000 0.000000000000000 0.000000000000000 0.000000000000000 0.000000000000000 0.000000000000000 0.000000000000000 0.000000000000000 0.000000000000000 0.000000000000000 0.000000000000000 0.000000000000000 0.000000000000000 0.000000000000000 0.000000000000000 0.000000000000000 
******************************************
ASBF INITIAL BASIS GLL DERIVATIVE VANDERMONDE
18 17
2.000000000000003 -2.000000000000004 1.999999999999986 -2.000000000000003 1.999999999999996 -1.999999999999986 2.000000000000015 -2.000000000000027 1.999999999999993 -2.000000000000016 2.000000000000005 -2.000000000000018 1.999999999999964 -1.999999999999964 2.000000000000071 -2.000000000000044 2.000000000000043 
1.952211114824393 -1.858346177632921 1.583493559514555 -1.147449803655603 0.581801395752025 0.072098374927805 -0.765790055594914 1.446846314775941 -2.062298592276456 2.562144335070545 -2.902720573738701 3.049735595247808 -2.980768668057755 2.687077216046500 -2.174589919562766 1.464010791320849 -0.590010740008406 
1.841298370695065 -1.542784767443230 0.718805487010072 0.431150319788560 -1.622231474330204 2.545674437342882 -2.936807045726304 2.635798293831068 -1.628538068583154 0.058697014130349 1.792505934095768 -3.556025013887950 4.845499182844356 -5.335468015380639 4.832196938832807 -3.322828761615767 0.992140077312495 
1.671187070436184 -1.094649668294807 -0.346159287644925 1.912420493869109 -2.745387972982254 2.261781695597525 -0.447308880639554 -2.081650186458880 4.287212700769324 -5.119106057755974 3.966893395722212 -0.971470063166796 -2.943017943307268 6.353057275891396 -7.848680034122155 6.592008679776989 -2.706562317193599 
1.447358658566484 -0.571135314895532 -1.310080906641283 2.512466809353429 -1.702383570194189 -0.996798991038534 3.893651428505755 -4.773828380977226 2.462811346719785 2.144733357308341 -6.368000402885410 7.295891628985872 -3.714764082343379 -2.833540977915526 8.662147577832815 -10.014251289903681 5.435321074767838 
1.177009668637326 -0.039013820049310 -1.900456589850857 1.874097366448592 0.936882239004367 -4.037192343197502 3.820748056691681 0.593665122646812 -5.765328731885379 6.605007587652025 -1.248897049600679 -6.442316059123621 9.610305552725329 -4.478418881206162 -5.577746541300384 12.110617409331116 -8.694014403058699 
0.868830073824248 0.433850727113913 -1.950640202063195 0.250767134226067 3.315288532363910 -3.495975522292418 -1.543465165247657 6.301349056613031 -3.938035083685389 -4.338410307841237 8.981302495573859 -3.113096114815769 -7.856061326783284 10.959285271075245 -0.972918839208688 -11.736495965272063 11.886850112692922 
0.532725305756564 0.787152811454932 -1.446990472473561 -1.610745070565727 3.649402987187625 0.544898982047247 -5.751896022698615 2.606409308365401 6.129192242769672 -6.899397278485375 -3.671963587425594 10.532352559649560 -1.613909992470177 -11.522512777515193 8.412771987936283 8.538867257609752 -14.420220193684653 
0.179498186969304 0.975835300656050 -0.532711201280051 -2.832144732802087 1.569496311994048 4.407502637603880 -3.222397740188450 -5.531482891333089 5.382628367261277 6.058170344399049 -7.905364008417199 -5.874396669813465 10.616833226062043 4.906486083851416 -13.322896163573253 -3.125193730408574 15.818739978851813 
-0.179498186969304 0.975835300656050 0.532711201280050 -2.832144732802087 -1.569496311994045 4.407502637603883 3.222397740188445 -5.531482891333095 -5.382628367261267 6.058170344399066 7.905364008417186 -5.874396669813490 -10.616833226062029 4.906486083851451 13.322896163573240 -3.125193730408625 -15.818739978851806 
-0.532725305756563 0.787152811454932 1.446990472473560 -1.610745070565725 -3.649402987187626 0.544898982047243 5.751896022698611 2.606409308365412 -6.129192242769661 -6.899397278485383 3.671963587425569 10.532352559649565 1.613909992470207 -11.522512777515178 -8.412771987936313 8.538867257609713 14.420220193684676 
-0.868830073824249 0.433850727113913 1.950640202063196 0.250767134226062 -3.315288532363915 -3.495975522292413 1.543465165247674 6.301349056613036 3.938035083685364 -4.338410307841269 -8.981302495573857 -3.113096114815721 7.856061326783328 10.959285271075222 0.972918839208600 -11.736495965272116 -11.886850112692859 
-1.177009668637324 -0.039013820049307 1.900456589850857 1.874097366448586 -0.936882239004376 -4.037192343197505 -3.820748056691671 0.593665122646835 5.765328731885393 6.605007587652008 1.248897049600636 -6.442316059123665 -9.610305552725318 -4.478418881206091 5.577746541300465 12.110617409331129 8.694014403058613 
-1.447358658566485 -0.571135314895535 1.310080906641281 2.512466809353432 1.702383570194196 -0.996798991038521 -3.893651428505744 -4.773828380977227 -2.462811346719814 2.144733357308306 6.368000402885385 7.295891628985886 3.714764082343432 -2.833540977915449 -8.662147577832769 -10.014251289903704 -5.435321074767932 
-1.671187070436179 -1.094649668294795 0.346159287644949 1.912420493869133 2.745387972982256 2.261781695597480 0.447308880639453 -2.081650186459007 -4.287212700769415 -5.119106057755964 -3.966893395722058 -0.971470063166514 2.943017943307597 6.353057275891638 7.848680034122166 6.592008679776707 2.706562317193054 
-1.841298370695059 -1.542784767443213 -0.718805487010028 0.431150319788635 1.622231474330288 2.545674437342946 2.936807045726304 2.635798293830971 1.628538068582939 0.058697014130029 -1.792505934096141 -3.556025013888300 -4.845499182844575 -5.335468015380629 -4.832196938832515 -3.322828761615176 -0.992140077311650 
-1.952211114824398 -1.858346177632931 -1.583493559514592 -1.147449803655682 -0.581801395752139 0.072098374927650 0.765790055594715 1.446846314775730 2.062298592276247 2.562144335070375 2.902720573738593 3.049735595247793 2.980768668057860 2.687077216046744 2.174589919563180 1.464010791321400 0.590010740009113 
-2.000000000000003 -1.999999999999997 -1.999999999999992 -1.999999999999982 -1.999999999999992 -2.000000000000012 -2.000000000000006 -1.999999999999989 -1.999999999999999 -1.999999999999998 -1.999999999999992 -1.999999999999992 -1.999999999999962 -1.999999999999985 -2.000000000000056 -2.000000000000044 -2.000000000000041 
******************************************
ASBF INITIAL BASIS PLOT VANDERMONDE
43 17
0.000000000000000 0.000000000000000 0.000000000000000 0.000000000000000 0.000000000000000 0.000000000000000 0.000000000000000 0.000000000000000 0.000000000000000 0.000000000000000 0.000000000000000 0.000000000000000 0.000000000000000 0.000000000000000 0.000000000000000 0.000000000000000 0.000000000000000 
0.092970521541950 -0.088543353849476 0.075683485790386 -0.055615666703639 0.030251117454641 -0.002005509400440 -0.026431099549042 0.052350460922424 -0.073284064112719 0.087238232625611 -0.092883998031303 0.089683668386394 -0.077942036990400 0.058777354452464 -0.034014828633340 0.006012795325326 0.022561885156528 
0.181405895691610 -0.164129143720981 0.115589697708259 -0.045033166417775 -0.034101110857048 0.106739938444814 -0.159047349185949 0.181060026748808 -0.168585080169036 0.123998689747544 -0.055793501278900 -0.023039020766677 0.097483157904316 -0.153359074488752 0.180023738789615 -0.172398167130552 0.131934849351384 
0.265306122448979 -0.227405247813411 0.124531445231154 0.013922770274290 -0.148399051415652 0.240475603581112 -0.263844840437684 0.211829837169203 -0.099292023280949 -0.041614940116146 0.170631920622915 -0.250896923808850 0.259477091620829 -0.193920947541142 0.072958818449700 0.068848687341656 -0.190985139606825 
0.344671201814059 -0.279019544325667 0.107074727094163 0.105660462363688 -0.278144047111563 0.344667994864557 -0.279889849335815 0.108486999298191 0.104244231424458 -0.277263373985408 0.344658374075727 -0.280754945946721 0.109897252695155 0.102826060630756 -0.276377541335427 0.344642339626602 -0.281614818060023 
0.419501133786848 -0.319619911456646 0.067538731289946 0.216703749491014 -0.397753968609587 0.389397536009308 -0.195613705309359 -0.091319508871237 0.334767242636958 -0.418802003718414 0.303407239219672 -0.043532836997277 -0.237071487604774 0.404784627633123 -0.379743183074270 0.173871651337194 0.114795904846165 
0.489795918367347 -0.349854227405248 0.009995835068722 0.335574463021360 -0.489387925099236 0.363551144263263 -0.029970852419711 -0.320735640806532 0.488164625000472 -0.376642394908427 0.049895939154425 0.305362481830678 -0.486128056055393 0.389106169677027 -0.069737900626074 -0.289480597354064 0.483281611131880 
0.555555555555555 -0.370370370370370 -0.061728395061728 0.452674897119341 -0.541838134430727 0.269775948788295 0.182136869379667 -0.512625107961185 0.501363274568579 -0.155859258130254 -0.293550930394907 0.547260498656796 -0.436129734480822 0.034245813984299 0.390468649168422 -0.554870679542196 0.349358923554506 
0.616780045351474 -0.381816218550912 -0.144055203336058 0.560170279824128 -0.549488952636671 0.120149375821275 0.400732582572236 -0.616294478053567 0.362298675970275 0.167734212566559 -0.569969605814587 0.537942442251501 -0.096054370306318 -0.419017983777011 0.614838540696903 -0.342210685657251 -0.191149120359355 
0.673469387755102 -0.384839650145773 -0.233652644731362 0.651871244124472 -0.511343062839463 -0.067479172307943 0.588462116905683 -0.605048961298552 0.103022410292662 0.487309063821224 -0.659947054659776 0.266916141504234 0.354900035797794 -0.672516182415999 0.413689886963347 0.199727740172174 -0.641950161445831 
0.725623582766440 -0.380088543353850 -0.327435584967169 0.723116299033741 -0.430114823544369 -0.272519817225355 0.715611774923312 -0.477168708884781 -0.215720746567827 0.703161871955838 -0.520925024052575 -0.157430894376950 0.685852627685570 -0.561081382246028 -0.098053084380208 0.663803661120531 -0.597360274888920 
0.773242630385488 -0.368210776374042 -0.422565700505448 0.770654300664945 -0.311390776318309 -0.474091656552269 0.762906639701422 -0.252486095544324 -0.522443691563972 0.750051516081439 -0.191891085656447 -0.567298101170538 0.732174991533149 -0.130011414575319 -0.608354596699512 0.709396744765331 -0.067261350696041 
0.816326530612245 -0.349854227405248 -0.516451478550604 0.792526923305766 -0.162857312854338 -0.652934940859190 0.722515833590787 0.033635654924230 -0.751346394954413 0.610375540750981 0.228167360025000 -0.805947563629552 0.462644837371759 0.409394845882331 -0.813554705270899 0.287937758635584 0.566750912154685 
0.854875283446712 -0.325666774646367 -0.606748217049480 0.787951130493590 0.006404498578174 -0.792830748457913 0.597657024056426 0.337473015843493 -0.854779321841945 0.313787419845608 0.615703192435767 -0.782894614082383 -0.019212057896809 0.797532372479951 -0.588431654468868 -0.349203492884623 0.854491458571439 
0.888888888888889 -0.296296296296296 -0.691358024691358 0.757201646090535 0.186556927297668 -0.881572930955647 0.401158360006097 0.614134024284916 -0.810581042862708 -0.073746662376444 0.859745484447003 -0.499416993921559 -0.526800821832631 0.850617541809979 -0.040277539374022 -0.823765848893964 0.589454771969999 
0.918367346938776 -0.262390670553936 -0.768429820907955 0.701493425358482 0.367576434988823 -0.911537102494952 0.153301909294006 0.823936011469805 -0.624122487276752 -0.467294590168804 0.891147967373212 -0.041932819758745 -0.867186356082500 0.537467880377317 0.560061853009748 -0.857503224954316 -0.070060010178711 
0.943310657596372 -0.224597775618184 -0.836359335873427 0.622864126034102 0.539757371095283 -0.879891445603284 -0.120761444617529 0.937396895421155 -0.325618029392545 -0.782340690948515 0.698161215558504 0.449882969253989 -0.912391200917547 -0.015410968817062 0.919729757497100 -0.422555582372034 -0.718512813510417 
0.963718820861678 -0.183565489687939 -0.893789110504368 0.524056579403889 0.694148508826696 -0.788494106575963 -0.393769801559663 0.938501650027263 0.036245363454039 -0.952309407533564 0.326539172749224 0.827913532200526 -0.641934804063710 -0.583366940176256 0.864169828892760 0.254159386312347 -0.960992452249844 
0.979591836734694 -0.139941690962099 -0.939608496459809 0.408401261379187 0.822922421780041 -0.643521953316342 -0.639059006546800 0.826110240901142 0.403027509146474 -0.941260957800134 -0.134095806917864 0.979574045490953 -0.145782491793837 -0.937921904978428 0.413760178930530 0.819704710998277 -0.647961524930038 
0.990929705215420 -0.094374257639564 -0.972953656141217 0.279698763571224 0.919677701175269 -0.454875468556990 -0.833034754783462 0.613548755182411 0.716168325224907 -0.749961769510965 -0.573318464365676 0.859165286532999 0.409667933597485 -0.937197273884901 -0.231154167143219 0.981226639055038 0.044253854942259 
0.997732426303855 -0.047511067919231 -0.993207562692500 0.142102264366136 0.979674013705248 -0.235404551385684 -0.957254532620898 0.326571649730531 0.926152470741799 -0.414776646944036 -0.886649932937605 0.499219497699999 0.839105218870939 -0.579134280449612 -0.783949573113833 0.653796144555691 0.721683273632339 
1.000000000000000 0.000000000000000 -1.000000000000000 -0.000000000000000 1.000000000000000 -0.000000000000000 -1.000000000000000 0.000000000000000 1.000000000000000 -0.000000000000000 -1.000000000000000 0.000000000000000 1.000000000000000 -0.000000000000000 -1.000000000000000 0.000000000000000 1.000000000000000 
0.997732426303855 0.047511067919231 -0.993207562692500 -0.142102264366136 0.979674013705248 0.235404551385684 -0.957254532620898 -0.326571649730531 0.926152470741799 0.414776646944036 -0.886649932937605 -0.499219497699998 0.839105218870939 0.579134280449612 -0.783949573113833 -0.653796144555691 0.721683273632339 
0.990929705215419 0.094374257639564 -0.972953656141217 -0.279698763571224 0.919677701175269 0.454875468556990 -0.833034754783461 -0.613548755182412 0.716168325224907 0.749961769510965 -0.573318464365675 -0.859165286532999 0.409667933597485 0.937197273884901 -0.231154167143218 -0.981226639055038 0.044253854942258 
0.979591836734694 0.139941690962099 -0.939608496459808 -0.408401261379187 0.822922421780041 0.643521953316342 -0.639059006546800 -0.826110240901141 0.403027509146474 0.941260957800134 -0.134095806917865 -0.979574045490953 -0.145782491793836 0.937921904978429 0.413760178930530 -0.819704710998277 -0.647961524930037 
0.963718820861678 0.183565489687939 -0.893789110504368 -0.524056579403889 0.694148508826696 0.788494106575963 -0.393769801559663 -0.938501650027263 0.036245363454039 0.952309407533564 0.326539172749224 -0.827913532200526 -0.641934804063710 0.583366940176256 0.864169828892760 -0.254159386312347 -0.960992452249845 
0.943310657596372 0.224597775618184 -0.836359335873427 -0.622864126034102 0.539757371095283 0.879891445603284 -0.120761444617529 -0.937396895421155 -0.325618029392545 0.782340690948515 0.698161215558504 -0.449882969253989 -0.912391200917547 0.015410968817062 0.919729757497100 0.422555582372034 -0.718512813510417 
0.918367346938775 0.262390670553936 -0.768429820907955 -0.701493425358482 0.367576434988822 0.911537102494952 0.153301909294007 -0.823936011469805 -0.624122487276753 0.467294590168803 0.891147967373212 0.041932819758747 -0.867186356082499 -0.537467880377318 0.560061853009746 0.857503224954316 -0.070060010178708 
0.888888888888889 0.296296296296296 -0.691358024691358 -0.757201646090535 0.186556927297668 0.881572930955648 0.401158360006096 -0.614134024284916 -0.810581042862707 0.073746662376445 0.859745484447004 0.499416993921558 -0.526800821832632 -0.850617541809979 -0.040277539374020 0.823765848893966 0.589454771969997 
0.854875283446712 0.325666774646367 -0.606748217049481 -0.787951130493590 0.006404498578174 0.792830748457913 0.597657024056426 -0.337473015843493 -0.854779321841944 -0.313787419845607 0.615703192435767 0.782894614082383 -0.019212057896809 -0.797532372479952 -0.588431654468868 0.349203492884623 0.854491458571439 
0.816326530612245 0.349854227405248 -0.516451478550604 -0.792526923305766 -0.162857312854338 0.652934940859190 0.722515833590787 -0.033635654924230 -0.751346394954412 -0.610375540750981 0.228167360025000 0.805947563629552 0.462644837371759 -0.409394845882330 -0.813554705270899 -0.287937758635583 0.566750912154685 
0.773242630385487 0.368210776374042 -0.422565700505448 -0.770654300664944 -0.311390776318309 0.474091656552269 0.762906639701423 0.252486095544324 -0.522443691563971 -0.750051516081439 -0.191891085656447 0.567298101170537 0.732174991533149 0.130011414575320 -0.608354596699511 -0.709396744765331 -0.067261350696042 
0.725623582766440 0.380088543353849 -0.327435584967169 -0.723116299033741 -0.430114823544369 0.272519817225355 0.715611774923312 0.477168708884781 -0.215720746567827 -0.703161871955838 -0.520925024052575 0.157430894376950 0.685852627685570 0.561081382246028 -0.098053084380207 -0.663803661120531 -0.597360274888920 
0.673469387755102 0.384839650145773 -0.233652644731362 -0.651871244124472 -0.511343062839463 0.067479172307943 0.588462116905683 0.605048961298553 0.103022410292662 -0.487309063821224 -0.659947054659776 -0.266916141504234 0.354900035797794 0.672516182415999 0.413689886963347 -0.199727740172174 -0.641950161445831 
0.616780045351474 0.381816218550912 -0.144055203336059 -0.560170279824128 -0.549488952636671 -0.120149375821274 0.400732582572236 0.616294478053567 0.362298675970275 -0.167734212566559 -0.569969605814587 -0.537942442251501 -0.096054370306319 0.419017983777011 0.614838540696903 0.342210685657251 -0.191149120359355 
0.555555555555555 0.370370370370370 -0.061728395061728 -0.452674897119342 -0.541838134430727 -0.269775948788295 0.182136869379667 0.512625107961185 0.501363274568579 0.155859258130254 -0.293550930394907 -0.547260498656797 -0.436129734480822 -0.034245813984299 0.390468649168422 0.554870679542196 0.349358923554506 
0.489795918367347 0.349854227405248 0.009995835068721 -0.335574463021360 -0.489387925099236 -0.363551144263262 -0.029970852419710 0.320735640806533 0.488164625000472 0.376642394908427 0.049895939154423 -0.305362481830680 -0.486128056055394 -0.389106169677026 -0.069737900626071 0.289480597354066 0.483281611131881 
0.419501133786848 0.319619911456646 0.067538731289946 -0.216703749491014 -0.397753968609587 -0.389397536009308 -0.195613705309359 0.091319508871237 0.334767242636959 0.418802003718414 0.303407239219672 0.043532836997277 -0.237071487604774 -0.404784627633123 -0.379743183074271 -0.173871651337194 0.114795904846165 
0.344671201814059 0.279019544325667 0.107074727094163 -0.105660462363688 -0.278144047111563 -0.344667994864557 -0.279889849335815 -0.108486999298191 0.104244231424458 0.277263373985409 0.344658374075727 0.280754945946721 0.109897252695155 -0.102826060630756 -0.276377541335427 -0.344642339626602 -0.281614818060023 
0.265306122448980 0.227405247813411 0.124531445231154 -0.013922770274290 -0.148399051415651 -0.240475603581112 -0.263844840437684 -0.211829837169203 -0.099292023280950 0.041614940116146 0.170631920622915 0.250896923808850 0.259477091620829 0.193920947541142 0.072958818449700 -0.068848687341656 -0.190985139606824 
0.181405895691610 0.164129143720980 0.115589697708260 0.045033166417775 -0.034101110857048 -0.106739938444814 -0.159047349185949 -0.181060026748808 -0.168585080169036 -0.123998689747544 -0.055793501278900 0.023039020766677 0.097483157904316 0.153359074488752 0.180023738789615 0.172398167130552 0.131934849351384 
0.092970521541950 0.088543353849476 0.075683485790386 0.055615666703639 0.030251117454642 0.002005509400440 -0.026431099549042 -0.052350460922425 -0.073284064112719 -0.087238232625612 -0.092883998031303 -0.089683668386394 -0.077942036990400 -0.058777354452463 -0.034014828633340 -0.006012795325326 0.022561885156528 
0.000000000000000 0.000000000000000 0.000000000000000 0.000000000000000 0.000000000000000 0.000000000000000 0.000000000000000 0.000000000000000 0.000000000000000 0.000000000000000 0.000000000000000 0.000000000000000 0.000000000000000 0.000000000000000 0.000000000000000 0.000000000000000 0.000000000000000 
******************************************
ASBF INITIAL BASIS PLOT DERIVATIVE VANDERMONDE
43 17
2.000000000000003 -2.000000000000004 1.999999999999986 -2.000000000000003 1.999999999999996 -1.999999999999986 2.000000000000015 -2.000000000000027 1.999999999999993 -2.000000000000016 2.000000000000005 -2.000000000000018 1.999999999999964 -1.999999999999964 2.000000000000071 -2.000000000000044 2.000000000000043 
1.904761904761904 -1.721088435374150 1.196415073966094 -0.406430448218591 -0.533493172671294 1.483110154882719 -2.295489569715719 2.836388731191997 -3.002454710709894 2.736004494315706 -2.034505956068790 0.953476949752728 0.397726721884021 -1.866935732084029 3.275896048133330 -4.440895921627110 5.194978917045145 
1.809523809523808 -1.455782312925169 0.496490659755963 0.788550038307085 -2.013457061909099 2.786646232957187 -2.815565768457130 1.990092363974292 -0.423433693808263 -1.561049173611693 3.496186720791188 -4.876970942758721 5.282730276953155 -4.487288956871677 2.530407781741900 0.268503305584606 -3.361067240394206 
1.714285714285715 -1.204081632653063 -0.104956268221574 1.633069554352354 -2.666745998691021 2.641696912000953 -1.380926071862675 -0.802084755397450 3.179588184025279 -4.847221892350641 5.046705179772104 -3.463008860298561 0.388087590264867 3.316670031657578 -6.461649539617286 7.906361101728608 -6.954414974377011 
1.619047619047619 -0.965986394557825 -0.613108735557715 2.172788087268166 -2.693417719101461 1.631695363720600 0.740961215187697 -3.391126553648500 4.966408155982450 -4.441236283664645 1.669638126741869 2.427329398043543 -6.161109901182016 7.767595423546208 -6.209344853774141 1.732874495131560 4.093023207576261 
1.523809523809523 -0.741496598639456 -1.033149767843645 2.450897516981094 -2.268143711431230 0.209813534647321 2.727222921130117 -4.756809206035743 4.338609232229491 -1.184870376849568 -3.370696474943173 6.927984245678507 -7.273297573418629 3.680992890987955 2.473734804322282 -8.209979911341872 10.384454077539726 
1.428571428571428 -0.530612244897960 -1.370262390670552 2.508121615993335 -1.541619563277208 -1.284583804367224 4.103841572328339 -4.637988718084114 1.880385314750184 2.928053232727648 -6.816603294177968 6.909743351549727 -2.443733672946006 -4.390951359451936 9.494733668659968 -9.312429682743026 3.229776111979081 
1.333333333333333 -0.333333333333334 -1.629629629629629 2.382716049382716 -0.641975308641976 -2.610425240054867 4.662094192958391 -3.241426611796987 -1.365442259818114 6.064742840691626 -7.032600044031229 2.724955357226870 4.493847231708997 -9.589011135133843 8.359992576438060 -0.776708335113405 -8.434122822037930 
1.238095238095239 -0.149659863945579 -1.816434510312061 2.110468374802681 0.323814224966522 -3.610359130034575 4.386452973385499 -1.019022243298239 -4.357395342551957 7.138490019350736 -4.145266732463456 -3.146194228882297 9.116439709868347 -8.332935104900676 0.362491595311804 9.113813068289392 -12.330681527365556 
1.142857142857144 0.020408163265306 -1.935860058309038 1.724698042482300 1.268519069435354 -4.197120247515918 3.393231440252664 1.496065692467097 -6.313118725669307 5.924971957454581 0.516340330506524 -7.834969301638727 8.971742582946202 -1.708650721561344 -8.364031265993805 12.094923370909534 -5.059282820415600 
1.047619047619048 0.176870748299320 -1.993089299211749 1.256256395226269 2.123243768946949 -4.340836657402287 1.879259761499974 3.803311885677510 -6.818019154741213 2.907933354725248 5.177936527035960 -9.374288335915688 4.327884702788478 6.212019140746520 -11.957877043300696 6.119174450141416 6.874920655869804 
0.952380952380952 0.319727891156463 -1.993305258611382 0.733526668414910 2.836017032879450 -4.057276823793863 0.079872819533975 5.507020751259589 -5.829626678488898 -0.999882726302868 8.281998973797364 -7.271517515293230 -2.491340399668698 11.108572640901144 -8.348275420816368 -4.374543338284579 13.933300661094249 
0.857142857142857 0.448979591836735 -1.941690962099126 0.182423990004165 3.370381388707085 -3.397036948890345 -1.764505314233742 6.354501742557982 -3.614939155253213 -4.758675256535482 8.914554742357016 -2.426036945434817 -8.446989630671995 10.591603446468616 0.187262082606413 -12.379223213530196 10.999376189119207 
0.761904761904761 0.564625850340136 -1.843429435266171 -0.373604619474396 3.703982834900507 -2.435668543293454 -3.433896870259417 6.247284968746813 -0.650993264717835 -7.460848744074253 6.963024290370386 3.387093764854067 -11.109456386995396 5.038829842777379 8.865412680315387 -12.970293289098274 0.318308554180708 
0.666666666666667 0.666666666666667 -1.703703703703705 -0.913580246913580 3.827160493827160 -1.264746227709193 -4.747142203932325 5.231824417009605 2.487527307829086 -8.511338041287743 3.039204728276525 8.204692524664067 -9.507833732562357 -2.919738346621091 13.155561047263038 -5.931190763635653 -10.848965569293870 
0.571428571428572 0.755102040816326 -1.527696793002915 -1.418992086630572 3.741536264651633 0.016124233950141 -5.573824317613047 3.475522051845326 5.235683739498186 -7.715586306112077 -1.761366459200323 10.504377360401541 -4.325000529118048 -9.767321198784803 10.981262689178280 4.612437653845281 -15.331947798427072 
0.476190476190477 0.829931972789116 -1.320591728754995 -1.873797440366926 3.458604476236019 1.306357670064150 -5.840462448425518 1.233292035189135 7.127974317749192 -5.278801578616696 -6.178940662209698 9.617476706024041 2.498955788325278 -12.632238054680693 3.485573728650456 12.811900556031823 -10.431589920076343 
0.380952380952381 0.891156462585034 -1.087571536551128 -2.264421717288580 2.998321540040267 2.510501005402822 -5.531691088583747 -1.190729717633101 7.862305709641358 -1.731943635322198 -9.107136473157174 5.854407303928140 8.532713136061794 -10.388834297221955 -5.741795855567846 14.304524757128558 0.800771863572137 
0.285714285714285 0.938775510204082 -0.833819241982507 -2.579758433985841 2.387695603022549 3.543404533825194 -4.687140805033859 -3.482339459766261 7.334315418197932 2.192875787145512 -9.843373272982634 0.351324962728083 11.702142803185088 -3.986359318654351 -12.439026807812128 8.367887335890307 11.687611276697169 
0.190476190476189 0.972789115646259 -0.564517870640319 -2.811169214473395 1.659376200539604 4.334452959578293 -3.394737225192308 -5.353905854822872 5.641626326951964 5.711647014424691 -8.229482630626217 -5.290763442084379 10.955577668851147 4.023322610450564 -13.596319380516290 -1.895855824638657 15.919888053795638 
0.095238095238094 0.993197278911565 -0.284850448115753 -2.952483790190302 0.850243909247102 4.830856207196312 -1.781134555560976 -6.575733410003729 3.060538179784299 8.136558524841202 -4.665001809371534 -9.465572504109598 6.564923900401017 10.518552094194240 -8.724959327413979 -11.255502733049143 11.104504257768141 
-0.000000000000001 1.000000000000000 0.000000000000001 -3.000000000000000 -0.000000000000000 5.000000000000000 0.000000000000001 -7.000000000000001 -0.000000000000000 9.000000000000002 0.000000000000001 -11.000000000000002 -0.000000000000001 13.000000000000002 0.000000000000001 -15.000000000000002 -0.000000000000001 
-0.095238095238095 0.993197278911565 0.284850448115755 -2.952483790190301 -0.850243909247103 4.830856207196312 1.781134555560978 -6.575733410003729 -3.060538179784300 8.136558524841204 4.665001809371534 -9.465572504109602 -6.564923900401019 10.518552094194240 8.724959327413979 -11.255502733049143 -11.104504257768143 
-0.190476190476190 0.972789115646259 0.564517870640320 -2.811169214473393 -1.659376200539605 4.334452959578293 3.394737225192311 -5.353905854822869 -5.641626326951966 5.711647014424688 8.229482630626219 -5.290763442084380 -10.955577668851150 4.023322610450554 13.596319380516293 -1.895855824638644 -15.919888053795640 
-0.285714285714284 0.938775510204082 0.833819241982506 -2.579758433985840 -2.387695603022548 3.543404533825194 4.687140805033859 -3.482339459766263 -7.334315418197931 2.192875787145520 9.843373272982632 0.351324962728072 -11.702142803185087 -3.986359318654340 12.439026807812132 8.367887335890295 -11.687611276697178 
-0.380952380952380 0.891156462585034 1.087571536551126 -2.264421717288580 -2.998321540040267 2.510501005402823 5.531691088583745 -1.190729717633102 -7.862305709641356 -1.731943635322196 9.107136473157173 5.854407303928136 -8.532713136061792 -10.388834297221955 5.741795855567844 14.304524757128558 -0.800771863572139 
-0.476190476190475 0.829931972789116 1.320591728754992 -1.873797440366926 -3.458604476236018 1.306357670064151 5.840462448425516 1.233292035189133 -7.127974317749191 -5.278801578616696 6.178940662209697 9.617476706024041 -2.498955788325275 -12.632238054680693 -3.485573728650457 12.811900556031819 10.431589920076343 
-0.571428571428571 0.755102040816326 1.527696793002914 -1.418992086630571 -3.741536264651633 0.016124233950138 5.573824317613044 3.475522051845333 -5.235683739498177 -7.715586306112083 1.761366459200305 10.504377360401541 4.325000529118070 -9.767321198784785 -10.981262689178299 4.612437653845240 15.331947798427070 
-0.666666666666667 0.666666666666667 1.703703703703703 -0.913580246913581 -3.827160493827160 -1.264746227709189 4.747142203932329 5.231824417009601 -2.487527307829096 -8.511338041287745 -3.039204728276510 8.204692524664082 9.507833732562341 -2.919738346621118 -13.155561047263044 -5.931190763635618 10.848965569293895 
-0.761904761904763 0.564625850340136 1.843429435266172 -0.373604619474396 -3.703982834900507 -2.435668543293454 3.433896870259418 6.247284968746813 0.650993264717836 -7.460848744074255 -6.963024290370386 3.387093764854071 11.109456386995394 5.038829842777379 -8.865412680315391 -12.970293289098274 -0.318308554180709 
-0.857142857142858 0.448979591836734 1.941690962099128 0.182423990004166 -3.370381388707085 -3.397036948890347 1.764505314233743 6.354501742557984 3.614939155253212 -4.758675256535481 -8.914554742357019 -2.426036945434816 8.446989630671995 10.591603446468612 -0.187262082606412 -12.379223213530192 -10.999376189119207 
-0.952380952380953 0.319727891156462 1.993305258611383 0.733526668414910 -2.836017032879449 -4.057276823793864 -0.079872819533977 5.507020751259587 5.829626678488897 -0.999882726302861 -8.281998973797361 -7.271517515293238 2.491340399668687 11.108572640901144 8.348275420816371 -4.374543338284566 -13.933300661094245 
-1.047619047619048 0.176870748299320 1.993089299211749 1.256256395226268 -2.123243768946950 -4.340836657402287 -1.879259761499974 3.803311885677509 6.818019154741212 2.907933354725247 -5.177936527035960 -9.374288335915690 -4.327884702788476 6.212019140746522 11.957877043300696 6.119174450141416 -6.874920655869803 
-1.142857142857143 0.020408163265307 1.935860058309038 1.724698042482298 -1.268519069435355 -4.197120247515915 -3.393231440252664 1.496065692467095 6.313118725669308 5.924971957454576 -0.516340330506521 -7.834969301638729 -8.971742582946202 -1.708650721561343 8.364031265993805 12.094923370909534 5.059282820415600 
-1.238095238095238 -0.149659863945578 1.816434510312060 2.110468374802680 -0.323814224966523 -3.610359130034574 -4.386452973385500 -1.019022243298239 4.357395342551953 7.138490019350732 4.145266732463456 -3.146194228882297 -9.116439709868347 -8.332935104900674 -0.362491595311806 9.113813068289392 12.330681527365556 
-1.333333333333333 -0.333333333333333 1.629629629629628 2.382716049382719 0.641975308641975 -2.610425240054869 -4.662094192958390 -3.241426611796985 1.365442259818113 6.064742840691624 7.032600044031230 2.724955357226870 -4.493847231709000 -9.589011135133848 -8.359992576438062 -0.776708335113405 8.434122822037930 
-1.428571428571427 -0.530612244897959 1.370262390670554 2.508121615993339 1.541619563277203 -1.284583804367233 -4.103841572328343 -4.637988718084106 -1.880385314750172 2.928053232727665 6.816603294177976 6.909743351549718 2.443733672945966 -4.390951359451973 -9.494733668659981 -9.312429682743009 -3.229776111979024 
-1.523809523809523 -0.741496598639457 1.033149767843647 2.450897516981095 2.268143711431228 0.209813534647322 -2.727222921130118 -4.756809206035744 -4.338609232229495 -1.184870376849566 3.370696474943171 6.927984245678510 7.273297573418633 3.680992890987953 -2.473734804322280 -8.209979911341875 -10.384454077539726 
-1.619047619047618 -0.965986394557823 0.613108735557716 2.172788087268165 2.693417719101461 1.631695363720602 -0.740961215187700 -3.391126553648506 -4.966408155982451 -4.441236283664645 -1.669638126741877 2.427329398043547 6.161109901182017 7.767595423546206 6.209344853774140 1.732874495131558 -4.093023207576261 
-1.714285714285714 -1.204081632653061 0.104956268221574 1.633069554352352 2.666745998691021 2.641696912000954 1.380926071862673 -0.802084755397450 -3.179588184025280 -4.847221892350644 -5.046705179772103 -3.463008860298561 -0.388087590264877 3.316670031657582 6.461649539617287 7.906361101728614 6.954414974377011 
-1.809523809523808 -1.455782312925169 -0.496490659755966 0.788550038307090 2.013457061909097 2.786646232957185 2.815565768457132 1.990092363974297 0.423433693808267 -1.561049173611702 -3.496186720791187 -4.876970942758727 -5.282730276953157 -4.487288956871678 -2.530407781741900 0.268503305584604 3.361067240394204 
-1.904761904761905 -1.721088435374149 -1.196415073966094 -0.406430448218591 0.533493172671291 1.483110154882721 2.295489569715718 2.836388731191993 3.002454710709892 2.736004494315704 2.034505956068795 0.953476949752718 -0.397726721884016 -1.866935732084029 -3.275896048133337 -4.440895921627107 -5.194978917045145 
-2.000000000000003 -1.999999999999997 -1.999999999999992 -1.999999999999982 -1.999999999999992 -2.000000000000012 -2.000000000000006 -1.999999999999989 -1.999999999999999 -1.999999999999998 -1.999999999999992 -1.999999999999992 -1.999999999999962 -1.999999999999985 -2.000000000000056 -2.000000000000044 -2.000000000000041 
