% degree N
4
% number of nodes
25
% node coordinates
-1.000000000000000E+00 -1.000000000000000E+00
-6.546536707079772E-01 -1.000000000000000E+00
-3.165870343657673E-17 -1.000000000000000E+00
6.546536707079773E-01 -1.000000000000000E+00
1.000000000000000E+00 -1.000000000000000E+00
-1.000000000000000E+00 -6.546536707079772E-01
-6.546536707079772E-01 -6.546536707079772E-01
-3.165870343657673E-17 -6.546536707079772E-01
6.546536707079773E-01 -6.546536707079772E-01
1.000000000000000E+00 -6.546536707079772E-01
-1.000000000000000E+00 -3.165870343657673E-17
-6.546536707079772E-01 -3.165870343657673E-17
-3.165870343657673E-17 -3.165870343657673E-17
6.546536707079773E-01 -3.165870343657673E-17
1.000000000000000E+00 -3.165870343657673E-17
-1.000000000000000E+00 6.546536707079773E-01
-6.546536707079772E-01 6.546536707079773E-01
-3.165870343657673E-17 6.546536707079773E-01
6.546536707079773E-01 6.546536707079773E-01
1.000000000000000E+00 6.546536707079773E-01
-1.000000000000000E+00 1.000000000000000E+00
-6.546536707079772E-01 1.000000000000000E+00
-3.165870343657673E-17 1.000000000000000E+00
6.546536707079773E-01 1.000000000000000E+00
1.000000000000000E+00 1.000000000000000E+00
% r collocation differentation matrix
-5.000000000000002E+00 6.756502488724239E+00 -2.666666666666666E+00 1.410164177942428E+00 -5.000000000000012E-01 0.000000000000000E+00 0.000000000000000E+00 0.000000000000000E+00 0.000000000000000E+00 0.000000000000000E+00 0.000000000000000E+00 0.000000000000000E+00 0.000000000000000E+00 0.000000000000000E+00 0.000000000000000E+00 0.000000000000000E+00 0.000000000000000E+00 0.000000000000000E+00 0.000000000000000E+00 0.000000000000000E+00 0.000000000000000E+00 0.000000000000000E+00 0.000000000000000E+00 0.000000000000000E+00 0.000000000000000E+00 
-1.240990253030983E+00 0.000000000000000E+00 1.745743121887938E+00 -7.637626158259733E-01 2.590097469690174E-01 0.000000000000000E+00 0.000000000000000E+00 0.000000000000000E+00 0.000000000000000E+00 0.000000000000000E+00 0.000000000000000E+00 0.000000000000000E+00 0.000000000000000E+00 0.000000000000000E+00 0.000000000000000E+00 0.000000000000000E+00 0.000000000000000E+00 0.000000000000000E+00 0.000000000000000E+00 0.000000000000000E+00 0.000000000000000E+00 0.000000000000000E+00 0.000000000000000E+00 0.000000000000000E+00 0.000000000000000E+00 
3.750000000000001E-01 -1.336584577695454E+00 0.000000000000000E+00 1.336584577695453E+00 -3.750000000000002E-01 0.000000000000000E+00 0.000000000000000E+00 0.000000000000000E+00 0.000000000000000E+00 0.000000000000000E+00 0.000000000000000E+00 0.000000000000000E+00 0.000000000000000E+00 0.000000000000000E+00 0.000000000000000E+00 0.000000000000000E+00 0.000000000000000E+00 0.000000000000000E+00 0.000000000000000E+00 0.000000000000000E+00 0.000000000000000E+00 0.000000000000000E+00 0.000000000000000E+00 0.000000000000000E+00 0.000000000000000E+00 
-2.590097469690175E-01 7.637626158259733E-01 -1.745743121887938E+00 0.000000000000000E+00 1.240990253030984E+00 0.000000000000000E+00 0.000000000000000E+00 0.000000000000000E+00 0.000000000000000E+00 0.000000000000000E+00 0.000000000000000E+00 0.000000000000000E+00 0.000000000000000E+00 0.000000000000000E+00 0.000000000000000E+00 0.000000000000000E+00 0.000000000000000E+00 0.000000000000000E+00 0.000000000000000E+00 0.000000000000000E+00 0.000000000000000E+00 0.000000000000000E+00 0.000000000000000E+00 0.000000000000000E+00 0.000000000000000E+00 
4.999999999999999E-01 -1.410164177942426E+00 2.666666666666663E+00 -6.756502488724238E+00 5.000000000000001E+00 0.000000000000000E+00 0.000000000000000E+00 0.000000000000000E+00 0.000000000000000E+00 0.000000000000000E+00 0.000000000000000E+00 0.000000000000000E+00 0.000000000000000E+00 0.000000000000000E+00 0.000000000000000E+00 0.000000000000000E+00 0.000000000000000E+00 0.000000000000000E+00 0.000000000000000E+00 0.000000000000000E+00 0.000000000000000E+00 0.000000000000000E+00 0.000000000000000E+00 0.000000000000000E+00 0.000000000000000E+00 
0.000000000000000E+00 0.000000000000000E+00 0.000000000000000E+00 0.000000000000000E+00 0.000000000000000E+00 -4.999999999999999E+00 6.756502488724238E+00 -2.666666666666667E+00 1.410164177942427E+00 -5.000000000000000E-01 0.000000000000000E+00 0.000000000000000E+00 0.000000000000000E+00 0.000000000000000E+00 0.000000000000000E+00 0.000000000000000E+00 0.000000000000000E+00 0.000000000000000E+00 0.000000000000000E+00 0.000000000000000E+00 0.000000000000000E+00 0.000000000000000E+00 0.000000000000000E+00 0.000000000000000E+00 0.000000000000000E+00 
0.000000000000000E+00 0.000000000000000E+00 0.000000000000000E+00 0.000000000000000E+00 0.000000000000000E+00 -1.240990253030983E+00 0.000000000000000E+00 1.745743121887939E+00 -7.637626158259733E-01 2.590097469690174E-01 0.000000000000000E+00 0.000000000000000E+00 0.000000000000000E+00 0.000000000000000E+00 0.000000000000000E+00 0.000000000000000E+00 0.000000000000000E+00 0.000000000000000E+00 0.000000000000000E+00 0.000000000000000E+00 0.000000000000000E+00 0.000000000000000E+00 0.000000000000000E+00 0.000000000000000E+00 0.000000000000000E+00 
0.000000000000000E+00 0.000000000000000E+00 0.000000000000000E+00 0.000000000000000E+00 0.000000000000000E+00 3.750000000000000E-01 -1.336584577695453E+00 0.000000000000000E+00 1.336584577695454E+00 -3.750000000000003E-01 0.000000000000000E+00 0.000000000000000E+00 0.000000000000000E+00 0.000000000000000E+00 0.000000000000000E+00 0.000000000000000E+00 0.000000000000000E+00 0.000000000000000E+00 0.000000000000000E+00 0.000000000000000E+00 0.000000000000000E+00 0.000000000000000E+00 0.000000000000000E+00 0.000000000000000E+00 0.000000000000000E+00 
0.000000000000000E+00 0.000000000000000E+00 0.000000000000000E+00 0.000000000000000E+00 0.000000000000000E+00 -2.590097469690176E-01 7.637626158259733E-01 -1.745743121887938E+00 0.000000000000000E+00 1.240990253030984E+00 0.000000000000000E+00 0.000000000000000E+00 0.000000000000000E+00 0.000000000000000E+00 0.000000000000000E+00 0.000000000000000E+00 0.000000000000000E+00 0.000000000000000E+00 0.000000000000000E+00 0.000000000000000E+00 0.000000000000000E+00 0.000000000000000E+00 0.000000000000000E+00 0.000000000000000E+00 0.000000000000000E+00 
0.000000000000000E+00 0.000000000000000E+00 0.000000000000000E+00 0.000000000000000E+00 0.000000000000000E+00 5.000000000000004E-01 -1.410164177942427E+00 2.666666666666665E+00 -6.756502488724238E+00 4.999999999999999E+00 0.000000000000000E+00 0.000000000000000E+00 0.000000000000000E+00 0.000000000000000E+00 0.000000000000000E+00 0.000000000000000E+00 0.000000000000000E+00 0.000000000000000E+00 0.000000000000000E+00 0.000000000000000E+00 0.000000000000000E+00 0.000000000000000E+00 0.000000000000000E+00 0.000000000000000E+00 0.000000000000000E+00 
0.000000000000000E+00 0.000000000000000E+00 0.000000000000000E+00 0.000000000000000E+00 0.000000000000000E+00 0.000000000000000E+00 0.000000000000000E+00 0.000000000000000E+00 0.000000000000000E+00 0.000000000000000E+00 -4.999999999999997E+00 6.756502488724236E+00 -2.666666666666664E+00 1.410164177942425E+00 -4.999999999999993E-01 0.000000000000000E+00 0.000000000000000E+00 0.000000000000000E+00 0.000000000000000E+00 0.000000000000000E+00 0.000000000000000E+00 0.000000000000000E+00 0.000000000000000E+00 0.000000000000000E+00 0.000000000000000E+00 
0.000000000000000E+00 0.000000000000000E+00 0.000000000000000E+00 0.000000000000000E+00 0.000000000000000E+00 0.000000000000000E+00 0.000000000000000E+00 0.000000000000000E+00 0.000000000000000E+00 0.000000000000000E+00 -1.240990253030983E+00 0.000000000000000E+00 1.745743121887939E+00 -7.637626158259736E-01 2.590097469690174E-01 0.000000000000000E+00 0.000000000000000E+00 0.000000000000000E+00 0.000000000000000E+00 0.000000000000000E+00 0.000000000000000E+00 0.000000000000000E+00 0.000000000000000E+00 0.000000000000000E+00 0.000000000000000E+00 
0.000000000000000E+00 0.000000000000000E+00 0.000000000000000E+00 0.000000000000000E+00 0.000000000000000E+00 0.000000000000000E+00 0.000000000000000E+00 0.000000000000000E+00 0.000000000000000E+00 0.000000000000000E+00 3.750000000000001E-01 -1.336584577695453E+00 0.000000000000000E+00 1.336584577695454E+00 -3.750000000000004E-01 0.000000000000000E+00 0.000000000000000E+00 0.000000000000000E+00 0.000000000000000E+00 0.000000000000000E+00 0.000000000000000E+00 0.000000000000000E+00 0.000000000000000E+00 0.000000000000000E+00 0.000000000000000E+00 
0.000000000000000E+00 0.000000000000000E+00 0.000000000000000E+00 0.000000000000000E+00 0.000000000000000E+00 0.000000000000000E+00 0.000000000000000E+00 0.000000000000000E+00 0.000000000000000E+00 0.000000000000000E+00 -2.590097469690169E-01 7.637626158259727E-01 -1.745743121887938E+00 0.000000000000000E+00 1.240990253030984E+00 0.000000000000000E+00 0.000000000000000E+00 0.000000000000000E+00 0.000000000000000E+00 0.000000000000000E+00 0.000000000000000E+00 0.000000000000000E+00 0.000000000000000E+00 0.000000000000000E+00 0.000000000000000E+00 
0.000000000000000E+00 0.000000000000000E+00 0.000000000000000E+00 0.000000000000000E+00 0.000000000000000E+00 0.000000000000000E+00 0.000000000000000E+00 0.000000000000000E+00 0.000000000000000E+00 0.000000000000000E+00 5.000000000000007E-01 -1.410164177942429E+00 2.666666666666667E+00 -6.756502488724238E+00 5.000000000000000E+00 0.000000000000000E+00 0.000000000000000E+00 0.000000000000000E+00 0.000000000000000E+00 0.000000000000000E+00 0.000000000000000E+00 0.000000000000000E+00 0.000000000000000E+00 0.000000000000000E+00 0.000000000000000E+00 
0.000000000000000E+00 0.000000000000000E+00 0.000000000000000E+00 0.000000000000000E+00 0.000000000000000E+00 0.000000000000000E+00 0.000000000000000E+00 0.000000000000000E+00 0.000000000000000E+00 0.000000000000000E+00 0.000000000000000E+00 0.000000000000000E+00 0.000000000000000E+00 0.000000000000000E+00 0.000000000000000E+00 -5.000000000000000E+00 6.756502488724239E+00 -2.666666666666664E+00 1.410164177942426E+00 -4.999999999999999E-01 0.000000000000000E+00 0.000000000000000E+00 0.000000000000000E+00 0.000000000000000E+00 0.000000000000000E+00 
0.000000000000000E+00 0.000000000000000E+00 0.000000000000000E+00 0.000000000000000E+00 0.000000000000000E+00 0.000000000000000E+00 0.000000000000000E+00 0.000000000000000E+00 0.000000000000000E+00 0.000000000000000E+00 0.000000000000000E+00 0.000000000000000E+00 0.000000000000000E+00 0.000000000000000E+00 0.000000000000000E+00 -1.240990253030983E+00 0.000000000000000E+00 1.745743121887938E+00 -7.637626158259730E-01 2.590097469690173E-01 0.000000000000000E+00 0.000000000000000E+00 0.000000000000000E+00 0.000000000000000E+00 0.000000000000000E+00 
0.000000000000000E+00 0.000000000000000E+00 0.000000000000000E+00 0.000000000000000E+00 0.000000000000000E+00 0.000000000000000E+00 0.000000000000000E+00 0.000000000000000E+00 0.000000000000000E+00 0.000000000000000E+00 0.000000000000000E+00 0.000000000000000E+00 0.000000000000000E+00 0.000000000000000E+00 0.000000000000000E+00 3.750000000000006E-01 -1.336584577695454E+00 0.000000000000000E+00 1.336584577695454E+00 -3.750000000000004E-01 0.000000000000000E+00 0.000000000000000E+00 0.000000000000000E+00 0.000000000000000E+00 0.000000000000000E+00 
0.000000000000000E+00 0.000000000000000E+00 0.000000000000000E+00 0.000000000000000E+00 0.000000000000000E+00 0.000000000000000E+00 0.000000000000000E+00 0.000000000000000E+00 0.000000000000000E+00 0.000000000000000E+00 0.000000000000000E+00 0.000000000000000E+00 0.000000000000000E+00 0.000000000000000E+00 0.000000000000000E+00 -2.590097469690177E-01 7.637626158259734E-01 -1.745743121887938E+00 0.000000000000000E+00 1.240990253030984E+00 0.000000000000000E+00 0.000000000000000E+00 0.000000000000000E+00 0.000000000000000E+00 0.000000000000000E+00 
0.000000000000000E+00 0.000000000000000E+00 0.000000000000000E+00 0.000000000000000E+00 0.000000000000000E+00 0.000000000000000E+00 0.000000000000000E+00 0.000000000000000E+00 0.000000000000000E+00 0.000000000000000E+00 0.000000000000000E+00 0.000000000000000E+00 0.000000000000000E+00 0.000000000000000E+00 0.000000000000000E+00 5.000000000000006E-01 -1.410164177942428E+00 2.666666666666667E+00 -6.756502488724240E+00 5.000000000000000E+00 0.000000000000000E+00 0.000000000000000E+00 0.000000000000000E+00 0.000000000000000E+00 0.000000000000000E+00 
0.000000000000000E+00 0.000000000000000E+00 0.000000000000000E+00 0.000000000000000E+00 0.000000000000000E+00 0.000000000000000E+00 0.000000000000000E+00 0.000000000000000E+00 0.000000000000000E+00 0.000000000000000E+00 0.000000000000000E+00 0.000000000000000E+00 0.000000000000000E+00 0.000000000000000E+00 0.000000000000000E+00 0.000000000000000E+00 0.000000000000000E+00 0.000000000000000E+00 0.000000000000000E+00 0.000000000000000E+00 -4.999999999999999E+00 6.756502488724238E+00 -2.666666666666665E+00 1.410164177942427E+00 -5.000000000000008E-01 
0.000000000000000E+00 0.000000000000000E+00 0.000000000000000E+00 0.000000000000000E+00 0.000000000000000E+00 0.000000000000000E+00 0.000000000000000E+00 0.000000000000000E+00 0.000000000000000E+00 0.000000000000000E+00 0.000000000000000E+00 0.000000000000000E+00 0.000000000000000E+00 0.000000000000000E+00 0.000000000000000E+00 0.000000000000000E+00 0.000000000000000E+00 0.000000000000000E+00 0.000000000000000E+00 0.000000000000000E+00 -1.240990253030983E+00 0.000000000000000E+00 1.745743121887938E+00 -7.637626158259729E-01 2.590097469690173E-01 
0.000000000000000E+00 0.000000000000000E+00 0.000000000000000E+00 0.000000000000000E+00 0.000000000000000E+00 0.000000000000000E+00 0.000000000000000E+00 0.000000000000000E+00 0.000000000000000E+00 0.000000000000000E+00 0.000000000000000E+00 0.000000000000000E+00 0.000000000000000E+00 0.000000000000000E+00 0.000000000000000E+00 0.000000000000000E+00 0.000000000000000E+00 0.000000000000000E+00 0.000000000000000E+00 0.000000000000000E+00 3.750000000000000E-01 -1.336584577695454E+00 0.000000000000000E+00 1.336584577695453E+00 -3.749999999999999E-01 
0.000000000000000E+00 0.000000000000000E+00 0.000000000000000E+00 0.000000000000000E+00 0.000000000000000E+00 0.000000000000000E+00 0.000000000000000E+00 0.000000000000000E+00 0.000000000000000E+00 0.000000000000000E+00 0.000000000000000E+00 0.000000000000000E+00 0.000000000000000E+00 0.000000000000000E+00 0.000000000000000E+00 0.000000000000000E+00 0.000000000000000E+00 0.000000000000000E+00 0.000000000000000E+00 0.000000000000000E+00 -2.590097469690171E-01 7.637626158259733E-01 -1.745743121887938E+00 0.000000000000000E+00 1.240990253030984E+00 
0.000000000000000E+00 0.000000000000000E+00 0.000000000000000E+00 0.000000000000000E+00 0.000000000000000E+00 0.000000000000000E+00 0.000000000000000E+00 0.000000000000000E+00 0.000000000000000E+00 0.000000000000000E+00 0.000000000000000E+00 0.000000000000000E+00 0.000000000000000E+00 0.000000000000000E+00 0.000000000000000E+00 0.000000000000000E+00 0.000000000000000E+00 0.000000000000000E+00 0.000000000000000E+00 0.000000000000000E+00 4.999999999999996E-01 -1.410164177942426E+00 2.666666666666663E+00 -6.756502488724237E+00 5.000000000000000E+00 
% s collocation differentation matrix
-4.999999999999999E+00 0.000000000000000E+00 0.000000000000000E+00 0.000000000000000E+00 0.000000000000000E+00 6.756502488724237E+00 0.000000000000000E+00 0.000000000000000E+00 0.000000000000000E+00 0.000000000000000E+00 -2.666666666666665E+00 0.000000000000000E+00 0.000000000000000E+00 0.000000000000000E+00 0.000000000000000E+00 1.410164177942427E+00 0.000000000000000E+00 0.000000000000000E+00 0.000000000000000E+00 0.000000000000000E+00 -5.000000000000002E-01 0.000000000000000E+00 0.000000000000000E+00 0.000000000000000E+00 0.000000000000000E+00 
0.000000000000000E+00 -5.000000000000000E+00 0.000000000000000E+00 0.000000000000000E+00 0.000000000000000E+00 0.000000000000000E+00 6.756502488724236E+00 0.000000000000000E+00 0.000000000000000E+00 0.000000000000000E+00 0.000000000000000E+00 -2.666666666666664E+00 0.000000000000000E+00 0.000000000000000E+00 0.000000000000000E+00 0.000000000000000E+00 1.410164177942426E+00 0.000000000000000E+00 0.000000000000000E+00 0.000000000000000E+00 0.000000000000000E+00 -5.000000000000006E-01 0.000000000000000E+00 0.000000000000000E+00 0.000000000000000E+00 
0.000000000000000E+00 0.000000000000000E+00 -5.000000000000000E+00 0.000000000000000E+00 0.000000000000000E+00 0.000000000000000E+00 0.000000000000000E+00 6.756502488724239E+00 0.000000000000000E+00 0.000000000000000E+00 0.000000000000000E+00 0.000000000000000E+00 -2.666666666666667E+00 0.000000000000000E+00 0.000000000000000E+00 0.000000000000000E+00 0.000000000000000E+00 1.410164177942427E+00 0.000000000000000E+00 0.000000000000000E+00 0.000000000000000E+00 0.000000000000000E+00 -4.999999999999999E-01 0.000000000000000E+00 0.000000000000000E+00 
0.000000000000000E+00 0.000000000000000E+00 0.000000000000000E+00 -5.000000000000000E+00 0.000000000000000E+00 0.000000000000000E+00 0.000000000000000E+00 0.000000000000000E+00 6.756502488724239E+00 0.000000000000000E+00 0.000000000000000E+00 0.000000000000000E+00 0.000000000000000E+00 -2.666666666666666E+00 0.000000000000000E+00 0.000000000000000E+00 0.000000000000000E+00 0.000000000000000E+00 1.410164177942428E+00 0.000000000000000E+00 0.000000000000000E+00 0.000000000000000E+00 0.000000000000000E+00 -5.000000000000002E-01 0.000000000000000E+00 
0.000000000000000E+00 0.000000000000000E+00 0.000000000000000E+00 0.000000000000000E+00 -5.000000000000000E+00 0.000000000000000E+00 0.000000000000000E+00 0.000000000000000E+00 0.000000000000000E+00 6.756502488724239E+00 0.000000000000000E+00 0.000000000000000E+00 0.000000000000000E+00 0.000000000000000E+00 -2.666666666666665E+00 0.000000000000000E+00 0.000000000000000E+00 0.000000000000000E+00 0.000000000000000E+00 1.410164177942426E+00 0.000000000000000E+00 0.000000000000000E+00 0.000000000000000E+00 0.000000000000000E+00 -5.000000000000000E-01 
-1.240990253030983E+00 0.000000000000000E+00 0.000000000000000E+00 0.000000000000000E+00 0.000000000000000E+00 0.000000000000000E+00 0.000000000000000E+00 0.000000000000000E+00 0.000000000000000E+00 0.000000000000000E+00 1.745743121887938E+00 0.000000000000000E+00 0.000000000000000E+00 0.000000000000000E+00 0.000000000000000E+00 -7.637626158259730E-01 0.000000000000000E+00 0.000000000000000E+00 0.000000000000000E+00 0.000000000000000E+00 2.590097469690171E-01 0.000000000000000E+00 0.000000000000000E+00 0.000000000000000E+00 0.000000000000000E+00 
0.000000000000000E+00 -1.240990253030983E+00 0.000000000000000E+00 0.000000000000000E+00 0.000000000000000E+00 0.000000000000000E+00 0.000000000000000E+00 0.000000000000000E+00 0.000000000000000E+00 0.000000000000000E+00 0.000000000000000E+00 1.745743121887938E+00 0.000000000000000E+00 0.000000000000000E+00 0.000000000000000E+00 0.000000000000000E+00 -7.637626158259736E-01 0.000000000000000E+00 0.000000000000000E+00 0.000000000000000E+00 0.000000000000000E+00 2.590097469690179E-01 0.000000000000000E+00 0.000000000000000E+00 0.000000000000000E+00 
0.000000000000000E+00 0.000000000000000E+00 -1.240990253030983E+00 0.000000000000000E+00 0.000000000000000E+00 0.000000000000000E+00 0.000000000000000E+00 0.000000000000000E+00 0.000000000000000E+00 0.000000000000000E+00 0.000000000000000E+00 0.000000000000000E+00 1.745743121887939E+00 0.000000000000000E+00 0.000000000000000E+00 0.000000000000000E+00 0.000000000000000E+00 -7.637626158259732E-01 0.000000000000000E+00 0.000000000000000E+00 0.000000000000000E+00 0.000000000000000E+00 2.590097469690171E-01 0.000000000000000E+00 0.000000000000000E+00 
0.000000000000000E+00 0.000000000000000E+00 0.000000000000000E+00 -1.240990253030983E+00 0.000000000000000E+00 0.000000000000000E+00 0.000000000000000E+00 0.000000000000000E+00 0.000000000000000E+00 0.000000000000000E+00 0.000000000000000E+00 0.000000000000000E+00 0.000000000000000E+00 1.745743121887939E+00 0.000000000000000E+00 0.000000000000000E+00 0.000000000000000E+00 0.000000000000000E+00 -7.637626158259734E-01 0.000000000000000E+00 0.000000000000000E+00 0.000000000000000E+00 0.000000000000000E+00 2.590097469690169E-01 0.000000000000000E+00 
0.000000000000000E+00 0.000000000000000E+00 0.000000000000000E+00 0.000000000000000E+00 -1.240990253030983E+00 0.000000000000000E+00 0.000000000000000E+00 0.000000000000000E+00 0.000000000000000E+00 0.000000000000000E+00 0.000000000000000E+00 0.000000000000000E+00 0.000000000000000E+00 0.000000000000000E+00 1.745743121887938E+00 0.000000000000000E+00 0.000000000000000E+00 0.000000000000000E+00 0.000000000000000E+00 -7.637626158259728E-01 0.000000000000000E+00 0.000000000000000E+00 0.000000000000000E+00 0.000000000000000E+00 2.590097469690172E-01 
3.749999999999999E-01 0.000000000000000E+00 0.000000000000000E+00 0.000000000000000E+00 0.000000000000000E+00 -1.336584577695453E+00 0.000000000000000E+00 0.000000000000000E+00 0.000000000000000E+00 0.000000000000000E+00 0.000000000000000E+00 0.000000000000000E+00 0.000000000000000E+00 0.000000000000000E+00 0.000000000000000E+00 1.336584577695453E+00 0.000000000000000E+00 0.000000000000000E+00 0.000000000000000E+00 0.000000000000000E+00 -3.750000000000002E-01 0.000000000000000E+00 0.000000000000000E+00 0.000000000000000E+00 0.000000000000000E+00 
0.000000000000000E+00 3.750000000000001E-01 0.000000000000000E+00 0.000000000000000E+00 0.000000000000000E+00 0.000000000000000E+00 -1.336584577695454E+00 0.000000000000000E+00 0.000000000000000E+00 0.000000000000000E+00 0.000000000000000E+00 0.000000000000000E+00 0.000000000000000E+00 0.000000000000000E+00 0.000000000000000E+00 0.000000000000000E+00 1.336584577695454E+00 0.000000000000000E+00 0.000000000000000E+00 0.000000000000000E+00 0.000000000000000E+00 -3.750000000000004E-01 0.000000000000000E+00 0.000000000000000E+00 0.000000000000000E+00 
0.000000000000000E+00 0.000000000000000E+00 3.750000000000001E-01 0.000000000000000E+00 0.000000000000000E+00 0.000000000000000E+00 0.000000000000000E+00 -1.336584577695454E+00 0.000000000000000E+00 0.000000000000000E+00 0.000000000000000E+00 0.000000000000000E+00 0.000000000000000E+00 0.000000000000000E+00 0.000000000000000E+00 0.000000000000000E+00 0.000000000000000E+00 1.336584577695453E+00 0.000000000000000E+00 0.000000000000000E+00 0.000000000000000E+00 0.000000000000000E+00 -3.750000000000001E-01 0.000000000000000E+00 0.000000000000000E+00 
0.000000000000000E+00 0.000000000000000E+00 0.000000000000000E+00 3.750000000000004E-01 0.000000000000000E+00 0.000000000000000E+00 0.000000000000000E+00 0.000000000000000E+00 -1.336584577695454E+00 0.000000000000000E+00 0.000000000000000E+00 0.000000000000000E+00 0.000000000000000E+00 0.000000000000000E+00 0.000000000000000E+00 0.000000000000000E+00 0.000000000000000E+00 0.000000000000000E+00 1.336584577695454E+00 0.000000000000000E+00 0.000000000000000E+00 0.000000000000000E+00 0.000000000000000E+00 -3.750000000000006E-01 0.000000000000000E+00 
0.000000000000000E+00 0.000000000000000E+00 0.000000000000000E+00 0.000000000000000E+00 3.750000000000003E-01 0.000000000000000E+00 0.000000000000000E+00 0.000000000000000E+00 0.000000000000000E+00 -1.336584577695453E+00 0.000000000000000E+00 0.000000000000000E+00 0.000000000000000E+00 0.000000000000000E+00 0.000000000000000E+00 0.000000000000000E+00 0.000000000000000E+00 0.000000000000000E+00 0.000000000000000E+00 1.336584577695453E+00 0.000000000000000E+00 0.000000000000000E+00 0.000000000000000E+00 0.000000000000000E+00 -3.750000000000003E-01 
-2.590097469690171E-01 0.000000000000000E+00 0.000000000000000E+00 0.000000000000000E+00 0.000000000000000E+00 7.637626158259733E-01 0.000000000000000E+00 0.000000000000000E+00 0.000000000000000E+00 0.000000000000000E+00 -1.745743121887939E+00 0.000000000000000E+00 0.000000000000000E+00 0.000000000000000E+00 0.000000000000000E+00 0.000000000000000E+00 0.000000000000000E+00 0.000000000000000E+00 0.000000000000000E+00 0.000000000000000E+00 1.240990253030984E+00 0.000000000000000E+00 0.000000000000000E+00 0.000000000000000E+00 0.000000000000000E+00 
0.000000000000000E+00 -2.590097469690174E-01 0.000000000000000E+00 0.000000000000000E+00 0.000000000000000E+00 0.000000000000000E+00 7.637626158259732E-01 0.000000000000000E+00 0.000000000000000E+00 0.000000000000000E+00 0.000000000000000E+00 -1.745743121887938E+00 0.000000000000000E+00 0.000000000000000E+00 0.000000000000000E+00 0.000000000000000E+00 0.000000000000000E+00 0.000000000000000E+00 0.000000000000000E+00 0.000000000000000E+00 0.000000000000000E+00 1.240990253030984E+00 0.000000000000000E+00 0.000000000000000E+00 0.000000000000000E+00 
0.000000000000000E+00 0.000000000000000E+00 -2.590097469690175E-01 0.000000000000000E+00 0.000000000000000E+00 0.000000000000000E+00 0.000000000000000E+00 7.637626158259739E-01 0.000000000000000E+00 0.000000000000000E+00 0.000000000000000E+00 0.000000000000000E+00 -1.745743121887939E+00 0.000000000000000E+00 0.000000000000000E+00 0.000000000000000E+00 0.000000000000000E+00 0.000000000000000E+00 0.000000000000000E+00 0.000000000000000E+00 0.000000000000000E+00 0.000000000000000E+00 1.240990253030984E+00 0.000000000000000E+00 0.000000000000000E+00 
0.000000000000000E+00 0.000000000000000E+00 0.000000000000000E+00 -2.590097469690167E-01 0.000000000000000E+00 0.000000000000000E+00 0.000000000000000E+00 0.000000000000000E+00 7.637626158259732E-01 0.000000000000000E+00 0.000000000000000E+00 0.000000000000000E+00 0.000000000000000E+00 -1.745743121887939E+00 0.000000000000000E+00 0.000000000000000E+00 0.000000000000000E+00 0.000000000000000E+00 0.000000000000000E+00 0.000000000000000E+00 0.000000000000000E+00 0.000000000000000E+00 0.000000000000000E+00 1.240990253030984E+00 0.000000000000000E+00 
0.000000000000000E+00 0.000000000000000E+00 0.000000000000000E+00 0.000000000000000E+00 -2.590097469690176E-01 0.000000000000000E+00 0.000000000000000E+00 0.000000000000000E+00 0.000000000000000E+00 7.637626158259736E-01 0.000000000000000E+00 0.000000000000000E+00 0.000000000000000E+00 0.000000000000000E+00 -1.745743121887938E+00 0.000000000000000E+00 0.000000000000000E+00 0.000000000000000E+00 0.000000000000000E+00 0.000000000000000E+00 0.000000000000000E+00 0.000000000000000E+00 0.000000000000000E+00 0.000000000000000E+00 1.240990253030984E+00 
4.999999999999982E-01 0.000000000000000E+00 0.000000000000000E+00 0.000000000000000E+00 0.000000000000000E+00 -1.410164177942426E+00 0.000000000000000E+00 0.000000000000000E+00 0.000000000000000E+00 0.000000000000000E+00 2.666666666666664E+00 0.000000000000000E+00 0.000000000000000E+00 0.000000000000000E+00 0.000000000000000E+00 -6.756502488724237E+00 0.000000000000000E+00 0.000000000000000E+00 0.000000000000000E+00 0.000000000000000E+00 5.000000000000000E+00 0.000000000000000E+00 0.000000000000000E+00 0.000000000000000E+00 0.000000000000000E+00 
0.000000000000000E+00 5.000000000000007E-01 0.000000000000000E+00 0.000000000000000E+00 0.000000000000000E+00 0.000000000000000E+00 -1.410164177942426E+00 0.000000000000000E+00 0.000000000000000E+00 0.000000000000000E+00 0.000000000000000E+00 2.666666666666663E+00 0.000000000000000E+00 0.000000000000000E+00 0.000000000000000E+00 0.000000000000000E+00 -6.756502488724237E+00 0.000000000000000E+00 0.000000000000000E+00 0.000000000000000E+00 0.000000000000000E+00 5.000000000000001E+00 0.000000000000000E+00 0.000000000000000E+00 0.000000000000000E+00 
0.000000000000000E+00 0.000000000000000E+00 5.000000000000018E-01 0.000000000000000E+00 0.000000000000000E+00 0.000000000000000E+00 0.000000000000000E+00 -1.410164177942426E+00 0.000000000000000E+00 0.000000000000000E+00 0.000000000000000E+00 0.000000000000000E+00 2.666666666666666E+00 0.000000000000000E+00 0.000000000000000E+00 0.000000000000000E+00 0.000000000000000E+00 -6.756502488724240E+00 0.000000000000000E+00 0.000000000000000E+00 0.000000000000000E+00 0.000000000000000E+00 5.000000000000000E+00 0.000000000000000E+00 0.000000000000000E+00 
0.000000000000000E+00 0.000000000000000E+00 0.000000000000000E+00 5.000000000000006E-01 0.000000000000000E+00 0.000000000000000E+00 0.000000000000000E+00 0.000000000000000E+00 -1.410164177942425E+00 0.000000000000000E+00 0.000000000000000E+00 0.000000000000000E+00 0.000000000000000E+00 2.666666666666664E+00 0.000000000000000E+00 0.000000000000000E+00 0.000000000000000E+00 0.000000000000000E+00 -6.756502488724239E+00 0.000000000000000E+00 0.000000000000000E+00 0.000000000000000E+00 0.000000000000000E+00 4.999999999999999E+00 0.000000000000000E+00 
0.000000000000000E+00 0.000000000000000E+00 0.000000000000000E+00 0.000000000000000E+00 5.000000000000001E-01 0.000000000000000E+00 0.000000000000000E+00 0.000000000000000E+00 0.000000000000000E+00 -1.410164177942427E+00 0.000000000000000E+00 0.000000000000000E+00 0.000000000000000E+00 0.000000000000000E+00 2.666666666666666E+00 0.000000000000000E+00 0.000000000000000E+00 0.000000000000000E+00 0.000000000000000E+00 -6.756502488724238E+00 0.000000000000000E+00 0.000000000000000E+00 0.000000000000000E+00 0.000000000000000E+00 5.000000000000000E+00 
% faceNodes
0 1 2 3 4 
4 9 14 19 24 
20 21 22 23 24 
0 5 10 15 20 
% LIFT matrix
1.250000000000001E+01 0.000000000000000E+00 0.000000000000000E+00 0.000000000000000E+00 0.000000000000000E+00 2.500000000000004E+00 0.000000000000000E+00 0.000000000000000E+00 0.000000000000000E+00 0.000000000000000E+00 2.500000000000004E+00 0.000000000000000E+00 0.000000000000000E+00 0.000000000000000E+00 0.000000000000000E+00 1.250000000000001E+01 0.000000000000000E+00 0.000000000000000E+00 0.000000000000000E+00 0.000000000000000E+00 
0.000000000000000E+00 1.250000000000001E+01 0.000000000000000E+00 0.000000000000000E+00 0.000000000000000E+00 -1.071428571428572E+00 0.000000000000000E+00 0.000000000000000E+00 0.000000000000000E+00 0.000000000000000E+00 0.000000000000000E+00 2.500000000000004E+00 0.000000000000000E+00 0.000000000000000E+00 0.000000000000000E+00 -1.071428571428572E+00 0.000000000000000E+00 0.000000000000000E+00 0.000000000000000E+00 0.000000000000000E+00 
0.000000000000000E+00 0.000000000000000E+00 1.250000000000001E+01 0.000000000000000E+00 0.000000000000000E+00 9.375000000000010E-01 0.000000000000000E+00 0.000000000000000E+00 0.000000000000000E+00 0.000000000000000E+00 0.000000000000000E+00 0.000000000000000E+00 2.500000000000004E+00 0.000000000000000E+00 0.000000000000000E+00 9.375000000000008E-01 0.000000000000000E+00 0.000000000000000E+00 0.000000000000000E+00 0.000000000000000E+00 
0.000000000000000E+00 0.000000000000000E+00 0.000000000000000E+00 1.250000000000001E+01 0.000000000000000E+00 -1.071428571428571E+00 0.000000000000000E+00 0.000000000000000E+00 0.000000000000000E+00 0.000000000000000E+00 0.000000000000000E+00 0.000000000000000E+00 0.000000000000000E+00 2.500000000000003E+00 0.000000000000000E+00 -1.071428571428573E+00 0.000000000000000E+00 0.000000000000000E+00 0.000000000000000E+00 0.000000000000000E+00 
0.000000000000000E+00 0.000000000000000E+00 0.000000000000000E+00 0.000000000000000E+00 1.250000000000001E+01 1.250000000000001E+01 0.000000000000000E+00 0.000000000000000E+00 0.000000000000000E+00 0.000000000000000E+00 0.000000000000000E+00 0.000000000000000E+00 0.000000000000000E+00 0.000000000000000E+00 2.500000000000005E+00 2.500000000000004E+00 0.000000000000000E+00 0.000000000000000E+00 0.000000000000000E+00 0.000000000000000E+00 
-1.071428571428572E+00 0.000000000000000E+00 0.000000000000000E+00 0.000000000000000E+00 0.000000000000000E+00 0.000000000000000E+00 2.500000000000004E+00 0.000000000000000E+00 0.000000000000000E+00 0.000000000000000E+00 -1.071428571428573E+00 0.000000000000000E+00 0.000000000000000E+00 0.000000000000000E+00 0.000000000000000E+00 0.000000000000000E+00 1.250000000000001E+01 0.000000000000000E+00 0.000000000000000E+00 0.000000000000000E+00 
0.000000000000000E+00 -1.071428571428572E+00 0.000000000000000E+00 0.000000000000000E+00 0.000000000000000E+00 0.000000000000000E+00 -1.071428571428572E+00 0.000000000000000E+00 0.000000000000000E+00 0.000000000000000E+00 0.000000000000000E+00 -1.071428571428572E+00 0.000000000000000E+00 0.000000000000000E+00 0.000000000000000E+00 0.000000000000000E+00 -1.071428571428572E+00 0.000000000000000E+00 0.000000000000000E+00 0.000000000000000E+00 
0.000000000000000E+00 0.000000000000000E+00 -1.071428571428572E+00 0.000000000000000E+00 0.000000000000000E+00 0.000000000000000E+00 9.375000000000006E-01 0.000000000000000E+00 0.000000000000000E+00 0.000000000000000E+00 0.000000000000000E+00 0.000000000000000E+00 -1.071428571428572E+00 0.000000000000000E+00 0.000000000000000E+00 0.000000000000000E+00 9.375000000000002E-01 0.000000000000000E+00 0.000000000000000E+00 0.000000000000000E+00 
0.000000000000000E+00 0.000000000000000E+00 0.000000000000000E+00 -1.071428571428572E+00 0.000000000000000E+00 0.000000000000000E+00 -1.071428571428571E+00 0.000000000000000E+00 0.000000000000000E+00 0.000000000000000E+00 0.000000000000000E+00 0.000000000000000E+00 0.000000000000000E+00 -1.071428571428572E+00 0.000000000000000E+00 0.000000000000000E+00 -1.071428571428572E+00 0.000000000000000E+00 0.000000000000000E+00 0.000000000000000E+00 
0.000000000000000E+00 0.000000000000000E+00 0.000000000000000E+00 0.000000000000000E+00 -1.071428571428572E+00 0.000000000000000E+00 1.250000000000001E+01 0.000000000000000E+00 0.000000000000000E+00 0.000000000000000E+00 0.000000000000000E+00 0.000000000000000E+00 0.000000000000000E+00 0.000000000000000E+00 -1.071428571428573E+00 0.000000000000000E+00 2.500000000000004E+00 0.000000000000000E+00 0.000000000000000E+00 0.000000000000000E+00 
9.375000000000009E-01 0.000000000000000E+00 0.000000000000000E+00 0.000000000000000E+00 0.000000000000000E+00 0.000000000000000E+00 0.000000000000000E+00 2.500000000000003E+00 0.000000000000000E+00 0.000000000000000E+00 9.375000000000010E-01 0.000000000000000E+00 0.000000000000000E+00 0.000000000000000E+00 0.000000000000000E+00 0.000000000000000E+00 0.000000000000000E+00 1.250000000000001E+01 0.000000000000000E+00 0.000000000000000E+00 
0.000000000000000E+00 9.375000000000003E-01 0.000000000000000E+00 0.000000000000000E+00 0.000000000000000E+00 0.000000000000000E+00 0.000000000000000E+00 -1.071428571428572E+00 0.000000000000000E+00 0.000000000000000E+00 0.000000000000000E+00 9.375000000000007E-01 0.000000000000000E+00 0.000000000000000E+00 0.000000000000000E+00 0.000000000000000E+00 0.000000000000000E+00 -1.071428571428572E+00 0.000000000000000E+00 0.000000000000000E+00 
0.000000000000000E+00 0.000000000000000E+00 9.375000000000007E-01 0.000000000000000E+00 0.000000000000000E+00 0.000000000000000E+00 0.000000000000000E+00 9.375000000000009E-01 0.000000000000000E+00 0.000000000000000E+00 0.000000000000000E+00 0.000000000000000E+00 9.375000000000008E-01 0.000000000000000E+00 0.000000000000000E+00 0.000000000000000E+00 0.000000000000000E+00 9.375000000000004E-01 0.000000000000000E+00 0.000000000000000E+00 
0.000000000000000E+00 0.000000000000000E+00 0.000000000000000E+00 9.375000000000001E-01 0.000000000000000E+00 0.000000000000000E+00 0.000000000000000E+00 -1.071428571428571E+00 0.000000000000000E+00 0.000000000000000E+00 0.000000000000000E+00 0.000000000000000E+00 0.000000000000000E+00 9.375000000000003E-01 0.000000000000000E+00 0.000000000000000E+00 0.000000000000000E+00 -1.071428571428572E+00 0.000000000000000E+00 0.000000000000000E+00 
0.000000000000000E+00 0.000000000000000E+00 0.000000000000000E+00 0.000000000000000E+00 9.375000000000008E-01 0.000000000000000E+00 0.000000000000000E+00 1.250000000000001E+01 0.000000000000000E+00 0.000000000000000E+00 0.000000000000000E+00 0.000000000000000E+00 0.000000000000000E+00 0.000000000000000E+00 9.375000000000010E-01 0.000000000000000E+00 0.000000000000000E+00 2.500000000000003E+00 0.000000000000000E+00 0.000000000000000E+00 
-1.071428571428573E+00 0.000000000000000E+00 0.000000000000000E+00 0.000000000000000E+00 0.000000000000000E+00 0.000000000000000E+00 0.000000000000000E+00 0.000000000000000E+00 2.500000000000002E+00 0.000000000000000E+00 -1.071428571428571E+00 0.000000000000000E+00 0.000000000000000E+00 0.000000000000000E+00 0.000000000000000E+00 0.000000000000000E+00 0.000000000000000E+00 0.000000000000000E+00 1.250000000000001E+01 0.000000000000000E+00 
0.000000000000000E+00 -1.071428571428572E+00 0.000000000000000E+00 0.000000000000000E+00 0.000000000000000E+00 0.000000000000000E+00 0.000000000000000E+00 0.000000000000000E+00 -1.071428571428572E+00 0.000000000000000E+00 0.000000000000000E+00 -1.071428571428571E+00 0.000000000000000E+00 0.000000000000000E+00 0.000000000000000E+00 0.000000000000000E+00 0.000000000000000E+00 0.000000000000000E+00 -1.071428571428572E+00 0.000000000000000E+00 
0.000000000000000E+00 0.000000000000000E+00 -1.071428571428572E+00 0.000000000000000E+00 0.000000000000000E+00 0.000000000000000E+00 0.000000000000000E+00 0.000000000000000E+00 9.375000000000003E-01 0.000000000000000E+00 0.000000000000000E+00 0.000000000000000E+00 -1.071428571428571E+00 0.000000000000000E+00 0.000000000000000E+00 0.000000000000000E+00 0.000000000000000E+00 0.000000000000000E+00 9.375000000000001E-01 0.000000000000000E+00 
0.000000000000000E+00 0.000000000000000E+00 0.000000000000000E+00 -1.071428571428572E+00 0.000000000000000E+00 0.000000000000000E+00 0.000000000000000E+00 0.000000000000000E+00 -1.071428571428570E+00 0.000000000000000E+00 0.000000000000000E+00 0.000000000000000E+00 0.000000000000000E+00 -1.071428571428571E+00 0.000000000000000E+00 0.000000000000000E+00 0.000000000000000E+00 0.000000000000000E+00 -1.071428571428572E+00 0.000000000000000E+00 
0.000000000000000E+00 0.000000000000000E+00 0.000000000000000E+00 0.000000000000000E+00 -1.071428571428573E+00 0.000000000000000E+00 0.000000000000000E+00 0.000000000000000E+00 1.250000000000001E+01 0.000000000000000E+00 0.000000000000000E+00 0.000000000000000E+00 0.000000000000000E+00 0.000000000000000E+00 -1.071428571428571E+00 0.000000000000000E+00 0.000000000000000E+00 0.000000000000000E+00 2.500000000000002E+00 0.000000000000000E+00 
2.500000000000005E+00 0.000000000000000E+00 0.000000000000000E+00 0.000000000000000E+00 0.000000000000000E+00 0.000000000000000E+00 0.000000000000000E+00 0.000000000000000E+00 0.000000000000000E+00 2.500000000000005E+00 1.250000000000001E+01 0.000000000000000E+00 0.000000000000000E+00 0.000000000000000E+00 0.000000000000000E+00 0.000000000000000E+00 0.000000000000000E+00 0.000000000000000E+00 0.000000000000000E+00 1.250000000000001E+01 
0.000000000000000E+00 2.500000000000004E+00 0.000000000000000E+00 0.000000000000000E+00 0.000000000000000E+00 0.000000000000000E+00 0.000000000000000E+00 0.000000000000000E+00 0.000000000000000E+00 -1.071428571428573E+00 0.000000000000000E+00 1.250000000000001E+01 0.000000000000000E+00 0.000000000000000E+00 0.000000000000000E+00 0.000000000000000E+00 0.000000000000000E+00 0.000000000000000E+00 0.000000000000000E+00 -1.071428571428572E+00 
0.000000000000000E+00 0.000000000000000E+00 2.500000000000004E+00 0.000000000000000E+00 0.000000000000000E+00 0.000000000000000E+00 0.000000000000000E+00 0.000000000000000E+00 0.000000000000000E+00 9.375000000000012E-01 0.000000000000000E+00 0.000000000000000E+00 1.250000000000001E+01 0.000000000000000E+00 0.000000000000000E+00 0.000000000000000E+00 0.000000000000000E+00 0.000000000000000E+00 0.000000000000000E+00 9.375000000000010E-01 
0.000000000000000E+00 0.000000000000000E+00 0.000000000000000E+00 2.500000000000003E+00 0.000000000000000E+00 0.000000000000000E+00 0.000000000000000E+00 0.000000000000000E+00 0.000000000000000E+00 -1.071428571428572E+00 0.000000000000000E+00 0.000000000000000E+00 0.000000000000000E+00 1.250000000000001E+01 0.000000000000000E+00 0.000000000000000E+00 0.000000000000000E+00 0.000000000000000E+00 0.000000000000000E+00 -1.071428571428573E+00 
0.000000000000000E+00 0.000000000000000E+00 0.000000000000000E+00 0.000000000000000E+00 2.500000000000005E+00 0.000000000000000E+00 0.000000000000000E+00 0.000000000000000E+00 0.000000000000000E+00 1.250000000000001E+01 0.000000000000000E+00 0.000000000000000E+00 0.000000000000000E+00 0.000000000000000E+00 1.250000000000002E+01 0.000000000000000E+00 0.000000000000000E+00 0.000000000000000E+00 0.000000000000000E+00 2.500000000000005E+00 
% D (1D) matrix
-5.000000000000000E+00 6.756502488724239E+00 -2.666666666666667E+00 1.410164177942428E+00 -5.000000000000007E-01 
-1.240990253030983E+00 2.807610695718257E-16 1.745743121887938E+00 -7.637626158259729E-01 2.590097469690174E-01 
3.750000000000001E-01 -1.336584577695454E+00 7.617598805593298E-16 1.336584577695453E+00 -3.749999999999999E-01 
-2.590097469690174E-01 7.637626158259736E-01 -1.745743121887939E+00 -8.881784197001252E-16 1.240990253030984E+00 
5.000000000000000E-01 -1.410164177942427E+00 2.666666666666665E+00 -6.756502488724238E+00 5.000000000000000E+00 
% r (1D) gll nodes
-1.000000000000000E+00 
-6.546536707079772E-01 
-3.165870343657673E-17 
6.546536707079773E-01 
1.000000000000000E+00 
% w (1D) gll node weights
9.999999999999995E-02 
5.444444444444444E-01 
7.111111111111112E-01 
5.444444444444450E-01 
9.999999999999987E-02 
% number of plot nodes
64
% plot node coordinates
-1.000000000000000E+00 -1.000000000000000E+00
-1.000000000000000E+00 -7.142857142857143E-01
-1.000000000000000E+00 -4.285714285714286E-01
-1.000000000000000E+00 -1.428571428571429E-01
-1.000000000000000E+00 1.428571428571428E-01
-1.000000000000000E+00 4.285714285714286E-01
-1.000000000000000E+00 7.142857142857142E-01
-1.000000000000000E+00 1.000000000000000E+00
-7.142857142857143E-01 -1.000000000000000E+00
-7.142857142857143E-01 -7.142857142857143E-01
-7.142857142857143E-01 -4.285714285714286E-01
-7.142857142857143E-01 -1.428571428571429E-01
-7.142857142857143E-01 1.428571428571428E-01
-7.142857142857143E-01 4.285714285714286E-01
-7.142857142857143E-01 7.142857142857142E-01
-7.142857142857143E-01 1.000000000000000E+00
-4.285714285714286E-01 -1.000000000000000E+00
-4.285714285714286E-01 -7.142857142857143E-01
-4.285714285714286E-01 -4.285714285714286E-01
-4.285714285714286E-01 -1.428571428571429E-01
-4.285714285714286E-01 1.428571428571428E-01
-4.285714285714286E-01 4.285714285714286E-01
-4.285714285714286E-01 7.142857142857142E-01
-4.285714285714286E-01 1.000000000000000E+00
-1.428571428571429E-01 -1.000000000000000E+00
-1.428571428571429E-01 -7.142857142857143E-01
-1.428571428571429E-01 -4.285714285714286E-01
-1.428571428571429E-01 -1.428571428571429E-01
-1.428571428571429E-01 1.428571428571428E-01
-1.428571428571429E-01 4.285714285714286E-01
-1.428571428571429E-01 7.142857142857142E-01
-1.428571428571429E-01 1.000000000000000E+00
1.428571428571428E-01 -1.000000000000000E+00
1.428571428571428E-01 -7.142857142857143E-01
1.428571428571428E-01 -4.285714285714286E-01
1.428571428571428E-01 -1.428571428571429E-01
1.428571428571428E-01 1.428571428571428E-01
1.428571428571428E-01 4.285714285714286E-01
1.428571428571428E-01 7.142857142857142E-01
1.428571428571428E-01 1.000000000000000E+00
4.285714285714286E-01 -1.000000000000000E+00
4.285714285714286E-01 -7.142857142857143E-01
4.285714285714286E-01 -4.285714285714286E-01
4.285714285714286E-01 -1.428571428571429E-01
4.285714285714286E-01 1.428571428571428E-01
4.285714285714286E-01 4.285714285714286E-01
4.285714285714286E-01 7.142857142857142E-01
4.285714285714286E-01 1.000000000000000E+00
7.142857142857142E-01 -1.000000000000000E+00
7.142857142857142E-01 -7.142857142857143E-01
7.142857142857142E-01 -4.285714285714286E-01
7.142857142857142E-01 -1.428571428571429E-01
7.142857142857142E-01 1.428571428571428E-01
7.142857142857142E-01 4.285714285714286E-01
7.142857142857142E-01 7.142857142857142E-01
7.142857142857142E-01 1.000000000000000E+00
1.000000000000000E+00 -1.000000000000000E+00
1.000000000000000E+00 -7.142857142857143E-01
1.000000000000000E+00 -4.285714285714286E-01
1.000000000000000E+00 -1.428571428571429E-01
1.000000000000000E+00 1.428571428571428E-01
1.000000000000000E+00 4.285714285714286E-01
1.000000000000000E+00 7.142857142857142E-01
1.000000000000000E+00 1.000000000000000E+00
% plot node interpolation matrix
1.000000000000000E+00 0.000000000000000E+00 0.000000000000000E+00 0.000000000000000E+00 0.000000000000000E+00 0.000000000000000E+00 0.000000000000000E+00 0.000000000000000E+00 0.000000000000000E+00 0.000000000000000E+00 0.000000000000000E+00 0.000000000000000E+00 0.000000000000000E+00 0.000000000000000E+00 0.000000000000000E+00 0.000000000000000E+00 0.000000000000000E+00 0.000000000000000E+00 0.000000000000000E+00 0.000000000000000E+00 0.000000000000000E+00 0.000000000000000E+00 0.000000000000000E+00 0.000000000000000E+00 0.000000000000000E+00 
8.746355685131210E-02 8.813287141512577E-18 2.848097679302133E-17 -2.505611212988670E-17 2.405119358489298E-18 9.778138464240651E-01 4.734714707973825E-18 -3.308691548081730E-18 4.298344944721593E-17 -3.543871078911138E-17 -9.329446064139922E-02 -3.470584178693160E-17 -4.143743252010621E-17 -3.093973881179094E-17 -3.260314926136607E-18 4.259431684124074E-02 2.677009612800905E-17 -2.114521124861199E-17 2.875154539616270E-17 2.175718307846954E-17 -1.457725947521869E-02 -5.612256190563841E-18 3.741035852377855E-17 -1.573914390170098E-17 1.453672327828917E-17 
-1.311953352769681E-01 -1.524353522907243E-17 -1.971857492187303E-17 -2.353220949162679E-17 1.185217639904011E-17 7.737322137710041E-01 5.082032674088247E-17 1.313874327398211E-16 2.686465590450996E-17 -4.391425516709959E-17 4.664723032069970E-01 -6.090487632964484E-17 -9.072552670336681E-17 -2.146573395344367E-17 1.478360812842724E-17 -1.614873158118204E-01 2.114372147629025E-17 -9.018300961682325E-17 6.972262158209456E-17 1.013914485028484E-17 5.247813411078728E-02 4.184363341544549E-18 6.923967850224196E-17 -5.158933404153406E-17 7.139325789347395E-18 
-5.830903790087466E-02 5.870734281853696E-17 1.751124656335920E-17 -8.470520994110371E-17 -2.641394331359142E-18 2.278602324471772E-01 4.912364213044322E-17 6.081893410125690E-17 5.372931180901991E-17 -6.661490852577487E-18 9.329446064139940E-01 -1.799014404735315E-16 -7.541663883657379E-17 1.373898111608723E-16 -5.922360651041876E-18 -1.462275793859527E-01 9.856891377105193E-17 -2.094720780985854E-17 -8.672953255659627E-17 1.630255474160826E-17 4.373177842565618E-02 -2.649845824650061E-17 1.803366598181622E-17 -1.968438047219227E-17 -1.077308906629758E-18 
4.373177842565579E-02 8.298023210418479E-18 5.642673924281712E-17 -4.361155651631678E-17 -1.904248113533780E-18 -1.462275793859527E-01 3.361105573932332E-17 -2.291580132636428E-17 1.074586236180398E-17 2.733482327464869E-17 9.329446064139943E-01 -1.003542114353986E-16 -6.680787240145542E-17 7.424488259476318E-17 -2.922344963833376E-17 2.278602324471771E-01 5.262135162483034E-17 -3.193527514271208E-18 -4.277841269486592E-17 1.698582526412238E-17 -5.830903790087472E-02 5.823780860826518E-18 3.649046199927378E-17 1.399224254615560E-18 -1.319295078690354E-17 
5.247813411078700E-02 9.890115080983730E-18 6.541816461076348E-17 2.902037927585711E-17 -4.449956132744107E-18 -1.614873158118204E-01 7.448667825019947E-17 -1.006222093360407E-16 -3.761051826631394E-17 4.864170515502559E-17 4.664723032069971E-01 -8.063077939963211E-18 8.188522288496424E-18 1.027221432383590E-16 -2.832744765774763E-17 7.737322137710043E-01 -1.598380004672492E-16 -1.067711437570761E-17 -5.433148415723194E-17 3.265350198246957E-17 -1.311953352769681E-01 8.352428507602924E-17 3.769263681248841E-17 -3.980052009067021E-17 -4.851780334700343E-17 
-1.457725947521855E-02 7.073172047148605E-18 2.903557056773865E-17 2.445450784048357E-17 -8.535274160093965E-18 4.259431684124061E-02 -1.871621117428148E-17 -9.590346384745597E-17 1.074586236180398E-17 5.001346559004967E-17 -9.329446064139901E-02 9.534815414884488E-18 4.211107497687481E-17 4.520785481594499E-17 -1.981700845303114E-17 9.778138464240653E-01 -1.343303483451600E-17 4.766693957321347E-17 -5.850206310856543E-17 -4.947085338352708E-18 8.746355685131164E-02 1.554125854676438E-17 -2.291012127037095E-17 -2.190616190966712E-17 -1.671409763857186E-17 
0.000000000000000E+00 0.000000000000000E+00 0.000000000000000E+00 0.000000000000000E+00 0.000000000000000E+00 0.000000000000000E+00 0.000000000000000E+00 0.000000000000000E+00 0.000000000000000E+00 0.000000000000000E+00 0.000000000000000E+00 0.000000000000000E+00 0.000000000000000E+00 0.000000000000000E+00 0.000000000000000E+00 0.000000000000000E+00 0.000000000000000E+00 0.000000000000000E+00 0.000000000000000E+00 0.000000000000000E+00 1.000000000000000E+00 0.000000000000000E+00 0.000000000000000E+00 0.000000000000000E+00 0.000000000000000E+00 
8.746355685131219E-02 9.778138464240652E-01 -9.329446064139930E-02 4.259431684124055E-02 -1.457725947521848E-02 -4.663375566485452E-17 1.516893936842206E-16 -2.141684207360032E-16 1.504420730652558E-16 -4.132929034861871E-17 1.218328720807367E-16 -1.648424373526578E-16 1.273907795239454E-16 -1.299764941964376E-16 4.559527994441331E-17 7.354591318994388E-17 -2.132047058195321E-16 6.664461587867217E-17 1.086530327738584E-16 -3.563885602294228E-17 3.260391417374809E-17 -4.485177498047493E-17 9.189763098785795E-18 2.591357597046421E-17 -2.285547826252315E-17 
7.649873777082723E-03 8.552307694671130E-02 -8.159865362221533E-03 3.725450452586539E-03 -1.274978962846999E-03 8.552307694671110E-02 9.561199182586253E-01 -9.122461540982520E-02 4.164931278633896E-02 -1.425384615778518E-02 -8.159865362221481E-03 -9.122461540982524E-02 8.703856386369602E-03 -3.973813816092435E-03 1.359977560370297E-03 3.725450452586735E-03 4.164931278633890E-02 -3.973813816092377E-03 1.814275827171898E-03 -6.209084087644259E-04 -1.274978962847118E-03 -1.425384615778517E-02 1.359977560370221E-03 -6.209084087643491E-04 2.124964938078245E-04 
-1.147481066562396E-02 -1.282846154200669E-01 1.223979804333214E-02 -5.588175678879922E-03 1.912468444270681E-03 6.767337146685176E-02 7.565660720496324E-01 -7.218492956464129E-02 3.295659506363644E-02 -1.127889524447516E-02 4.079932681110773E-02 4.561230770491262E-01 -4.351928193184780E-02 1.986906908046196E-02 -6.799887801851132E-03 -1.412425502727290E-02 -1.579045334226539E-01 1.506587202909099E-02 -6.878441895530114E-03 2.354042504545430E-03 4.589924266249500E-03 5.131384616802699E-02 -4.895919217333067E-03 2.235270271552119E-03 -7.649873777083088E-04 
-5.099915851388449E-03 -5.701538463114088E-02 5.439910241480939E-03 -2.483633635057640E-03 8.499859752313599E-04 1.992946639479695E-02 2.228048903362560E-01 -2.125809748778325E-02 9.705550936373684E-03 -3.321577732466048E-03 8.159865362221522E-02 9.122461540982530E-01 -8.703856386369611E-02 3.973813816092427E-02 -1.359977560370243E-02 -1.278958420285291E-02 -1.429833518526590E-01 1.364222314970999E-02 -6.228463847292996E-03 2.131597367142147E-03 3.824936888541373E-03 4.276153847335570E-02 -4.079932681110732E-03 1.862725226293285E-03 -6.374894814235687E-04 
3.824936888541228E-03 4.276153847335560E-02 -4.079932681110787E-03 1.862725226293395E-03 -6.374894814236000E-04 -1.278958420285295E-02 -1.429833518526586E-01 1.364222314970986E-02 -6.228463847293058E-03 2.131597367142215E-03 8.159865362221544E-02 9.122461540982532E-01 -8.703856386369611E-02 3.973813816092422E-02 -1.359977560370243E-02 1.992946639479694E-02 2.228048903362557E-01 -2.125809748778322E-02 9.705550936373798E-03 -3.321577732466068E-03 -5.099915851388609E-03 -5.701538463114084E-02 5.439910241481105E-03 -2.483633635057795E-03 8.499859752313701E-04 
4.589924266249823E-03 5.131384616802670E-02 -4.895919217332900E-03 2.235270271552016E-03 -7.649873777082523E-04 -1.412425502727298E-02 -1.579045334226538E-01 1.506587202909107E-02 -6.878441895530184E-03 2.354042504545473E-03 4.079932681110766E-02 4.561230770491265E-01 -4.351928193184807E-02 1.986906908046214E-02 -6.799887801851173E-03 6.767337146685171E-02 7.565660720496327E-01 -7.218492956464159E-02 3.295659506363662E-02 -1.127889524447523E-02 -1.147481066562404E-02 -1.282846154200670E-01 1.223979804333225E-02 -5.588175678879916E-03 1.912468444270589E-03 
-1.274978962847153E-03 -1.425384615778527E-02 1.359977560370373E-03 -6.209084087644985E-04 2.124964938078362E-04 3.725450452586505E-03 4.164931278633892E-02 -3.973813816092520E-03 1.814275827172113E-03 -6.209084087644894E-04 -8.159865362221222E-03 -9.122461540982493E-02 8.703856386369403E-03 -3.973813816092421E-03 1.359977560370347E-03 8.552307694671113E-02 9.561199182586256E-01 -9.122461540982513E-02 4.164931278633883E-02 -1.425384615778513E-02 7.649873777082732E-03 8.552307694671077E-02 -8.159865362221463E-03 3.725450452586767E-03 -1.274978962847185E-03 
-2.220446049250313E-16 2.072656578083077E-16 -1.665334536937735E-16 9.153124823598953E-17 -4.702735293736976E-17 6.307154527848996E-17 -1.778252414661656E-16 3.428137328085630E-17 2.149172472360797E-17 5.898059818321144E-17 1.500855939855526E-16 -2.515896989455997E-16 2.269077693576776E-16 -2.181919386549576E-16 9.278827425732699E-17 2.359616945963864E-17 7.261557172585977E-17 -1.834104733630424E-16 2.754760846035465E-16 -1.882773524260025E-16 8.746355685131207E-02 9.778138464240651E-01 -9.329446064139901E-02 4.259431684124051E-02 -1.457725947521854E-02 
-1.311953352769680E-01 7.737322137710043E-01 4.664723032069969E-01 -1.614873158118204E-01 5.247813411078724E-02 2.740044036116569E-18 -1.298054519613937E-16 -2.328632886319693E-17 9.133983007533385E-17 5.901190671314020E-17 1.225656793543585E-16 -5.376747106983185E-18 8.200436567878299E-17 -2.345196827808753E-16 3.532638485471696E-17 3.497475520566323E-17 -1.503298304453525E-16 3.225446336109622E-17 1.602420782726344E-16 -7.714146639404137E-17 9.601828908236193E-18 -2.193246269358297E-17 8.399074837161928E-18 7.432314430067250E-18 -3.500755481882373E-18 
-1.147481066562405E-02 6.767337146685171E-02 4.079932681110754E-02 -1.412425502727294E-02 4.589924266249715E-03 -1.282846154200667E-01 7.565660720496324E-01 4.561230770491266E-01 -1.579045334226539E-01 5.131384616802667E-02 1.223979804333229E-02 -7.218492956464159E-02 -4.351928193184817E-02 1.506587202909117E-02 -4.895919217332911E-03 -5.588175678880100E-03 3.295659506363690E-02 1.986906908046221E-02 -6.878441895530302E-03 2.235270271552019E-03 1.912468444270684E-03 -1.127889524447533E-02 -6.799887801851257E-03 2.354042504545566E-03 -7.649873777082934E-04 
1.721221599843635E-02 -1.015100572002776E-01 -6.119899021666153E-02 2.118638254090950E-02 -6.884886399374431E-03 -1.015100572002776E-01 5.986615386269788E-01 3.609246478232092E-01 -1.249479383590173E-01 4.060402288011100E-02 -6.119899021666145E-02 3.609246478232089E-01 2.175964096592404E-01 -7.532936014545551E-02 2.447959608666464E-02 2.118638254090949E-02 -1.249479383590172E-01 -7.532936014545558E-02 2.607815316810652E-02 -8.474553016363719E-03 -6.884886399374433E-03 4.060402288011104E-02 2.447959608666461E-02 -8.474553016363698E-03 2.753954559749731E-03 
7.649873777082587E-03 -4.511558097790109E-02 -2.719955120740519E-02 9.416170018182074E-03 -3.059949510833108E-03 -2.989419959219523E-02 1.763028020817300E-01 1.062904874389165E-01 -3.679653731815209E-02 1.195767983687813E-02 -1.223979804333229E-01 7.218492956464176E-01 4.351928193184815E-01 -1.506587202909115E-01 4.895919217332931E-02 1.918437630427971E-02 -1.131409887126685E-01 -6.821111574854942E-02 2.361389929269742E-02 -7.673750521711898E-03 -5.737405332812119E-03 3.383668573342589E-02 2.039966340555383E-02 -7.062127513636431E-03 2.294962133124792E-03 
-5.737405332812008E-03 3.383668573342585E-02 2.039966340555394E-02 -7.062127513636498E-03 2.294962133124785E-03 1.918437630427964E-02 -1.131409887126685E-01 -6.821111574854929E-02 2.361389929269740E-02 -7.673750521711788E-03 -1.223979804333229E-01 7.218492956464178E-01 4.351928193184814E-01 -1.506587202909113E-01 4.895919217332922E-02 -2.989419959219524E-02 1.763028020817301E-01 1.062904874389163E-01 -3.679653731815216E-02 1.195767983687812E-02 7.649873777082782E-03 -4.511558097790121E-02 -2.719955120740519E-02 9.416170018182074E-03 -3.059949510833059E-03 
-6.884886399374429E-03 4.060402288011099E-02 2.447959608666461E-02 -8.474553016363760E-03 2.753954559749844E-03 2.118638254090974E-02 -1.249479383590170E-01 -7.532936014545583E-02 2.607815316810684E-02 -8.474553016363968E-03 -6.119899021666142E-02 3.609246478232087E-01 2.175964096592408E-01 -7.532936014545574E-02 2.447959608666465E-02 -1.015100572002775E-01 5.986615386269790E-01 3.609246478232087E-01 -1.249479383590172E-01 4.060402288011121E-02 1.721221599843591E-02 -1.015100572002777E-01 -6.119899021666142E-02 2.118638254090954E-02 -6.884886399374572E-03 
1.912468444270917E-03 -1.127889524447536E-02 -6.799887801851145E-03 2.354042504545420E-03 -7.649873777082336E-04 -5.588175678879701E-03 3.295659506363680E-02 1.986906908046199E-02 -6.878441895530133E-03 2.235270271551817E-03 1.223979804333201E-02 -7.218492956464140E-02 -4.351928193184808E-02 1.506587202909103E-02 -4.895919217332879E-03 -1.282846154200668E-01 7.565660720496328E-01 4.561230770491267E-01 -1.579045334226538E-01 5.131384616802678E-02 -1.147481066562411E-02 6.767337146685136E-02 4.079932681110743E-02 -1.412425502727278E-02 4.589924266249576E-03 
5.551115123125783E-17 7.131998132359480E-17 -5.551115123125783E-17 7.188580257400399E-17 -3.546102359258840E-17 1.555978909608593E-16 -3.070712677105513E-16 3.610176928048696E-16 -2.095443160551777E-16 0.000000000000000E+00 9.115273010394999E-17 -5.335527191085330E-17 1.305897838823668E-16 -2.446477599897373E-16 7.626051791427384E-17 -6.945892696952822E-17 1.158450014380540E-16 -4.106439231333388E-16 5.062477980972318E-16 -1.419899494324187E-16 -1.311953352769681E-01 7.737322137710041E-01 4.664723032069971E-01 -1.614873158118206E-01 5.247813411078732E-02 
-5.830903790087474E-02 2.278602324471773E-01 9.329446064139941E-01 -1.462275793859527E-01 4.373177842565604E-02 9.514440878076603E-17 -1.595613036108404E-16 -1.023335658001473E-16 1.719337977888637E-16 -5.183337158642071E-18 4.487617895045680E-17 1.024068621166058E-16 -2.382963532931110E-17 -1.459049619664679E-16 2.245155622871643E-17 -1.809651463158848E-16 1.204492414190529E-16 4.327461575075139E-17 5.976555007202181E-19 1.664363364536036E-17 5.424181516188234E-17 -3.818409435820587E-17 1.923950956889171E-18 4.622393011986459E-17 -6.420560188043021E-17 
-5.099915851388491E-03 1.992946639479683E-02 8.159865362221527E-02 -1.278958420285299E-02 3.824936888541355E-03 -5.701538463114073E-02 2.228048903362558E-01 9.122461540982533E-01 -1.429833518526587E-01 4.276153847335552E-02 5.439910241480750E-03 -2.125809748778312E-02 -8.703856386369629E-02 1.364222314970990E-02 -4.079932681110725E-03 -2.483633635057771E-03 9.705550936374003E-03 3.973813816092411E-02 -6.228463847293031E-03 1.862725226293424E-03 8.499859752314639E-04 -3.321577732466232E-03 -1.359977560370237E-02 2.131597367142193E-03 -6.374894814236221E-04 
7.649873777083252E-03 -2.989419959219525E-02 -1.223979804333233E-01 1.918437630427951E-02 -5.737405332811768E-03 -4.511558097790124E-02 1.763028020817299E-01 7.218492956464180E-01 -1.131409887126684E-01 3.383668573342587E-02 -2.719955120740519E-02 1.062904874389166E-01 4.351928193184811E-01 -6.821111574854935E-02 2.039966340555385E-02 9.416170018181975E-03 -3.679653731815202E-02 -1.506587202909113E-01 2.361389929269735E-02 -7.062127513636488E-03 -3.059949510833064E-03 1.195767983687805E-02 4.895919217332925E-02 -7.673750521711766E-03 2.294962133124759E-03 
3.399943900925406E-03 -1.328631092986443E-02 -5.439910241481033E-02 8.526389468568714E-03 -2.549957925694176E-03 -1.328631092986443E-02 5.192028553088152E-02 2.125809748778330E-01 -3.331945022907105E-02 9.964733197398327E-03 -5.439910241481032E-02 2.125809748778330E-01 8.703856386369627E-01 -1.364222314970989E-01 4.079932681110759E-02 8.526389468568787E-03 -3.331945022907113E-02 -1.364222314970988E-01 2.138250497307494E-02 -6.394792101426541E-03 -2.549957925694221E-03 9.964733197398355E-03 4.079932681110748E-02 -6.394792101426390E-03 1.912468444270750E-03 
-2.549957925694218E-03 9.964733197398504E-03 4.079932681110754E-02 -6.394792101426544E-03 1.912468444270690E-03 8.526389468568735E-03 -3.331945022907119E-02 -1.364222314970986E-01 2.138250497307511E-02 -6.394792101426598E-03 -5.439910241481025E-02 2.125809748778328E-01 8.703856386369628E-01 -1.364222314970989E-01 4.079932681110771E-02 -1.328631092986447E-02 5.192028553088170E-02 2.125809748778327E-01 -3.331945022907121E-02 9.964733197398367E-03 3.399943900925659E-03 -1.328631092986457E-02 -5.439910241481027E-02 8.526389468568832E-03 -2.549957925694322E-03 
-3.059949510832936E-03 1.195767983687799E-02 4.895919217332945E-02 -7.673750521711779E-03 2.294962133124765E-03 9.416170018181860E-03 -3.679653731815186E-02 -1.506587202909112E-01 2.361389929269732E-02 -7.062127513636661E-03 -2.719955120740514E-02 1.062904874389164E-01 4.351928193184816E-01 -6.821111574854961E-02 2.039966340555388E-02 -4.511558097790113E-02 1.763028020817301E-01 7.218492956464174E-01 -1.131409887126681E-01 3.383668573342591E-02 7.649873777082756E-03 -2.989419959219521E-02 -1.223979804333231E-01 1.918437630427954E-02 -5.737405332811995E-03 
8.499859752318095E-04 -3.321577732466209E-03 -1.359977560370262E-02 2.131597367142146E-03 -6.374894814235272E-04 -2.483633635058063E-03 9.705550936373786E-03 3.973813816092453E-02 -6.228463847293031E-03 1.862725226293352E-03 5.439910241481193E-03 -2.125809748778307E-02 -8.703856386369625E-02 1.364222314970979E-02 -4.079932681110607E-03 -5.701538463114088E-02 2.228048903362560E-01 9.122461540982534E-01 -1.429833518526587E-01 4.276153847335565E-02 -5.099915851388278E-03 1.992946639479681E-02 8.159865362221475E-02 -1.278958420285285E-02 3.824936888541200E-03 
-8.326672684688674E-17 4.076310341306212E-17 -1.110223024625157E-16 4.834577962932881E-17 -1.570026925241652E-17 -1.595692470672252E-16 -1.075733171048978E-17 4.944842890540723E-16 -2.686465590450996E-16 -5.551115123125783E-17 7.163169861331479E-17 1.177855742376101E-17 4.869520012667881E-18 -9.622974240367492E-17 7.949966353931270E-18 8.833620325513678E-18 1.132838698171238E-16 -4.991709838543614E-16 3.034164246018115E-16 7.363706910991236E-17 -5.830903790087461E-02 2.278602324471772E-01 9.329446064139941E-01 -1.462275793859526E-01 4.373177842565594E-02 
4.373177842565593E-02 -1.462275793859527E-01 9.329446064139943E-01 2.278602324471770E-01 -5.830903790087460E-02 4.717304840970718E-17 4.637637659846076E-17 -4.466005126267580E-17 -1.074586236180398E-17 -3.814351138368814E-17 1.494947189441748E-17 2.987761646606695E-17 -1.396760525748104E-16 6.618809346693297E-17 2.866087074739301E-17 6.222590018841306E-17 -4.567911935246062E-17 1.121600184911882E-16 -9.401105384162058E-17 -3.469574548552004E-17 -4.947669507846692E-17 -3.534388099537402E-17 4.986181325345790E-18 4.169088336480702E-17 3.814351138368814E-17 
3.824936888541279E-03 -1.278958420285306E-02 8.159865362221524E-02 1.992946639479684E-02 -5.099915851388396E-03 4.276153847335575E-02 -1.429833518526587E-01 9.122461540982533E-01 2.228048903362558E-01 -5.701538463114093E-02 -4.079932681110897E-03 1.364222314971000E-02 -8.703856386369607E-02 -2.125809748778336E-02 5.439910241481001E-03 1.862725226293403E-03 -6.228463847293012E-03 3.973813816092416E-02 9.705550936373902E-03 -2.483633635057724E-03 -6.374894814235284E-04 2.131597367142070E-03 -1.359977560370246E-02 -3.321577732466135E-03 8.499859752314428E-04 
-5.737405332811907E-03 1.918437630427954E-02 -1.223979804333233E-01 -2.989419959219533E-02 7.649873777083040E-03 3.383668573342583E-02 -1.131409887126685E-01 7.218492956464180E-01 1.763028020817301E-01 -4.511558097790122E-02 2.039966340555349E-02 -6.821111574854914E-02 4.351928193184812E-01 1.062904874389163E-01 -2.719955120740503E-02 -7.062127513636439E-03 2.361389929269741E-02 -1.506587202909113E-01 -3.679653731815202E-02 9.416170018181905E-03 2.294962133124915E-03 -7.673750521711936E-03 4.895919217332928E-02 1.195767983687812E-02 -3.059949510833073E-03 
-2.549957925694041E-03 8.526389468568733E-03 -5.439910241481039E-02 -1.328631092986464E-02 3.399943900925735E-03 9.964733197398256E-03 -3.331945022907130E-02 2.125809748778330E-01 5.192028553088172E-02 -1.328631092986439E-02 4.079932681110755E-02 -1.364222314970986E-01 8.703856386369626E-01 2.125809748778328E-01 -5.439910241481027E-02 -6.394792101426463E-03 2.138250497307505E-02 -1.364222314970987E-01 -3.331945022907130E-02 8.526389468568740E-03 1.912468444270753E-03 -6.394792101426568E-03 4.079932681110754E-02 9.964733197398481E-03 -2.549957925694247E-03 
1.912468444270676E-03 -6.394792101426481E-03 4.079932681110787E-02 9.964733197398384E-03 -2.549957925694392E-03 -6.394792101426519E-03 2.138250497307503E-02 -1.364222314970986E-01 -3.331945022907113E-02 8.526389468568710E-03 4.079932681110766E-02 -1.364222314970987E-01 8.703856386369626E-01 2.125809748778328E-01 -5.439910241481016E-02 9.964733197398499E-03 -3.331945022907121E-02 2.125809748778327E-01 5.192028553088163E-02 -1.328631092986455E-02 -2.549957925694145E-03 8.526389468568710E-03 -5.439910241481027E-02 -1.328631092986451E-02 3.399943900925625E-03 
2.294962133124789E-03 -7.673750521711878E-03 4.895919217332989E-02 1.195767983687804E-02 -3.059949510833405E-03 -7.062127513636594E-03 2.361389929269760E-02 -1.506587202909113E-01 -3.679653731815202E-02 9.416170018182003E-03 2.039966340555370E-02 -6.821111574854961E-02 4.351928193184817E-01 1.062904874389161E-01 -2.719955120740497E-02 3.383668573342612E-02 -1.131409887126683E-01 7.218492956464174E-01 1.763028020817302E-01 -4.511558097790113E-02 -5.737405332812118E-03 1.918437630427951E-02 -1.223979804333231E-01 -2.989419959219519E-02 7.649873777082677E-03 
-6.374894814235588E-04 2.131597367142069E-03 -1.359977560370229E-02 -3.321577732466100E-03 8.499859752313352E-04 1.862725226293356E-03 -6.228463847292929E-03 3.973813816092431E-02 9.705550936373625E-03 -2.483633635057852E-03 -4.079932681110751E-03 1.364222314970978E-02 -8.703856386369573E-02 -2.125809748778332E-02 5.439910241481036E-03 4.276153847335585E-02 -1.429833518526588E-01 9.122461540982532E-01 2.228048903362561E-01 -5.701538463114088E-02 3.824936888541335E-03 -1.278958420285289E-02 8.159865362221486E-02 1.992946639479676E-02 -5.099915851388357E-03 
1.040834085586084E-16 1.361516718082307E-17 -1.110223024625157E-16 1.909752383893057E-17 2.042601716456560E-17 8.107135349935886E-17 -7.992337303084915E-17 3.431513685076832E-16 -2.471548343214916E-16 -9.714451465470120E-17 -6.394494050959392E-17 1.546659138396439E-16 -2.361945610021233E-16 1.195776225595651E-16 2.589596511250814E-17 3.293078109615976E-17 -2.658159551353010E-17 -1.224193444752192E-16 8.047250375301744E-17 3.559765513957206E-17 4.373177842565591E-02 -1.462275793859527E-01 9.329446064139943E-01 2.278602324471771E-01 -5.830903790087465E-02 
5.247813411078722E-02 -1.614873158118206E-01 4.664723032069970E-01 7.737322137710044E-01 -1.311953352769681E-01 -1.136024491340440E-16 2.609936751092276E-16 -4.450913407249725E-17 -2.632736278641976E-16 1.603915359615112E-16 -8.186291814167157E-17 -9.185377895102232E-17 -9.633415571681977E-17 1.334204951900058E-16 1.366303576195078E-16 -4.941360587307481E-17 2.115053848634732E-16 4.033414378150050E-19 -1.054306649905025E-16 -5.706445543771092E-17 -3.023725195618133E-17 7.674503809848157E-17 -1.808436018707916E-17 -3.456534368748337E-17 6.141917732262291E-18 
4.589924266249493E-03 -1.412425502727286E-02 4.079932681110778E-02 6.767337146685175E-02 -1.147481066562413E-02 5.131384616802687E-02 -1.579045334226540E-01 4.561230770491262E-01 7.565660720496329E-01 -1.282846154200669E-01 -4.895919217333110E-03 1.506587202909131E-02 -4.351928193184804E-02 -7.218492956464181E-02 1.223979804333228E-02 2.235270271552048E-03 -6.878441895530179E-03 1.986906908046211E-02 3.295659506363668E-02 -5.588175678879930E-03 -7.649873777082774E-04 2.354042504545484E-03 -6.799887801851159E-03 -1.127889524447529E-02 1.912468444270657E-03 
-6.884886399374464E-03 2.118638254090945E-02 -6.119899021666150E-02 -1.015100572002776E-01 1.721221599843618E-02 4.060402288011099E-02 -1.249479383590171E-01 3.609246478232087E-01 5.986615386269794E-01 -1.015100572002777E-01 2.447959608666455E-02 -7.532936014545523E-02 2.175964096592405E-01 3.609246478232087E-01 -6.119899021666148E-02 -8.474553016363646E-03 2.607815316810643E-02 -7.532936014545548E-02 -1.249479383590173E-01 2.118638254090954E-02 2.753954559749732E-03 -8.474553016363739E-03 2.447959608666470E-02 4.060402288011102E-02 -6.884886399374488E-03 
-3.059949510833535E-03 9.416170018181975E-03 -2.719955120740508E-02 -4.511558097790138E-02 7.649873777082912E-03 1.195767983687841E-02 -3.679653731815232E-02 1.062904874389166E-01 1.763028020817302E-01 -2.989419959219551E-02 4.895919217332908E-02 -1.506587202909108E-01 4.351928193184812E-01 7.218492956464175E-01 -1.223979804333230E-01 -7.673750521711729E-03 2.361389929269707E-02 -6.821111574854938E-02 -1.131409887126683E-01 1.918437630427960E-02 2.294962133124946E-03 -7.062127513636496E-03 2.039966340555394E-02 3.383668573342571E-02 -5.737405332811974E-03 
2.294962133124381E-03 -7.062127513636524E-03 2.039966340555405E-02 3.383668573342593E-02 -5.737405332812102E-03 -7.673750521712021E-03 2.361389929269753E-02 -6.821111574854948E-02 -1.131409887126683E-01 1.918437630427972E-02 4.895919217332915E-02 -1.506587202909107E-01 4.351928193184811E-01 7.218492956464178E-01 -1.223979804333232E-01 1.195767983687790E-02 -3.679653731815229E-02 1.062904874389162E-01 1.763028020817303E-01 -2.989419959219494E-02 -3.059949510832747E-03 9.416170018182068E-03 -2.719955120740508E-02 -4.511558097790132E-02 7.649873777082520E-03 
2.753954559749618E-03 -8.474553016363819E-03 2.447959608666461E-02 4.060402288011111E-02 -6.884886399374441E-03 -8.474553016363729E-03 2.607815316810676E-02 -7.532936014545555E-02 -1.249479383590174E-01 2.118638254090949E-02 2.447959608666444E-02 -7.532936014545562E-02 2.175964096592408E-01 3.609246478232088E-01 -6.119899021666142E-02 4.060402288011129E-02 -1.249479383590174E-01 3.609246478232088E-01 5.986615386269791E-01 -1.015100572002776E-01 -6.884886399374458E-03 2.118638254090956E-02 -6.119899021666142E-02 -1.015100572002777E-01 1.721221599843604E-02 
-7.649873777085332E-04 2.354042504545483E-03 -6.799887801851257E-03 -1.127889524447514E-02 1.912468444270659E-03 2.235270271552144E-03 -6.878441895530180E-03 1.986906908046215E-02 3.295659506363649E-02 -5.588175678880035E-03 -4.895919217333071E-03 1.506587202909100E-02 -4.351928193184761E-02 -7.218492956464180E-02 1.223979804333242E-02 5.131384616802707E-02 -1.579045334226540E-01 4.561230770491266E-01 7.565660720496328E-01 -1.282846154200669E-01 4.589924266249552E-03 -1.412425502727289E-02 4.079932681110743E-02 6.767337146685154E-02 -1.147481066562404E-02 
-6.938893903907228E-18 -2.430543487263161E-17 5.551115123125783E-17 -7.395717099119523E-18 -6.955376334737023E-17 -9.813734571759471E-17 8.989325328698947E-17 2.455439841014117E-16 -2.095443160551777E-16 -2.775557561562891E-17 -1.522968662204689E-16 1.369393670551746E-16 -1.678685596284776E-16 5.673043587275002E-17 1.264956229210220E-16 1.213859000535259E-16 -1.793493716067755E-17 -1.047155106817413E-16 -5.076374716606125E-17 5.202829495495420E-17 5.247813411078717E-02 -1.614873158118205E-01 4.664723032069971E-01 7.737322137710042E-01 -1.311953352769680E-01 
-1.457725947521826E-02 4.259431684124056E-02 -9.329446064139904E-02 9.778138464240654E-01 8.746355685131159E-02 -9.884435562330315E-17 5.286369089660546E-17 4.633055110400273E-17 -1.289503483416478E-16 1.286004619643428E-16 -1.035258823182629E-16 -8.955967587206718E-17 -3.176640901494143E-17 1.444679856917146E-16 8.038398151355696E-17 6.412474306055136E-17 9.852631411148922E-18 -7.731937322232155E-18 4.114526040760000E-17 -1.073906975570681E-16 2.301661515318563E-17 4.193322566918228E-17 2.258891428786527E-17 -8.383838341622052E-17 -3.700371694012659E-18 
-1.274978962847131E-03 3.725450452586735E-03 -8.159865362221394E-03 8.552307694671124E-02 7.649873777082668E-03 -1.425384615778515E-02 4.164931278633893E-02 -9.122461540982532E-02 9.561199182586259E-01 8.552307694671073E-02 1.359977560370373E-03 -3.973813816092645E-03 8.703856386369868E-03 -9.122461540982549E-02 -8.159865362221339E-03 -6.209084087644330E-04 1.814275827171880E-03 -3.973813816092206E-03 4.164931278633888E-02 3.725450452586611E-03 2.124964938078295E-04 -6.209084087643315E-04 1.359977560370082E-03 -1.425384615778508E-02 -1.274978962847119E-03 
1.912468444270591E-03 -5.588175678879846E-03 1.223979804333220E-02 -1.282846154200670E-01 -1.147481066562391E-02 -1.127889524447545E-02 3.295659506363685E-02 -7.218492956464168E-02 7.565660720496332E-01 6.767337146685132E-02 -6.799887801851090E-03 1.986906908046213E-02 -4.351928193184798E-02 4.561230770491265E-01 4.079932681110732E-02 2.354042504545431E-03 -6.878441895530300E-03 1.506587202909102E-02 -1.579045334226538E-01 -1.412425502727286E-02 -7.649873777082674E-04 2.235270271552032E-03 -4.895919217332845E-03 5.131384616802671E-02 4.589924266249626E-03 
8.499859752311469E-04 -2.483633635057668E-03 5.439910241481188E-03 -5.701538463114104E-02 -5.099915851388379E-03 -3.321577732466132E-03 9.705550936373769E-03 -2.125809748778315E-02 2.228048903362561E-01 1.992946639479673E-02 -1.359977560370243E-02 3.973813816092418E-02 -8.703856386369607E-02 9.122461540982535E-01 8.159865362221486E-02 2.131597367142001E-03 -6.228463847292909E-03 1.364222314970997E-02 -1.429833518526590E-01 -1.278958420285279E-02 -6.374894814233419E-04 1.862725226293161E-03 -4.079932681110759E-03 4.276153847335571E-02 3.824936888541214E-03 
-6.374894814233775E-04 1.862725226293321E-03 -4.079932681110787E-03 4.276153847335570E-02 3.824936888541352E-03 2.131597367142100E-03 -6.228463847292998E-03 1.364222314970993E-02 -1.429833518526587E-01 -1.278958420285295E-02 -1.359977560370245E-02 3.973813816092436E-02 -8.703856386369631E-02 9.122461540982537E-01 8.159865362221486E-02 -3.321577732466292E-03 9.705550936374036E-03 -2.125809748778323E-02 2.228048903362558E-01 1.992946639479677E-02 8.499859752313108E-04 -2.483633635057734E-03 5.439910241481105E-03 -5.701538463114096E-02 -5.099915851388464E-03 
-7.649873777082451E-04 2.235270271552096E-03 -4.895919217333011E-03 5.131384616802695E-02 4.589924266249521E-03 2.354042504545290E-03 -6.878441895530167E-03 1.506587202909136E-02 -1.579045334226543E-01 -1.412425502727267E-02 -6.799887801851183E-03 1.986906908046219E-02 -4.351928193184794E-02 4.561230770491266E-01 4.079932681110743E-02 -1.127889524447507E-02 3.295659506363601E-02 -7.218492956464145E-02 7.565660720496332E-01 6.767337146685144E-02 1.912468444270613E-03 -5.588175678879669E-03 1.223979804333220E-02 -1.282846154200672E-01 -1.147481066562404E-02 
2.124964938077459E-04 -6.209084087643674E-04 1.359977560370207E-03 -1.425384615778509E-02 -1.274978962847160E-03 -6.209084087643562E-04 1.814275827171814E-03 -3.973813816092353E-03 4.164931278633871E-02 3.725450452586822E-03 1.359977560370164E-03 -3.973813816092474E-03 8.703856386369637E-03 -9.122461540982496E-02 -8.159865362221394E-03 -1.425384615778512E-02 4.164931278633886E-02 -9.122461540982497E-02 9.561199182586259E-01 8.552307694671080E-02 -1.274978962847136E-03 3.725450452586795E-03 -8.159865362221574E-03 8.552307694671096E-02 7.649873777082509E-03 
-1.283695372222837E-16 -3.407653036997049E-17 5.551115123125783E-17 -3.617731680181508E-18 -2.243902962949106E-17 -8.023300368579085E-17 2.299497785607416E-16 2.399886233615081E-17 -1.182044859798438E-16 -5.551115123125783E-17 -1.255091146182616E-16 1.308100355938767E-16 -5.763606352797579E-17 -3.143780421884948E-17 8.377294677121024E-17 6.219252621794918E-17 -1.047874027315482E-16 -1.122808749185932E-16 1.813635199012789E-16 -2.648776846908677E-17 -1.457725947521860E-02 4.259431684124050E-02 -9.329446064139896E-02 9.778138464240654E-01 8.746355685131166E-02 
2.576069038448050E-17 1.091809344835693E-16 -1.559750395998577E-17 -8.188530255359433E-17 1.000000000000000E+00 2.729563192997483E-17 -2.356236056254717E-16 3.639417590663310E-17 1.719337977888637E-16 0.000000000000000E+00 -1.409254622736326E-16 2.278357944621523E-16 -4.159334389329494E-17 -1.550474426488861E-16 1.097304543536614E-16 9.956726792916648E-17 -1.630890346832949E-16 3.639417590663311E-17 9.939922684668691E-17 -7.227163599919162E-17 -1.169812796998922E-17 6.169591136304501E-17 -1.559750395998558E-17 -3.440027943307022E-17 0.000000000000000E+00 
-1.622005678126573E-16 -6.352984410300250E-18 4.025089765030677E-17 3.117916076063113E-17 8.746355685131198E-02 1.661645057548622E-16 -1.571479064656825E-16 -3.509318529553718E-17 1.289503483416478E-16 9.778138464240650E-01 -2.821045991834818E-19 7.794796319594081E-17 -1.372783995161202E-17 -6.851029738344184E-17 -9.329446064139924E-02 5.514220329234658E-17 1.139497921849268E-16 -1.725666559500697E-17 -1.499508276779435E-16 4.259431684124073E-02 -5.882403663536797E-17 -2.839686450488481E-17 2.582679319184941E-17 5.833161595910639E-17 -1.457725947521863E-02 
-8.077648751441162E-17 3.757096186789201E-17 -2.272762301358370E-17 6.820533564492408E-19 -1.311953352769679E-01 3.964376679495737E-17 -5.923900675465886E-17 1.265245094367177E-16 -3.761051826631394E-17 7.737322137710041E-01 -5.248452508001969E-17 -1.617404246726611E-17 -9.962069033743046E-17 1.395945366871925E-16 4.664723032069970E-01 3.964376679495739E-17 1.130811460693155E-16 -2.369985411780568E-17 -2.279632201532239E-16 -1.614873158118204E-01 5.397347900451655E-17 -7.523905871528253E-17 1.952365803210223E-17 1.252971483758961E-16 5.247813411078717E-02 
-1.111943179732198E-16 -6.955155277929396E-17 2.179235827266344E-17 2.548226156919657E-17 -5.830903790087453E-02 1.623137980049864E-16 2.075749422929692E-16 3.749191194651714E-17 -1.074586236180398E-16 2.278602324471770E-01 -9.500688011711776E-17 -5.067848328947195E-16 -1.385352569566845E-17 4.486451472580815E-16 9.329446064139942E-01 -3.197523130441607E-17 4.920150584172231E-16 -1.324824197909820E-17 -4.903869272280345E-16 -1.462275793859527E-01 7.586263138976728E-17 -1.232536150361786E-16 -3.218250254441425E-17 1.237181420187966E-16 4.373177842565595E-02 
-1.353724791284372E-18 1.056357287498260E-16 2.595881109112548E-17 -1.445505039137946E-16 4.373177842565606E-02 -1.033788297363356E-16 -7.993222637322688E-17 1.745784935335434E-17 1.182044859798438E-16 -1.462275793859525E-01 2.185834780872791E-16 -2.521497371149017E-16 -4.754476226229898E-17 1.608623237972616E-16 9.329446064139941E-01 -1.588899809675935E-16 2.819738652435697E-16 5.602144853712062E-17 -2.643670399946518E-16 2.278602324471772E-01 4.503905740793445E-17 -5.552763050526711E-17 -5.189334671930145E-17 1.298507341313410E-16 -5.830903790087481E-02 
-6.566035070247721E-17 4.611437539485196E-16 3.680350188333605E-18 -4.098505522794478E-16 5.247813411078726E-02 -1.527430170926562E-16 -1.731998903088080E-16 1.370786648092650E-17 1.773067289697657E-16 -1.614873158118203E-01 8.022661402139423E-17 -3.185162919405400E-16 -5.922205514356910E-17 3.555053537044685E-16 4.664723032069969E-01 9.705716344800406E-17 2.472044330903674E-16 1.262603897880736E-16 -4.400645102169172E-16 7.737322137710042E-01 4.111959032573513E-17 -2.166320047895387E-16 -8.442655131376481E-17 3.171029798221311E-16 -1.311953352769681E-01 
1.831067457069329E-18 2.984463552163813E-16 9.278924747026294E-18 -2.943743695737232E-16 -1.457725947521859E-02 -2.899002464812259E-16 -9.422396819424961E-18 -4.393961052082919E-18 1.074586236180398E-17 4.259431684124089E-02 2.850847003881894E-16 -2.947218704435937E-16 -6.362069361543702E-17 2.873450688987961E-16 -9.329446064139924E-02 -2.274502013460610E-16 7.031321409954979E-17 1.617838707154003E-16 -7.887576886691509E-17 9.778138464240655E-01 2.304346799820282E-16 -6.461530205291239E-17 -1.030481407949067E-16 7.515920718003824E-17 8.746355685131139E-02 
0.000000000000000E+00 0.000000000000000E+00 0.000000000000000E+00 0.000000000000000E+00 0.000000000000000E+00 0.000000000000000E+00 0.000000000000000E+00 0.000000000000000E+00 0.000000000000000E+00 0.000000000000000E+00 0.000000000000000E+00 0.000000000000000E+00 0.000000000000000E+00 0.000000000000000E+00 0.000000000000000E+00 0.000000000000000E+00 0.000000000000000E+00 0.000000000000000E+00 0.000000000000000E+00 0.000000000000000E+00 0.000000000000000E+00 0.000000000000000E+00 0.000000000000000E+00 0.000000000000000E+00 1.000000000000000E+00 
% number of plot elements
98
% number of vertices per plot elements
3
% triangulation of plot nodes
27 20 19
29 30 22
29 37 30
21 13 20
26 25 33
11 3 10
11 19 12
25 17 24
33 25 32
8 9 1
8 1 0
18 17 25
2 9 10
35 27 34
19 11 18
43 51 44
30 23 22
45 46 38
6 5 13
34 42 35
46 39 38
42 43 35
44 36 43
41 42 34
44 51 52
16 9 8
2 10 3
9 17 10
17 16 24
17 9 16
19 18 26
10 17 18
32 25 24
26 18 25
18 11 10
12 13 5
27 19 26
20 12 19
34 27 26
36 37 29
1 9 2
3 11 4
11 12 4
20 13 12
4 12 5
7 6 14
21 14 13
6 13 14
7 14 15
15 14 22
29 22 21
23 15 22
38 30 37
31 23 30
38 31 30
28 21 20
22 14 21
27 28 20
27 35 28
28 29 21
28 36 29
35 36 28
35 43 36
45 44 52
37 36 44
44 45 37
53 60 61
45 38 37
39 31 38
52 53 45
46 47 39
46 45 53
46 54 47
54 55 47
54 62 55
46 53 54
52 60 53
54 53 61
55 62 63
54 61 62
52 51 59
41 34 33
52 59 60
51 58 59
40 33 32
34 26 33
40 41 33
50 43 42
51 50 58
51 43 50
49 41 48
48 41 40
49 42 41
49 48 56
50 49 57
50 42 49
50 57 58
49 56 57
% dual projection matrix
-2.712249755859378E-02 8.174365667993586E-02 -1.751708984374999E-01 3.892951616794393E-01 3.145065307617192E-01 3.276138305664063E-01 6.354537154131519E-02 2.387152777777818E-02 6.272958505590623E-02 -7.785797119140619E-02 -1.686096191406232E-02 2.900234930447048E-02 8.884006076388722E-03 -6.239626865234072E-03 2.059936523437487E-03 
-3.944946452321289E-03 1.168233201799682E-02 -1.930102935138421E-02 -1.059360205324445E-02 5.783348340154735E-02 4.602567251524153E-02 8.765402899848087E-01 7.223462301587265E-02 -7.367028130425353E-02 4.587583418118682E-02 1.050954289588562E-02 -9.702927992389325E-03 -6.035342176393444E-03 3.799202367914561E-03 -1.252851050468878E-03 
2.148151397705063E-03 -6.500053467720133E-03 1.141018337673597E-02 2.055507298015385E-03 -1.988649368286123E-02 -3.379821777343746E-02 7.186041937934029E-02 9.454210069444449E-01 7.186041937934000E-02 -3.379821777343744E-02 -1.988649368286123E-02 2.055507298015409E-03 1.141018337673599E-02 -6.500053467720170E-03 2.148151397705071E-03 
-1.252851050468875E-03 3.799202367914554E-03 -6.035342176393455E-03 -9.702927992389237E-03 1.050954289588566E-02 4.587583418118677E-02 -7.367028130425345E-02 7.223462301587256E-02 8.765402899848088E-01 4.602567251524173E-02 5.783348340154724E-02 -1.059360205324467E-02 -1.930102935138420E-02 1.168233201799683E-02 -3.944946452321295E-03 
2.059936523437486E-03 -6.239626865234073E-03 8.884006076388768E-03 2.900234930447030E-02 -1.686096191406243E-02 -7.785797119140625E-02 6.272958505590635E-02 2.387152777777845E-02 6.354537154131674E-02 3.276138305664072E-01 3.145065307617193E-01 3.892951616794399E-01 -1.751708984375000E-01 8.174365667993608E-02 -2.712249755859381E-02 
