******************************************
Nodal r-coordinates
25 1
-1.000000000000000 
-0.654653670707977 
-0.000000000000000 
0.654653670707977 
1.000000000000000 
-1.000000000000000 
-0.654653670707977 
-0.000000000000000 
0.654653670707977 
1.000000000000000 
-1.000000000000000 
-0.654653670707977 
-0.000000000000000 
0.654653670707977 
1.000000000000000 
-1.000000000000000 
-0.654653670707977 
-0.000000000000000 
0.654653670707977 
1.000000000000000 
-1.000000000000000 
-0.654653670707977 
-0.000000000000000 
0.654653670707977 
1.000000000000000 
******************************************
Nodal s-coordinates
25 1
-1.000000000000000 
-1.000000000000000 
-1.000000000000000 
-1.000000000000000 
-1.000000000000000 
-0.654653670707977 
-0.654653670707977 
-0.654653670707977 
-0.654653670707977 
-0.654653670707977 
-0.000000000000000 
-0.000000000000000 
-0.000000000000000 
-0.000000000000000 
-0.000000000000000 
0.654653670707977 
0.654653670707977 
0.654653670707977 
0.654653670707977 
0.654653670707977 
1.000000000000000 
1.000000000000000 
1.000000000000000 
1.000000000000000 
1.000000000000000 
******************************************
Nodal Dr differentiation matrix
25 25
-4.999999999999999 6.756502488724239 -2.666666666666666 1.410164177942427 -0.500000000000000 0.000000000000000 0.000000000000000 0.000000000000000 0.000000000000000 0.000000000000000 0.000000000000000 0.000000000000000 0.000000000000000 0.000000000000000 0.000000000000000 0.000000000000000 0.000000000000000 0.000000000000000 0.000000000000000 0.000000000000000 0.000000000000000 0.000000000000000 0.000000000000000 0.000000000000000 0.000000000000000 
-1.240990253030983 0.000000000000000 1.745743121887938 -0.763762615825973 0.259009746969017 0.000000000000000 0.000000000000000 0.000000000000000 0.000000000000000 0.000000000000000 0.000000000000000 0.000000000000000 0.000000000000000 0.000000000000000 0.000000000000000 0.000000000000000 0.000000000000000 0.000000000000000 0.000000000000000 0.000000000000000 0.000000000000000 0.000000000000000 0.000000000000000 0.000000000000000 0.000000000000000 
0.375000000000000 -1.336584577695454 0.000000000000000 1.336584577695453 -0.375000000000000 0.000000000000000 0.000000000000000 0.000000000000000 0.000000000000000 0.000000000000000 0.000000000000000 0.000000000000000 0.000000000000000 0.000000000000000 0.000000000000000 0.000000000000000 0.000000000000000 0.000000000000000 0.000000000000000 0.000000000000000 0.000000000000000 0.000000000000000 0.000000000000000 0.000000000000000 0.000000000000000 
-0.259009746969017 0.763762615825973 -1.745743121887938 0.000000000000000 1.240990253030984 0.000000000000000 0.000000000000000 0.000000000000000 0.000000000000000 0.000000000000000 0.000000000000000 0.000000000000000 0.000000000000000 0.000000000000000 0.000000000000000 0.000000000000000 0.000000000000000 0.000000000000000 0.000000000000000 0.000000000000000 0.000000000000000 0.000000000000000 0.000000000000000 0.000000000000000 0.000000000000000 
0.499999999999999 -1.410164177942426 2.666666666666664 -6.756502488724239 5.000000000000001 0.000000000000000 0.000000000000000 0.000000000000000 0.000000000000000 0.000000000000000 0.000000000000000 0.000000000000000 0.000000000000000 0.000000000000000 0.000000000000000 0.000000000000000 0.000000000000000 0.000000000000000 0.000000000000000 0.000000000000000 0.000000000000000 0.000000000000000 0.000000000000000 0.000000000000000 0.000000000000000 
0.000000000000000 0.000000000000000 0.000000000000000 0.000000000000000 0.000000000000000 -5.000000000000000 6.756502488724240 -2.666666666666664 1.410164177942426 -0.500000000000000 0.000000000000000 0.000000000000000 0.000000000000000 0.000000000000000 0.000000000000000 0.000000000000000 0.000000000000000 0.000000000000000 0.000000000000000 0.000000000000000 0.000000000000000 0.000000000000000 0.000000000000000 0.000000000000000 0.000000000000000 
0.000000000000000 0.000000000000000 0.000000000000000 0.000000000000000 0.000000000000000 -1.240990253030983 0.000000000000000 1.745743121887939 -0.763762615825973 0.259009746969017 0.000000000000000 0.000000000000000 0.000000000000000 0.000000000000000 0.000000000000000 0.000000000000000 0.000000000000000 0.000000000000000 0.000000000000000 0.000000000000000 0.000000000000000 0.000000000000000 0.000000000000000 0.000000000000000 0.000000000000000 
0.000000000000000 0.000000000000000 0.000000000000000 0.000000000000000 0.000000000000000 0.375000000000000 -1.336584577695454 0.000000000000000 1.336584577695453 -0.375000000000000 0.000000000000000 0.000000000000000 0.000000000000000 0.000000000000000 0.000000000000000 0.000000000000000 0.000000000000000 0.000000000000000 0.000000000000000 0.000000000000000 0.000000000000000 0.000000000000000 0.000000000000000 0.000000000000000 0.000000000000000 
0.000000000000000 0.000000000000000 0.000000000000000 0.000000000000000 0.000000000000000 -0.259009746969018 0.763762615825974 -1.745743121887938 0.000000000000000 1.240990253030984 0.000000000000000 0.000000000000000 0.000000000000000 0.000000000000000 0.000000000000000 0.000000000000000 0.000000000000000 0.000000000000000 0.000000000000000 0.000000000000000 0.000000000000000 0.000000000000000 0.000000000000000 0.000000000000000 0.000000000000000 
0.000000000000000 0.000000000000000 0.000000000000000 0.000000000000000 0.000000000000000 0.499999999999999 -1.410164177942431 2.666666666666663 -6.756502488724236 4.999999999999999 0.000000000000000 0.000000000000000 0.000000000000000 0.000000000000000 0.000000000000000 0.000000000000000 0.000000000000000 0.000000000000000 0.000000000000000 0.000000000000000 0.000000000000000 0.000000000000000 0.000000000000000 0.000000000000000 0.000000000000000 
0.000000000000000 0.000000000000000 0.000000000000000 0.000000000000000 0.000000000000000 0.000000000000000 0.000000000000000 0.000000000000000 0.000000000000000 0.000000000000000 -4.999999999999999 6.756502488724239 -2.666666666666664 1.410164177942427 -0.500000000000000 0.000000000000000 0.000000000000000 0.000000000000000 0.000000000000000 0.000000000000000 0.000000000000000 0.000000000000000 0.000000000000000 0.000000000000000 0.000000000000000 
0.000000000000000 0.000000000000000 0.000000000000000 0.000000000000000 0.000000000000000 0.000000000000000 0.000000000000000 0.000000000000000 0.000000000000000 0.000000000000000 -1.240990253030983 0.000000000000000 1.745743121887938 -0.763762615825973 0.259009746969017 0.000000000000000 0.000000000000000 0.000000000000000 0.000000000000000 0.000000000000000 0.000000000000000 0.000000000000000 0.000000000000000 0.000000000000000 0.000000000000000 
0.000000000000000 0.000000000000000 0.000000000000000 0.000000000000000 0.000000000000000 0.000000000000000 0.000000000000000 0.000000000000000 0.000000000000000 0.000000000000000 0.375000000000000 -1.336584577695454 0.000000000000000 1.336584577695453 -0.375000000000000 0.000000000000000 0.000000000000000 0.000000000000000 0.000000000000000 0.000000000000000 0.000000000000000 0.000000000000000 0.000000000000000 0.000000000000000 0.000000000000000 
0.000000000000000 0.000000000000000 0.000000000000000 0.000000000000000 0.000000000000000 0.000000000000000 0.000000000000000 0.000000000000000 0.000000000000000 0.000000000000000 -0.259009746969017 0.763762615825973 -1.745743121887938 0.000000000000000 1.240990253030984 0.000000000000000 0.000000000000000 0.000000000000000 0.000000000000000 0.000000000000000 0.000000000000000 0.000000000000000 0.000000000000000 0.000000000000000 0.000000000000000 
0.000000000000000 0.000000000000000 0.000000000000000 0.000000000000000 0.000000000000000 0.000000000000000 0.000000000000000 0.000000000000000 0.000000000000000 0.000000000000000 0.500000000000002 -1.410164177942429 2.666666666666663 -6.756502488724237 5.000000000000000 0.000000000000000 0.000000000000000 0.000000000000000 0.000000000000000 0.000000000000000 0.000000000000000 0.000000000000000 0.000000000000000 0.000000000000000 0.000000000000000 
0.000000000000000 0.000000000000000 0.000000000000000 0.000000000000000 0.000000000000000 0.000000000000000 0.000000000000000 0.000000000000000 0.000000000000000 0.000000000000000 0.000000000000000 0.000000000000000 0.000000000000000 0.000000000000000 0.000000000000000 -5.000000000000001 6.756502488724239 -2.666666666666665 1.410164177942426 -0.500000000000000 0.000000000000000 0.000000000000000 0.000000000000000 0.000000000000000 0.000000000000000 
0.000000000000000 0.000000000000000 0.000000000000000 0.000000000000000 0.000000000000000 0.000000000000000 0.000000000000000 0.000000000000000 0.000000000000000 0.000000000000000 0.000000000000000 0.000000000000000 0.000000000000000 0.000000000000000 0.000000000000000 -1.240990253030983 0.000000000000000 1.745743121887938 -0.763762615825973 0.259009746969017 0.000000000000000 0.000000000000000 0.000000000000000 0.000000000000000 0.000000000000000 
0.000000000000000 0.000000000000000 0.000000000000000 0.000000000000000 0.000000000000000 0.000000000000000 0.000000000000000 0.000000000000000 0.000000000000000 0.000000000000000 0.000000000000000 0.000000000000000 0.000000000000000 0.000000000000000 0.000000000000000 0.375000000000000 -1.336584577695453 0.000000000000000 1.336584577695453 -0.375000000000000 0.000000000000000 0.000000000000000 0.000000000000000 0.000000000000000 0.000000000000000 
0.000000000000000 0.000000000000000 0.000000000000000 0.000000000000000 0.000000000000000 0.000000000000000 0.000000000000000 0.000000000000000 0.000000000000000 0.000000000000000 0.000000000000000 0.000000000000000 0.000000000000000 0.000000000000000 0.000000000000000 -0.259009746969017 0.763762615825973 -1.745743121887939 0.000000000000000 1.240990253030984 0.000000000000000 0.000000000000000 0.000000000000000 0.000000000000000 0.000000000000000 
0.000000000000000 0.000000000000000 0.000000000000000 0.000000000000000 0.000000000000000 0.000000000000000 0.000000000000000 0.000000000000000 0.000000000000000 0.000000000000000 0.000000000000000 0.000000000000000 0.000000000000000 0.000000000000000 0.000000000000000 0.500000000000001 -1.410164177942430 2.666666666666665 -6.756502488724238 4.999999999999998 0.000000000000000 0.000000000000000 0.000000000000000 0.000000000000000 0.000000000000000 
0.000000000000000 0.000000000000000 0.000000000000000 0.000000000000000 0.000000000000000 0.000000000000000 0.000000000000000 0.000000000000000 0.000000000000000 0.000000000000000 0.000000000000000 0.000000000000000 0.000000000000000 0.000000000000000 0.000000000000000 0.000000000000000 0.000000000000000 0.000000000000000 0.000000000000000 0.000000000000000 -4.999999999999999 6.756502488724238 -2.666666666666665 1.410164177942427 -0.500000000000001 
0.000000000000000 0.000000000000000 0.000000000000000 0.000000000000000 0.000000000000000 0.000000000000000 0.000000000000000 0.000000000000000 0.000000000000000 0.000000000000000 0.000000000000000 0.000000000000000 0.000000000000000 0.000000000000000 0.000000000000000 0.000000000000000 0.000000000000000 0.000000000000000 0.000000000000000 0.000000000000000 -1.240990253030983 0.000000000000000 1.745743121887938 -0.763762615825973 0.259009746969017 
0.000000000000000 0.000000000000000 0.000000000000000 0.000000000000000 0.000000000000000 0.000000000000000 0.000000000000000 0.000000000000000 0.000000000000000 0.000000000000000 0.000000000000000 0.000000000000000 0.000000000000000 0.000000000000000 0.000000000000000 0.000000000000000 0.000000000000000 0.000000000000000 0.000000000000000 0.000000000000000 0.375000000000000 -1.336584577695454 0.000000000000000 1.336584577695453 -0.375000000000000 
0.000000000000000 0.000000000000000 0.000000000000000 0.000000000000000 0.000000000000000 0.000000000000000 0.000000000000000 0.000000000000000 0.000000000000000 0.000000000000000 0.000000000000000 0.000000000000000 0.000000000000000 0.000000000000000 0.000000000000000 0.000000000000000 0.000000000000000 0.000000000000000 0.000000000000000 0.000000000000000 -0.259009746969017 0.763762615825975 -1.745743121887940 0.000000000000000 1.240990253030984 
0.000000000000000 0.000000000000000 0.000000000000000 0.000000000000000 0.000000000000000 0.000000000000000 0.000000000000000 0.000000000000000 0.000000000000000 0.000000000000000 0.000000000000000 0.000000000000000 0.000000000000000 0.000000000000000 0.000000000000000 0.000000000000000 0.000000000000000 0.000000000000000 0.000000000000000 0.000000000000000 0.500000000000001 -1.410164177942423 2.666666666666664 -6.756502488724239 5.000000000000000 
******************************************
Nodal Ds differentiation matrix
25 25
-5.000000000000002 0.000000000000000 0.000000000000000 0.000000000000000 0.000000000000000 6.756502488724237 0.000000000000000 0.000000000000000 0.000000000000000 0.000000000000000 -2.666666666666666 0.000000000000000 0.000000000000000 0.000000000000000 0.000000000000000 1.410164177942427 0.000000000000000 0.000000000000000 0.000000000000000 0.000000000000000 -0.500000000000000 0.000000000000000 0.000000000000000 0.000000000000000 0.000000000000000 
0.000000000000000 -4.999999999999997 0.000000000000000 0.000000000000000 0.000000000000000 0.000000000000000 6.756502488724241 0.000000000000000 0.000000000000000 0.000000000000000 0.000000000000000 -2.666666666666663 0.000000000000000 0.000000000000000 0.000000000000000 0.000000000000000 1.410164177942427 0.000000000000000 0.000000000000000 0.000000000000000 0.000000000000000 -0.500000000000000 0.000000000000000 0.000000000000000 0.000000000000000 
0.000000000000000 0.000000000000000 -4.999999999999998 0.000000000000000 0.000000000000000 0.000000000000000 0.000000000000000 6.756502488724239 0.000000000000000 0.000000000000000 0.000000000000000 0.000000000000000 -2.666666666666665 0.000000000000000 0.000000000000000 0.000000000000000 0.000000000000000 1.410164177942427 0.000000000000000 0.000000000000000 0.000000000000000 0.000000000000000 -0.500000000000001 0.000000000000000 0.000000000000000 
0.000000000000000 0.000000000000000 0.000000000000000 -4.999999999999998 0.000000000000000 0.000000000000000 0.000000000000000 0.000000000000000 6.756502488724239 0.000000000000000 0.000000000000000 0.000000000000000 0.000000000000000 -2.666666666666667 0.000000000000000 0.000000000000000 0.000000000000000 0.000000000000000 1.410164177942427 0.000000000000000 0.000000000000000 0.000000000000000 0.000000000000000 -0.500000000000000 0.000000000000000 
0.000000000000000 0.000000000000000 0.000000000000000 0.000000000000000 -5.000000000000000 0.000000000000000 0.000000000000000 0.000000000000000 0.000000000000000 6.756502488724238 0.000000000000000 0.000000000000000 0.000000000000000 0.000000000000000 -2.666666666666663 0.000000000000000 0.000000000000000 0.000000000000000 0.000000000000000 1.410164177942425 0.000000000000000 0.000000000000000 0.000000000000000 0.000000000000000 -0.500000000000001 
-1.240990253030983 0.000000000000000 0.000000000000000 0.000000000000000 0.000000000000000 0.000000000000000 0.000000000000000 0.000000000000000 0.000000000000000 0.000000000000000 1.745743121887939 0.000000000000000 0.000000000000000 0.000000000000000 0.000000000000000 -0.763762615825973 0.000000000000000 0.000000000000000 0.000000000000000 0.000000000000000 0.259009746969017 0.000000000000000 0.000000000000000 0.000000000000000 0.000000000000000 
0.000000000000000 -1.240990253030983 0.000000000000000 0.000000000000000 0.000000000000000 0.000000000000000 0.000000000000000 0.000000000000000 0.000000000000000 0.000000000000000 0.000000000000000 1.745743121887938 0.000000000000000 0.000000000000000 0.000000000000000 0.000000000000000 -0.763762615825973 0.000000000000000 0.000000000000000 0.000000000000000 0.000000000000000 0.259009746969017 0.000000000000000 0.000000000000000 0.000000000000000 
0.000000000000000 0.000000000000000 -1.240990253030983 0.000000000000000 0.000000000000000 0.000000000000000 0.000000000000000 0.000000000000000 0.000000000000000 0.000000000000000 0.000000000000000 0.000000000000000 1.745743121887939 0.000000000000000 0.000000000000000 0.000000000000000 0.000000000000000 -0.763762615825973 0.000000000000000 0.000000000000000 0.000000000000000 0.000000000000000 0.259009746969017 0.000000000000000 0.000000000000000 
0.000000000000000 0.000000000000000 0.000000000000000 -1.240990253030983 0.000000000000000 0.000000000000000 0.000000000000000 0.000000000000000 0.000000000000000 0.000000000000000 0.000000000000000 0.000000000000000 0.000000000000000 1.745743121887939 0.000000000000000 0.000000000000000 0.000000000000000 0.000000000000000 -0.763762615825973 0.000000000000000 0.000000000000000 0.000000000000000 0.000000000000000 0.259009746969017 0.000000000000000 
0.000000000000000 0.000000000000000 0.000000000000000 0.000000000000000 -1.240990253030983 0.000000000000000 0.000000000000000 0.000000000000000 0.000000000000000 0.000000000000000 0.000000000000000 0.000000000000000 0.000000000000000 0.000000000000000 1.745743121887938 0.000000000000000 0.000000000000000 0.000000000000000 0.000000000000000 -0.763762615825973 0.000000000000000 0.000000000000000 0.000000000000000 0.000000000000000 0.259009746969017 
0.375000000000000 0.000000000000000 0.000000000000000 0.000000000000000 0.000000000000000 -1.336584577695454 0.000000000000000 0.000000000000000 0.000000000000000 0.000000000000000 0.000000000000000 0.000000000000000 0.000000000000000 0.000000000000000 0.000000000000000 1.336584577695453 0.000000000000000 0.000000000000000 0.000000000000000 0.000000000000000 -0.375000000000000 0.000000000000000 0.000000000000000 0.000000000000000 0.000000000000000 
0.000000000000000 0.375000000000000 0.000000000000000 0.000000000000000 0.000000000000000 0.000000000000000 -1.336584577695454 0.000000000000000 0.000000000000000 0.000000000000000 0.000000000000000 0.000000000000000 0.000000000000000 0.000000000000000 0.000000000000000 0.000000000000000 1.336584577695453 0.000000000000000 0.000000000000000 0.000000000000000 0.000000000000000 -0.375000000000000 0.000000000000000 0.000000000000000 0.000000000000000 
0.000000000000000 0.000000000000000 0.375000000000000 0.000000000000000 0.000000000000000 0.000000000000000 0.000000000000000 -1.336584577695453 0.000000000000000 0.000000000000000 0.000000000000000 0.000000000000000 0.000000000000000 0.000000000000000 0.000000000000000 0.000000000000000 0.000000000000000 1.336584577695453 0.000000000000000 0.000000000000000 0.000000000000000 0.000000000000000 -0.375000000000000 0.000000000000000 0.000000000000000 
0.000000000000000 0.000000000000000 0.000000000000000 0.375000000000000 0.000000000000000 0.000000000000000 0.000000000000000 0.000000000000000 -1.336584577695454 0.000000000000000 0.000000000000000 0.000000000000000 0.000000000000000 0.000000000000000 0.000000000000000 0.000000000000000 0.000000000000000 0.000000000000000 1.336584577695453 0.000000000000000 0.000000000000000 0.000000000000000 0.000000000000000 -0.375000000000000 0.000000000000000 
0.000000000000000 0.000000000000000 0.000000000000000 0.000000000000000 0.375000000000000 0.000000000000000 0.000000000000000 0.000000000000000 0.000000000000000 -1.336584577695453 0.000000000000000 0.000000000000000 0.000000000000000 0.000000000000000 0.000000000000000 0.000000000000000 0.000000000000000 0.000000000000000 0.000000000000000 1.336584577695453 0.000000000000000 0.000000000000000 0.000000000000000 0.000000000000000 -0.375000000000000 
-0.259009746969017 0.000000000000000 0.000000000000000 0.000000000000000 0.000000000000000 0.763762615825973 0.000000000000000 0.000000000000000 0.000000000000000 0.000000000000000 -1.745743121887939 0.000000000000000 0.000000000000000 0.000000000000000 0.000000000000000 0.000000000000000 0.000000000000000 0.000000000000000 0.000000000000000 0.000000000000000 1.240990253030984 0.000000000000000 0.000000000000000 0.000000000000000 0.000000000000000 
0.000000000000000 -0.259009746969017 0.000000000000000 0.000000000000000 0.000000000000000 0.000000000000000 0.763762615825973 0.000000000000000 0.000000000000000 0.000000000000000 0.000000000000000 -1.745743121887938 0.000000000000000 0.000000000000000 0.000000000000000 0.000000000000000 0.000000000000000 0.000000000000000 0.000000000000000 0.000000000000000 0.000000000000000 1.240990253030984 0.000000000000000 0.000000000000000 0.000000000000000 
0.000000000000000 0.000000000000000 -0.259009746969017 0.000000000000000 0.000000000000000 0.000000000000000 0.000000000000000 0.763762615825973 0.000000000000000 0.000000000000000 0.000000000000000 0.000000000000000 -1.745743121887938 0.000000000000000 0.000000000000000 0.000000000000000 0.000000000000000 0.000000000000000 0.000000000000000 0.000000000000000 0.000000000000000 0.000000000000000 1.240990253030984 0.000000000000000 0.000000000000000 
0.000000000000000 0.000000000000000 0.000000000000000 -0.259009746969017 0.000000000000000 0.000000000000000 0.000000000000000 0.000000000000000 0.763762615825973 0.000000000000000 0.000000000000000 0.000000000000000 0.000000000000000 -1.745743121887939 0.000000000000000 0.000000000000000 0.000000000000000 0.000000000000000 0.000000000000000 0.000000000000000 0.000000000000000 0.000000000000000 0.000000000000000 1.240990253030984 0.000000000000000 
0.000000000000000 0.000000000000000 0.000000000000000 0.000000000000000 -0.259009746969017 0.000000000000000 0.000000000000000 0.000000000000000 0.000000000000000 0.763762615825974 0.000000000000000 0.000000000000000 0.000000000000000 0.000000000000000 -1.745743121887938 0.000000000000000 0.000000000000000 0.000000000000000 0.000000000000000 0.000000000000000 0.000000000000000 0.000000000000000 0.000000000000000 0.000000000000000 1.240990253030984 
0.500000000000002 0.000000000000000 0.000000000000000 0.000000000000000 0.000000000000000 -1.410164177942427 0.000000000000000 0.000000000000000 0.000000000000000 0.000000000000000 2.666666666666665 0.000000000000000 0.000000000000000 0.000000000000000 0.000000000000000 -6.756502488724236 0.000000000000000 0.000000000000000 0.000000000000000 0.000000000000000 4.999999999999999 0.000000000000000 0.000000000000000 0.000000000000000 0.000000000000000 
0.000000000000000 0.500000000000000 0.000000000000000 0.000000000000000 0.000000000000000 0.000000000000000 -1.410164177942428 0.000000000000000 0.000000000000000 0.000000000000000 0.000000000000000 2.666666666666664 0.000000000000000 0.000000000000000 0.000000000000000 0.000000000000000 -6.756502488724237 0.000000000000000 0.000000000000000 0.000000000000000 0.000000000000000 5.000000000000000 0.000000000000000 0.000000000000000 0.000000000000000 
0.000000000000000 0.000000000000000 0.500000000000000 0.000000000000000 0.000000000000000 0.000000000000000 0.000000000000000 -1.410164177942429 0.000000000000000 0.000000000000000 0.000000000000000 0.000000000000000 2.666666666666664 0.000000000000000 0.000000000000000 0.000000000000000 0.000000000000000 -6.756502488724236 0.000000000000000 0.000000000000000 0.000000000000000 0.000000000000000 5.000000000000001 0.000000000000000 0.000000000000000 
0.000000000000000 0.000000000000000 0.000000000000000 0.499999999999999 0.000000000000000 0.000000000000000 0.000000000000000 0.000000000000000 -1.410164177942425 0.000000000000000 0.000000000000000 0.000000000000000 0.000000000000000 2.666666666666666 0.000000000000000 0.000000000000000 0.000000000000000 0.000000000000000 -6.756502488724239 0.000000000000000 0.000000000000000 0.000000000000000 0.000000000000000 5.000000000000001 0.000000000000000 
0.000000000000000 0.000000000000000 0.000000000000000 0.000000000000000 0.499999999999998 0.000000000000000 0.000000000000000 0.000000000000000 0.000000000000000 -1.410164177942424 0.000000000000000 0.000000000000000 0.000000000000000 0.000000000000000 2.666666666666663 0.000000000000000 0.000000000000000 0.000000000000000 0.000000000000000 -6.756502488724240 0.000000000000000 0.000000000000000 0.000000000000000 0.000000000000000 5.000000000000002 
******************************************
Nodal Face nodes
4 5
0 1 2 3 4 
4 9 14 19 24 
20 21 22 23 24 
0 5 10 15 20 
******************************************
Nodal Lift Matrix
25 20
12.500000000000011 0.000000000000000 0.000000000000000 0.000000000000000 0.000000000000000 2.500000000000004 0.000000000000000 0.000000000000000 0.000000000000000 0.000000000000000 2.500000000000004 0.000000000000000 0.000000000000000 0.000000000000000 0.000000000000000 12.500000000000012 0.000000000000000 0.000000000000000 0.000000000000000 0.000000000000000 
0.000000000000000 12.500000000000012 0.000000000000000 0.000000000000000 0.000000000000000 -1.071428571428572 0.000000000000000 0.000000000000000 0.000000000000000 0.000000000000000 0.000000000000000 2.500000000000004 0.000000000000000 0.000000000000000 0.000000000000000 -1.071428571428572 0.000000000000000 0.000000000000000 0.000000000000000 0.000000000000000 
0.000000000000000 0.000000000000000 12.500000000000014 0.000000000000000 0.000000000000000 0.937500000000001 0.000000000000000 0.000000000000000 0.000000000000000 0.000000000000000 0.000000000000000 0.000000000000000 2.500000000000004 0.000000000000000 0.000000000000000 0.937500000000000 0.000000000000000 0.000000000000000 0.000000000000000 0.000000000000000 
0.000000000000000 0.000000000000000 0.000000000000000 12.500000000000014 0.000000000000000 -1.071428571428571 0.000000000000000 0.000000000000000 0.000000000000000 0.000000000000000 0.000000000000000 0.000000000000000 0.000000000000000 2.500000000000004 0.000000000000000 -1.071428571428573 0.000000000000000 0.000000000000000 0.000000000000000 0.000000000000000 
0.000000000000000 0.000000000000000 0.000000000000000 0.000000000000000 12.500000000000009 12.500000000000012 0.000000000000000 0.000000000000000 0.000000000000000 0.000000000000000 0.000000000000000 0.000000000000000 0.000000000000000 0.000000000000000 2.500000000000004 2.500000000000004 0.000000000000000 0.000000000000000 0.000000000000000 0.000000000000000 
-1.071428571428572 0.000000000000000 0.000000000000000 0.000000000000000 0.000000000000000 0.000000000000000 2.500000000000003 0.000000000000000 0.000000000000000 0.000000000000000 -1.071428571428572 0.000000000000000 0.000000000000000 0.000000000000000 0.000000000000000 0.000000000000000 12.500000000000011 0.000000000000000 0.000000000000000 0.000000000000000 
0.000000000000000 -1.071428571428572 0.000000000000000 0.000000000000000 0.000000000000000 0.000000000000000 -1.071428571428572 0.000000000000000 0.000000000000000 0.000000000000000 0.000000000000000 -1.071428571428572 0.000000000000000 0.000000000000000 0.000000000000000 0.000000000000000 -1.071428571428572 0.000000000000000 0.000000000000000 0.000000000000000 
0.000000000000000 0.000000000000000 -1.071428571428572 0.000000000000000 0.000000000000000 0.000000000000000 0.937500000000001 0.000000000000000 0.000000000000000 0.000000000000000 0.000000000000000 0.000000000000000 -1.071428571428572 0.000000000000000 0.000000000000000 0.000000000000000 0.937500000000000 0.000000000000000 0.000000000000000 0.000000000000000 
0.000000000000000 0.000000000000000 0.000000000000000 -1.071428571428572 0.000000000000000 0.000000000000000 -1.071428571428571 0.000000000000000 0.000000000000000 0.000000000000000 0.000000000000000 0.000000000000000 0.000000000000000 -1.071428571428572 0.000000000000000 0.000000000000000 -1.071428571428573 0.000000000000000 0.000000000000000 0.000000000000000 
0.000000000000000 0.000000000000000 0.000000000000000 0.000000000000000 -1.071428571428572 0.000000000000000 12.500000000000011 0.000000000000000 0.000000000000000 0.000000000000000 0.000000000000000 0.000000000000000 0.000000000000000 0.000000000000000 -1.071428571428572 0.000000000000000 2.500000000000003 0.000000000000000 0.000000000000000 0.000000000000000 
0.937500000000000 0.000000000000000 0.000000000000000 0.000000000000000 0.000000000000000 0.000000000000000 0.000000000000000 2.500000000000004 0.000000000000000 0.000000000000000 0.937500000000001 0.000000000000000 0.000000000000000 0.000000000000000 0.000000000000000 0.000000000000000 0.000000000000000 12.500000000000012 0.000000000000000 0.000000000000000 
0.000000000000000 0.937500000000000 0.000000000000000 0.000000000000000 0.000000000000000 0.000000000000000 0.000000000000000 -1.071428571428572 0.000000000000000 0.000000000000000 0.000000000000000 0.937500000000001 0.000000000000000 0.000000000000000 0.000000000000000 0.000000000000000 0.000000000000000 -1.071428571428572 0.000000000000000 0.000000000000000 
0.000000000000000 0.000000000000000 0.937500000000001 0.000000000000000 0.000000000000000 0.000000000000000 0.000000000000000 0.937500000000001 0.000000000000000 0.000000000000000 0.000000000000000 0.000000000000000 0.937500000000001 0.000000000000000 0.000000000000000 0.000000000000000 0.000000000000000 0.937500000000001 0.000000000000000 0.000000000000000 
0.000000000000000 0.000000000000000 0.000000000000000 0.937500000000000 0.000000000000000 0.000000000000000 0.000000000000000 -1.071428571428571 0.000000000000000 0.000000000000000 0.000000000000000 0.000000000000000 0.000000000000000 0.937500000000001 0.000000000000000 0.000000000000000 0.000000000000000 -1.071428571428573 0.000000000000000 0.000000000000000 
0.000000000000000 0.000000000000000 0.000000000000000 0.000000000000000 0.937500000000000 0.000000000000000 0.000000000000000 12.500000000000012 0.000000000000000 0.000000000000000 0.000000000000000 0.000000000000000 0.000000000000000 0.000000000000000 0.937500000000001 0.000000000000000 0.000000000000000 2.500000000000004 0.000000000000000 0.000000000000000 
-1.071428571428573 0.000000000000000 0.000000000000000 0.000000000000000 0.000000000000000 0.000000000000000 0.000000000000000 0.000000000000000 2.500000000000004 0.000000000000000 -1.071428571428571 0.000000000000000 0.000000000000000 0.000000000000000 0.000000000000000 0.000000000000000 0.000000000000000 0.000000000000000 12.500000000000012 0.000000000000000 
0.000000000000000 -1.071428571428572 0.000000000000000 0.000000000000000 0.000000000000000 0.000000000000000 0.000000000000000 0.000000000000000 -1.071428571428572 0.000000000000000 0.000000000000000 -1.071428571428571 0.000000000000000 0.000000000000000 0.000000000000000 0.000000000000000 0.000000000000000 0.000000000000000 -1.071428571428572 0.000000000000000 
0.000000000000000 0.000000000000000 -1.071428571428573 0.000000000000000 0.000000000000000 0.000000000000000 0.000000000000000 0.000000000000000 0.937500000000001 0.000000000000000 0.000000000000000 0.000000000000000 -1.071428571428571 0.000000000000000 0.000000000000000 0.000000000000000 0.000000000000000 0.000000000000000 0.937500000000000 0.000000000000000 
0.000000000000000 0.000000000000000 0.000000000000000 -1.071428571428572 0.000000000000000 0.000000000000000 0.000000000000000 0.000000000000000 -1.071428571428571 0.000000000000000 0.000000000000000 0.000000000000000 0.000000000000000 -1.071428571428571 0.000000000000000 0.000000000000000 0.000000000000000 0.000000000000000 -1.071428571428573 0.000000000000000 
0.000000000000000 0.000000000000000 0.000000000000000 0.000000000000000 -1.071428571428572 0.000000000000000 0.000000000000000 0.000000000000000 12.500000000000012 0.000000000000000 0.000000000000000 0.000000000000000 0.000000000000000 0.000000000000000 -1.071428571428571 0.000000000000000 0.000000000000000 0.000000000000000 2.500000000000004 0.000000000000000 
2.500000000000004 0.000000000000000 0.000000000000000 0.000000000000000 0.000000000000000 0.000000000000000 0.000000000000000 0.000000000000000 0.000000000000000 2.500000000000003 12.500000000000011 0.000000000000000 0.000000000000000 0.000000000000000 0.000000000000000 0.000000000000000 0.000000000000000 0.000000000000000 0.000000000000000 12.500000000000009 
0.000000000000000 2.500000000000004 0.000000000000000 0.000000000000000 0.000000000000000 0.000000000000000 0.000000000000000 0.000000000000000 0.000000000000000 -1.071428571428572 0.000000000000000 12.500000000000012 0.000000000000000 0.000000000000000 0.000000000000000 0.000000000000000 0.000000000000000 0.000000000000000 0.000000000000000 -1.071428571428572 
0.000000000000000 0.000000000000000 2.500000000000004 0.000000000000000 0.000000000000000 0.000000000000000 0.000000000000000 0.000000000000000 0.000000000000000 0.937500000000000 0.000000000000000 0.000000000000000 12.500000000000014 0.000000000000000 0.000000000000000 0.000000000000000 0.000000000000000 0.000000000000000 0.000000000000000 0.937500000000000 
0.000000000000000 0.000000000000000 0.000000000000000 2.500000000000004 0.000000000000000 0.000000000000000 0.000000000000000 0.000000000000000 0.000000000000000 -1.071428571428571 0.000000000000000 0.000000000000000 0.000000000000000 12.500000000000014 0.000000000000000 0.000000000000000 0.000000000000000 0.000000000000000 0.000000000000000 -1.071428571428572 
0.000000000000000 0.000000000000000 0.000000000000000 0.000000000000000 2.500000000000004 0.000000000000000 0.000000000000000 0.000000000000000 0.000000000000000 12.500000000000009 0.000000000000000 0.000000000000000 0.000000000000000 0.000000000000000 12.500000000000009 0.000000000000000 0.000000000000000 0.000000000000000 0.000000000000000 2.500000000000003 
******************************************
Nodal 1D GLL Nodes
5 1
-1.000000000000000 
-0.654653670707977 
-0.000000000000000 
0.654653670707977 
1.000000000000000 
******************************************
Nodal 1D GLL Weights
5 1
0.100000000000000 
0.544444444444445 
0.711111111111111 
0.544444444444445 
0.100000000000000 
******************************************
Nodal 1D differentiation matrix
5 5
-5.000000000000000 6.756502488724238 -2.666666666666665 1.410164177942427 -0.500000000000000 
-1.240990253030983 0.000000000000000 1.745743121887938 -0.763762615825973 0.259009746969017 
0.375000000000000 -1.336584577695454 0.000000000000000 1.336584577695453 -0.375000000000000 
-0.259009746969017 0.763762615825974 -1.745743121887938 -0.000000000000001 1.240990253030984 
0.500000000000000 -1.410164177942426 2.666666666666663 -6.756502488724239 5.000000000000001 
******************************************
Plotting r-coordinates
64 1
-1.000000000000000 
-1.000000000000000 
-1.000000000000000 
-1.000000000000000 
-1.000000000000000 
-1.000000000000000 
-1.000000000000000 
-1.000000000000000 
-0.714285714285714 
-0.714285714285714 
-0.714285714285714 
-0.714285714285714 
-0.714285714285714 
-0.714285714285714 
-0.714285714285714 
-0.714285714285714 
-0.428571428571429 
-0.428571428571429 
-0.428571428571429 
-0.428571428571429 
-0.428571428571429 
-0.428571428571429 
-0.428571428571429 
-0.428571428571429 
-0.142857142857143 
-0.142857142857143 
-0.142857142857143 
-0.142857142857143 
-0.142857142857143 
-0.142857142857143 
-0.142857142857143 
-0.142857142857143 
0.142857142857143 
0.142857142857143 
0.142857142857143 
0.142857142857143 
0.142857142857143 
0.142857142857143 
0.142857142857143 
0.142857142857143 
0.428571428571428 
0.428571428571428 
0.428571428571428 
0.428571428571428 
0.428571428571428 
0.428571428571428 
0.428571428571428 
0.428571428571428 
0.714285714285714 
0.714285714285714 
0.714285714285714 
0.714285714285714 
0.714285714285714 
0.714285714285714 
0.714285714285714 
0.714285714285714 
1.000000000000000 
1.000000000000000 
1.000000000000000 
1.000000000000000 
1.000000000000000 
1.000000000000000 
1.000000000000000 
1.000000000000000 
******************************************
Plotting s-coordinates
64 1
-1.000000000000000 
-0.714285714285714 
-0.428571428571429 
-0.142857142857143 
0.142857142857143 
0.428571428571428 
0.714285714285714 
1.000000000000000 
-1.000000000000000 
-0.714285714285714 
-0.428571428571429 
-0.142857142857143 
0.142857142857143 
0.428571428571428 
0.714285714285714 
1.000000000000000 
-1.000000000000000 
-0.714285714285714 
-0.428571428571429 
-0.142857142857143 
0.142857142857143 
0.428571428571428 
0.714285714285714 
1.000000000000000 
-1.000000000000000 
-0.714285714285714 
-0.428571428571429 
-0.142857142857143 
0.142857142857143 
0.428571428571428 
0.714285714285714 
1.000000000000000 
-1.000000000000000 
-0.714285714285714 
-0.428571428571429 
-0.142857142857143 
0.142857142857143 
0.428571428571428 
0.714285714285714 
1.000000000000000 
-1.000000000000000 
-0.714285714285714 
-0.428571428571429 
-0.142857142857143 
0.142857142857143 
0.428571428571428 
0.714285714285714 
1.000000000000000 
-1.000000000000000 
-0.714285714285714 
-0.428571428571429 
-0.142857142857143 
0.142857142857143 
0.428571428571428 
0.714285714285714 
1.000000000000000 
-1.000000000000000 
-0.714285714285714 
-0.428571428571429 
-0.142857142857143 
0.142857142857143 
0.428571428571428 
0.714285714285714 
1.000000000000000 
******************************************
Plotting Interpolation Matrix
64 25
1.000000000000000 -0.000000000000000 0.000000000000000 -0.000000000000000 -0.000000000000000 -0.000000000000000 0.000000000000000 -0.000000000000000 0.000000000000000 0.000000000000000 0.000000000000000 -0.000000000000000 -0.000000000000000 0.000000000000000 -0.000000000000000 -0.000000000000000 0.000000000000000 0.000000000000000 0.000000000000000 0.000000000000000 -0.000000000000000 0.000000000000000 -0.000000000000000 0.000000000000000 0.000000000000000 
0.087463556851312 0.000000000000000 0.000000000000000 -0.000000000000000 -0.000000000000000 0.977813846424065 0.000000000000000 0.000000000000000 -0.000000000000000 -0.000000000000000 -0.093294460641399 -0.000000000000000 0.000000000000000 0.000000000000000 -0.000000000000000 0.042594316841241 -0.000000000000000 -0.000000000000000 0.000000000000000 0.000000000000000 -0.014577259475219 -0.000000000000000 -0.000000000000000 -0.000000000000000 0.000000000000000 
-0.131195335276968 0.000000000000000 -0.000000000000000 -0.000000000000000 0.000000000000000 0.773732213771004 0.000000000000000 0.000000000000000 -0.000000000000000 -0.000000000000000 0.466472303206997 0.000000000000000 0.000000000000000 -0.000000000000000 -0.000000000000000 -0.161487315811820 -0.000000000000000 0.000000000000000 0.000000000000000 -0.000000000000000 0.052478134110787 -0.000000000000000 0.000000000000000 -0.000000000000000 -0.000000000000000 
-0.058309037900875 0.000000000000000 0.000000000000000 -0.000000000000000 -0.000000000000000 0.227860232447177 0.000000000000000 0.000000000000000 -0.000000000000000 -0.000000000000000 0.932944606413994 0.000000000000000 -0.000000000000000 -0.000000000000000 0.000000000000000 -0.146227579385953 0.000000000000000 -0.000000000000000 -0.000000000000000 -0.000000000000000 0.043731778425656 0.000000000000000 0.000000000000000 -0.000000000000000 -0.000000000000000 
0.043731778425656 -0.000000000000000 0.000000000000000 0.000000000000000 0.000000000000000 -0.146227579385953 0.000000000000000 0.000000000000000 0.000000000000000 -0.000000000000000 0.932944606413994 -0.000000000000000 -0.000000000000000 0.000000000000000 -0.000000000000000 0.227860232447177 -0.000000000000000 0.000000000000000 0.000000000000000 0.000000000000000 -0.058309037900875 -0.000000000000000 0.000000000000000 0.000000000000000 -0.000000000000000 
0.052478134110787 -0.000000000000000 0.000000000000000 -0.000000000000000 -0.000000000000000 -0.161487315811820 -0.000000000000000 0.000000000000000 0.000000000000000 -0.000000000000000 0.466472303206998 -0.000000000000000 -0.000000000000000 0.000000000000000 -0.000000000000000 0.773732213771004 -0.000000000000000 -0.000000000000000 0.000000000000000 -0.000000000000000 -0.131195335276968 -0.000000000000000 0.000000000000000 0.000000000000000 0.000000000000000 
-0.014577259475219 0.000000000000000 -0.000000000000000 0.000000000000000 -0.000000000000000 0.042594316841241 -0.000000000000000 0.000000000000000 0.000000000000000 -0.000000000000000 -0.093294460641399 -0.000000000000000 0.000000000000000 0.000000000000000 -0.000000000000000 0.977813846424065 -0.000000000000000 0.000000000000000 0.000000000000000 -0.000000000000000 0.087463556851312 -0.000000000000000 0.000000000000000 -0.000000000000000 0.000000000000000 
0.000000000000000 -0.000000000000000 -0.000000000000000 0.000000000000000 0.000000000000000 -0.000000000000000 0.000000000000000 0.000000000000000 -0.000000000000000 -0.000000000000000 -0.000000000000000 0.000000000000000 0.000000000000000 -0.000000000000000 -0.000000000000000 0.000000000000000 -0.000000000000000 -0.000000000000000 0.000000000000000 0.000000000000000 1.000000000000000 -0.000000000000000 -0.000000000000000 0.000000000000000 0.000000000000000 
0.087463556851312 0.977813846424065 -0.093294460641399 0.042594316841241 -0.014577259475219 0.000000000000000 0.000000000000000 -0.000000000000000 -0.000000000000000 -0.000000000000000 0.000000000000000 -0.000000000000000 0.000000000000000 -0.000000000000000 -0.000000000000000 -0.000000000000000 -0.000000000000000 0.000000000000000 0.000000000000000 0.000000000000000 -0.000000000000000 -0.000000000000000 -0.000000000000000 -0.000000000000000 0.000000000000000 
0.007649873777083 0.085523076946711 -0.008159865362222 0.003725450452587 -0.001274978962847 0.085523076946711 0.956119918258626 -0.091224615409825 0.041649312786339 -0.014253846157785 -0.008159865362221 -0.091224615409825 0.008703856386370 -0.003973813816092 0.001359977560370 0.003725450452587 0.041649312786339 -0.003973813816092 0.001814275827172 -0.000620908408764 -0.001274978962847 -0.014253846157785 0.001359977560370 -0.000620908408764 0.000212496493808 
-0.011474810665624 -0.128284615420067 0.012239798043332 -0.005588175678880 0.001912468444271 0.067673371466852 0.756566072049633 -0.072184929564642 0.032956595063637 -0.011278895244475 0.040799326811108 0.456123077049127 -0.043519281931848 0.019869069080462 -0.006799887801851 -0.014124255027273 -0.157904533422654 0.015065872029091 -0.006878441895530 0.002354042504545 0.004589924266250 0.051313846168027 -0.004895919217333 0.002235270271552 -0.000764987377708 
-0.005099915851388 -0.057015384631141 0.005439910241481 -0.002483633635058 0.000849985975231 0.019929466394797 0.222804890336256 -0.021258097487783 0.009705550936374 -0.003321577732466 0.081598653622215 0.912246154098253 -0.087038563863696 0.039738138160924 -0.013599775603703 -0.012789584202853 -0.142983351852659 0.013642223149710 -0.006228463847293 0.002131597367142 0.003824936888541 0.042761538473356 -0.004079932681111 0.001862725226293 -0.000637489481424 
0.003824936888541 0.042761538473356 -0.004079932681111 0.001862725226293 -0.000637489481424 -0.012789584202853 -0.142983351852659 0.013642223149710 -0.006228463847293 0.002131597367142 0.081598653622215 0.912246154098253 -0.087038563863696 0.039738138160924 -0.013599775603703 0.019929466394797 0.222804890336256 -0.021258097487783 0.009705550936374 -0.003321577732466 -0.005099915851388 -0.057015384631141 0.005439910241481 -0.002483633635058 0.000849985975231 
0.004589924266250 0.051313846168027 -0.004895919217333 0.002235270271552 -0.000764987377708 -0.014124255027273 -0.157904533422654 0.015065872029091 -0.006878441895530 0.002354042504545 0.040799326811108 0.456123077049127 -0.043519281931848 0.019869069080462 -0.006799887801851 0.067673371466852 0.756566072049632 -0.072184929564642 0.032956595063637 -0.011278895244475 -0.011474810665624 -0.128284615420067 0.012239798043332 -0.005588175678880 0.001912468444271 
-0.001274978962847 -0.014253846157785 0.001359977560370 -0.000620908408764 0.000212496493808 0.003725450452587 0.041649312786339 -0.003973813816093 0.001814275827172 -0.000620908408764 -0.008159865362221 -0.091224615409825 0.008703856386369 -0.003973813816092 0.001359977560370 0.085523076946711 0.956119918258625 -0.091224615409825 0.041649312786339 -0.014253846157785 0.007649873777083 0.085523076946711 -0.008159865362222 0.003725450452587 -0.001274978962847 
-0.000000000000000 0.000000000000000 0.000000000000000 0.000000000000000 0.000000000000000 0.000000000000000 -0.000000000000000 -0.000000000000000 -0.000000000000000 -0.000000000000000 -0.000000000000000 -0.000000000000000 0.000000000000000 0.000000000000000 0.000000000000000 -0.000000000000000 0.000000000000000 0.000000000000000 0.000000000000000 0.000000000000000 0.087463556851312 0.977813846424065 -0.093294460641399 0.042594316841241 -0.014577259475219 
-0.131195335276968 0.773732213771004 0.466472303206997 -0.161487315811820 0.052478134110787 0.000000000000000 0.000000000000000 0.000000000000000 -0.000000000000000 -0.000000000000000 -0.000000000000000 -0.000000000000000 0.000000000000000 0.000000000000000 -0.000000000000000 -0.000000000000000 -0.000000000000000 -0.000000000000000 0.000000000000000 -0.000000000000000 -0.000000000000000 -0.000000000000000 -0.000000000000000 -0.000000000000000 0.000000000000000 
-0.011474810665624 0.067673371466852 0.040799326811108 -0.014124255027273 0.004589924266250 -0.128284615420067 0.756566072049633 0.456123077049127 -0.157904533422654 0.051313846168027 0.012239798043332 -0.072184929564642 -0.043519281931848 0.015065872029091 -0.004895919217333 -0.005588175678880 0.032956595063637 0.019869069080462 -0.006878441895530 0.002235270271552 0.001912468444271 -0.011278895244475 -0.006799887801851 0.002354042504545 -0.000764987377708 
0.017212215998436 -0.101510057200278 -0.061198990216661 0.021186382540909 -0.006884886399374 -0.101510057200278 0.598661538626979 0.360924647823209 -0.124947938359017 0.040604022880111 -0.061198990216661 0.360924647823209 0.217596409659241 -0.075329360145456 0.024479596086665 0.021186382540909 -0.124947938359017 -0.075329360145456 0.026078153168107 -0.008474553016364 -0.006884886399374 0.040604022880111 0.024479596086665 -0.008474553016364 0.002753954559750 
0.007649873777083 -0.045115580977901 -0.027199551207405 0.009416170018182 -0.003059949510833 -0.029894199592195 0.176302802081730 0.106290487438916 -0.036796537318152 0.011957679836878 -0.122397980433323 0.721849295646418 0.435192819318481 -0.150658720290911 0.048959192173329 0.019184376304280 -0.113140988712668 -0.068211115748549 0.023613899292697 -0.007673750521712 -0.005737405332812 0.033836685733426 0.020399663405554 -0.007062127513636 0.002294962133125 
-0.005737405332812 0.033836685733426 0.020399663405554 -0.007062127513636 0.002294962133125 0.019184376304279 -0.113140988712669 -0.068211115748549 0.023613899292697 -0.007673750521712 -0.122397980433323 0.721849295646418 0.435192819318481 -0.150658720290911 0.048959192173329 -0.029894199592195 0.176302802081730 0.106290487438916 -0.036796537318152 0.011957679836878 0.007649873777083 -0.045115580977901 -0.027199551207405 0.009416170018182 -0.003059949510833 
-0.006884886399374 0.040604022880111 0.024479596086665 -0.008474553016364 0.002753954559750 0.021186382540909 -0.124947938359018 -0.075329360145456 0.026078153168106 -0.008474553016364 -0.061198990216662 0.360924647823209 0.217596409659241 -0.075329360145456 0.024479596086665 -0.101510057200278 0.598661538626978 0.360924647823209 -0.124947938359017 0.040604022880111 0.017212215998436 -0.101510057200278 -0.061198990216661 0.021186382540909 -0.006884886399374 
0.001912468444271 -0.011278895244475 -0.006799887801851 0.002354042504545 -0.000764987377708 -0.005588175678880 0.032956595063637 0.019869069080462 -0.006878441895530 0.002235270271552 0.012239798043332 -0.072184929564641 -0.043519281931848 0.015065872029091 -0.004895919217333 -0.128284615420067 0.756566072049633 0.456123077049127 -0.157904533422654 0.051313846168027 -0.011474810665624 0.067673371466851 0.040799326811107 -0.014124255027273 0.004589924266250 
-0.000000000000000 -0.000000000000000 0.000000000000000 0.000000000000000 0.000000000000000 0.000000000000000 0.000000000000000 -0.000000000000000 0.000000000000000 -0.000000000000000 -0.000000000000000 -0.000000000000000 -0.000000000000000 0.000000000000000 0.000000000000000 -0.000000000000000 -0.000000000000000 0.000000000000000 -0.000000000000000 0.000000000000000 -0.131195335276968 0.773732213771004 0.466472303206997 -0.161487315811820 0.052478134110787 
-0.058309037900875 0.227860232447177 0.932944606413994 -0.146227579385953 0.043731778425656 0.000000000000000 0.000000000000000 0.000000000000000 0.000000000000000 0.000000000000000 0.000000000000000 -0.000000000000000 -0.000000000000000 -0.000000000000000 0.000000000000000 -0.000000000000000 -0.000000000000000 0.000000000000000 -0.000000000000000 -0.000000000000000 -0.000000000000000 -0.000000000000000 0.000000000000000 -0.000000000000000 -0.000000000000000 
-0.005099915851388 0.019929466394797 0.081598653622215 -0.012789584202853 0.003824936888541 -0.057015384631141 0.222804890336256 0.912246154098253 -0.142983351852659 0.042761538473356 0.005439910241481 -0.021258097487783 -0.087038563863696 0.013642223149710 -0.004079932681111 -0.002483633635058 0.009705550936374 0.039738138160924 -0.006228463847293 0.001862725226293 0.000849985975231 -0.003321577732466 -0.013599775603703 0.002131597367142 -0.000637489481424 
0.007649873777083 -0.029894199592195 -0.122397980433323 0.019184376304279 -0.005737405332812 -0.045115580977901 0.176302802081730 0.721849295646418 -0.113140988712668 0.033836685733426 -0.027199551207405 0.106290487438916 0.435192819318481 -0.068211115748549 0.020399663405554 0.009416170018182 -0.036796537318152 -0.150658720290911 0.023613899292697 -0.007062127513636 -0.003059949510833 0.011957679836878 0.048959192173329 -0.007673750521712 0.002294962133125 
0.003399943900926 -0.013286310929865 -0.054399102414810 0.008526389468569 -0.002549957925694 -0.013286310929865 0.051920285530882 0.212580974877833 -0.033319450229071 0.009964733197398 -0.054399102414810 0.212580974877833 0.870385638636962 -0.136422231497099 0.040799326811108 0.008526389468569 -0.033319450229071 -0.136422231497099 0.021382504973075 -0.006394792101427 -0.002549957925694 0.009964733197398 0.040799326811108 -0.006394792101427 0.001912468444271 
-0.002549957925694 0.009964733197398 0.040799326811108 -0.006394792101427 0.001912468444271 0.008526389468569 -0.033319450229071 -0.136422231497099 0.021382504973075 -0.006394792101427 -0.054399102414810 0.212580974877833 0.870385638636963 -0.136422231497099 0.040799326811108 -0.013286310929865 0.051920285530882 0.212580974877833 -0.033319450229071 0.009964733197398 0.003399943900926 -0.013286310929865 -0.054399102414810 0.008526389468569 -0.002549957925694 
-0.003059949510833 0.011957679836878 0.048959192173329 -0.007673750521712 0.002294962133125 0.009416170018182 -0.036796537318152 -0.150658720290911 0.023613899292697 -0.007062127513636 -0.027199551207405 0.106290487438917 0.435192819318482 -0.068211115748549 0.020399663405554 -0.045115580977901 0.176302802081730 0.721849295646418 -0.113140988712668 0.033836685733426 0.007649873777083 -0.029894199592195 -0.122397980433323 0.019184376304279 -0.005737405332812 
0.000849985975231 -0.003321577732466 -0.013599775603702 0.002131597367142 -0.000637489481424 -0.002483633635058 0.009705550936374 0.039738138160924 -0.006228463847293 0.001862725226293 0.005439910241481 -0.021258097487783 -0.087038563863696 0.013642223149710 -0.004079932681111 -0.057015384631141 0.222804890336256 0.912246154098253 -0.142983351852659 0.042761538473356 -0.005099915851388 0.019929466394797 0.081598653622215 -0.012789584202853 0.003824936888541 
-0.000000000000000 -0.000000000000000 0.000000000000000 -0.000000000000000 -0.000000000000000 -0.000000000000000 0.000000000000000 0.000000000000000 0.000000000000000 0.000000000000000 -0.000000000000000 0.000000000000000 0.000000000000000 0.000000000000000 0.000000000000000 -0.000000000000000 0.000000000000000 0.000000000000001 -0.000000000000000 -0.000000000000000 -0.058309037900875 0.227860232447177 0.932944606413994 -0.146227579385953 0.043731778425656 
0.043731778425656 -0.146227579385953 0.932944606413994 0.227860232447177 -0.058309037900875 0.000000000000000 0.000000000000000 -0.000000000000000 0.000000000000000 -0.000000000000000 0.000000000000000 0.000000000000000 -0.000000000000000 -0.000000000000000 0.000000000000000 0.000000000000000 0.000000000000000 0.000000000000000 0.000000000000000 -0.000000000000000 0.000000000000000 -0.000000000000000 -0.000000000000000 -0.000000000000000 -0.000000000000000 
0.003824936888541 -0.012789584202853 0.081598653622215 0.019929466394797 -0.005099915851388 0.042761538473356 -0.142983351852659 0.912246154098253 0.222804890336256 -0.057015384631141 -0.004079932681111 0.013642223149710 -0.087038563863696 -0.021258097487783 0.005439910241481 0.001862725226293 -0.006228463847293 0.039738138160924 0.009705550936374 -0.002483633635058 -0.000637489481424 0.002131597367142 -0.013599775603703 -0.003321577732466 0.000849985975231 
-0.005737405332812 0.019184376304280 -0.122397980433323 -0.029894199592195 0.007649873777083 0.033836685733426 -0.113140988712668 0.721849295646418 0.176302802081730 -0.045115580977901 0.020399663405554 -0.068211115748549 0.435192819318481 0.106290487438916 -0.027199551207405 -0.007062127513636 0.023613899292697 -0.150658720290911 -0.036796537318152 0.009416170018182 0.002294962133125 -0.007673750521712 0.048959192173329 0.011957679836878 -0.003059949510833 
-0.002549957925694 0.008526389468569 -0.054399102414810 -0.013286310929865 0.003399943900926 0.009964733197398 -0.033319450229071 0.212580974877833 0.051920285530882 -0.013286310929865 0.040799326811108 -0.136422231497099 0.870385638636962 0.212580974877833 -0.054399102414810 -0.006394792101427 0.021382504973075 -0.136422231497099 -0.033319450229071 0.008526389468569 0.001912468444271 -0.006394792101427 0.040799326811108 0.009964733197398 -0.002549957925694 
0.001912468444271 -0.006394792101427 0.040799326811108 0.009964733197398 -0.002549957925694 -0.006394792101427 0.021382504973075 -0.136422231497099 -0.033319450229071 0.008526389468569 0.040799326811108 -0.136422231497099 0.870385638636962 0.212580974877833 -0.054399102414810 0.009964733197398 -0.033319450229071 0.212580974877833 0.051920285530882 -0.013286310929865 -0.002549957925694 0.008526389468569 -0.054399102414810 -0.013286310929865 0.003399943900926 
0.002294962133125 -0.007673750521712 0.048959192173329 0.011957679836878 -0.003059949510833 -0.007062127513637 0.023613899292697 -0.150658720290911 -0.036796537318152 0.009416170018182 0.020399663405554 -0.068211115748549 0.435192819318482 0.106290487438917 -0.027199551207405 0.033836685733426 -0.113140988712668 0.721849295646418 0.176302802081730 -0.045115580977901 -0.005737405332812 0.019184376304280 -0.122397980433323 -0.029894199592195 0.007649873777083 
-0.000637489481424 0.002131597367142 -0.013599775603703 -0.003321577732466 0.000849985975231 0.001862725226293 -0.006228463847293 0.039738138160924 0.009705550936374 -0.002483633635058 -0.004079932681111 0.013642223149710 -0.087038563863696 -0.021258097487783 0.005439910241481 0.042761538473356 -0.142983351852659 0.912246154098253 0.222804890336256 -0.057015384631141 0.003824936888541 -0.012789584202853 0.081598653622215 0.019929466394797 -0.005099915851388 
0.000000000000000 -0.000000000000000 -0.000000000000000 -0.000000000000000 -0.000000000000000 -0.000000000000000 0.000000000000000 0.000000000000000 0.000000000000000 0.000000000000000 -0.000000000000000 0.000000000000000 -0.000000000000000 -0.000000000000000 0.000000000000000 0.000000000000000 0.000000000000000 -0.000000000000000 -0.000000000000000 -0.000000000000000 0.043731778425656 -0.146227579385953 0.932944606413994 0.227860232447177 -0.058309037900875 
0.052478134110787 -0.161487315811820 0.466472303206998 0.773732213771004 -0.131195335276968 0.000000000000000 -0.000000000000000 -0.000000000000000 -0.000000000000000 -0.000000000000000 -0.000000000000000 0.000000000000000 -0.000000000000000 -0.000000000000000 0.000000000000000 -0.000000000000000 0.000000000000000 0.000000000000000 0.000000000000000 -0.000000000000000 -0.000000000000000 -0.000000000000000 -0.000000000000000 -0.000000000000000 -0.000000000000000 
0.004589924266250 -0.014124255027273 0.040799326811108 0.067673371466852 -0.011474810665624 0.051313846168027 -0.157904533422654 0.456123077049127 0.756566072049632 -0.128284615420067 -0.004895919217333 0.015065872029091 -0.043519281931848 -0.072184929564642 0.012239798043332 0.002235270271552 -0.006878441895530 0.019869069080462 0.032956595063637 -0.005588175678880 -0.000764987377708 0.002354042504545 -0.006799887801851 -0.011278895244475 0.001912468444271 
-0.006884886399374 0.021186382540909 -0.061198990216661 -0.101510057200277 0.017212215998436 0.040604022880111 -0.124947938359017 0.360924647823210 0.598661538626979 -0.101510057200278 0.024479596086665 -0.075329360145456 0.217596409659241 0.360924647823209 -0.061198990216661 -0.008474553016364 0.026078153168107 -0.075329360145456 -0.124947938359017 0.021186382540909 0.002753954559750 -0.008474553016364 0.024479596086665 0.040604022880111 -0.006884886399374 
-0.003059949510833 0.009416170018182 -0.027199551207405 -0.045115580977901 0.007649873777083 0.011957679836878 -0.036796537318152 0.106290487438917 0.176302802081730 -0.029894199592195 0.048959192173329 -0.150658720290911 0.435192819318481 0.721849295646417 -0.122397980433323 -0.007673750521712 0.023613899292697 -0.068211115748549 -0.113140988712668 0.019184376304280 0.002294962133125 -0.007062127513636 0.020399663405554 0.033836685733426 -0.005737405332812 
0.002294962133125 -0.007062127513636 0.020399663405554 0.033836685733426 -0.005737405332812 -0.007673750521712 0.023613899292697 -0.068211115748549 -0.113140988712668 0.019184376304280 0.048959192173329 -0.150658720290911 0.435192819318482 0.721849295646418 -0.122397980433323 0.011957679836878 -0.036796537318152 0.106290487438917 0.176302802081730 -0.029894199592195 -0.003059949510833 0.009416170018182 -0.027199551207405 -0.045115580977901 0.007649873777083 
0.002753954559750 -0.008474553016364 0.024479596086665 0.040604022880111 -0.006884886399374 -0.008474553016364 0.026078153168107 -0.075329360145456 -0.124947938359017 0.021186382540909 0.024479596086665 -0.075329360145456 0.217596409659241 0.360924647823209 -0.061198990216662 0.040604022880111 -0.124947938359017 0.360924647823209 0.598661538626978 -0.101510057200278 -0.006884886399374 0.021186382540909 -0.061198990216662 -0.101510057200278 0.017212215998436 
-0.000764987377708 0.002354042504545 -0.006799887801851 -0.011278895244475 0.001912468444271 0.002235270271552 -0.006878441895530 0.019869069080462 0.032956595063637 -0.005588175678880 -0.004895919217333 0.015065872029091 -0.043519281931848 -0.072184929564641 0.012239798043332 0.051313846168027 -0.157904533422654 0.456123077049127 0.756566072049632 -0.128284615420067 0.004589924266250 -0.014124255027273 0.040799326811107 0.067673371466851 -0.011474810665624 
-0.000000000000000 0.000000000000000 0.000000000000000 0.000000000000000 0.000000000000000 -0.000000000000000 -0.000000000000001 -0.000000000000001 -0.000000000000000 -0.000000000000000 -0.000000000000000 0.000000000000001 0.000000000000000 -0.000000000000000 0.000000000000000 -0.000000000000000 0.000000000000001 0.000000000000001 0.000000000000000 0.000000000000000 0.052478134110787 -0.161487315811821 0.466472303206997 0.773732213771004 -0.131195335276968 
-0.014577259475219 0.042594316841241 -0.093294460641399 0.977813846424065 0.087463556851312 0.000000000000000 -0.000000000000000 -0.000000000000000 -0.000000000000000 0.000000000000000 -0.000000000000000 0.000000000000000 0.000000000000000 0.000000000000000 0.000000000000000 0.000000000000000 -0.000000000000000 0.000000000000000 0.000000000000000 -0.000000000000000 -0.000000000000000 -0.000000000000000 -0.000000000000000 -0.000000000000000 0.000000000000000 
-0.001274978962847 0.003725450452587 -0.008159865362221 0.085523076946711 0.007649873777083 -0.014253846157785 0.041649312786339 -0.091224615409825 0.956119918258625 0.085523076946711 0.001359977560370 -0.003973813816093 0.008703856386369 -0.091224615409825 -0.008159865362221 -0.000620908408764 0.001814275827172 -0.003973813816093 0.041649312786339 0.003725450452587 0.000212496493808 -0.000620908408764 0.001359977560370 -0.014253846157785 -0.001274978962847 
0.001912468444271 -0.005588175678880 0.012239798043332 -0.128284615420067 -0.011474810665624 -0.011278895244475 0.032956595063637 -0.072184929564641 0.756566072049633 0.067673371466851 -0.006799887801851 0.019869069080462 -0.043519281931848 0.456123077049126 0.040799326811107 0.002354042504545 -0.006878441895530 0.015065872029091 -0.157904533422654 -0.014124255027273 -0.000764987377708 0.002235270271552 -0.004895919217333 0.051313846168027 0.004589924266250 
0.000849985975231 -0.002483633635058 0.005439910241481 -0.057015384631141 -0.005099915851388 -0.003321577732466 0.009705550936374 -0.021258097487783 0.222804890336256 0.019929466394797 -0.013599775603703 0.039738138160924 -0.087038563863696 0.912246154098253 0.081598653622215 0.002131597367142 -0.006228463847293 0.013642223149710 -0.142983351852659 -0.012789584202853 -0.000637489481424 0.001862725226293 -0.004079932681111 0.042761538473356 0.003824936888541 
-0.000637489481424 0.001862725226293 -0.004079932681111 0.042761538473356 0.003824936888541 0.002131597367142 -0.006228463847293 0.013642223149710 -0.142983351852659 -0.012789584202853 -0.013599775603702 0.039738138160924 -0.087038563863696 0.912246154098254 0.081598653622215 -0.003321577732466 0.009705550936374 -0.021258097487783 0.222804890336256 0.019929466394797 0.000849985975231 -0.002483633635058 0.005439910241481 -0.057015384631141 -0.005099915851388 
-0.000764987377708 0.002235270271552 -0.004895919217333 0.051313846168027 0.004589924266250 0.002354042504545 -0.006878441895530 0.015065872029091 -0.157904533422654 -0.014124255027273 -0.006799887801851 0.019869069080462 -0.043519281931848 0.456123077049127 0.040799326811108 -0.011278895244475 0.032956595063637 -0.072184929564641 0.756566072049632 0.067673371466851 0.001912468444271 -0.005588175678880 0.012239798043332 -0.128284615420067 -0.011474810665624 
0.000212496493808 -0.000620908408764 0.001359977560370 -0.014253846157785 -0.001274978962847 -0.000620908408764 0.001814275827172 -0.003973813816092 0.041649312786339 0.003725450452587 0.001359977560370 -0.003973813816092 0.008703856386370 -0.091224615409825 -0.008159865362221 -0.014253846157785 0.041649312786339 -0.091224615409825 0.956119918258626 0.085523076946711 -0.001274978962847 0.003725450452587 -0.008159865362222 0.085523076946711 0.007649873777083 
-0.000000000000000 -0.000000000000000 0.000000000000000 -0.000000000000000 -0.000000000000000 -0.000000000000000 -0.000000000000001 -0.000000000000001 -0.000000000000001 -0.000000000000000 -0.000000000000000 0.000000000000000 -0.000000000000000 0.000000000000000 0.000000000000000 -0.000000000000000 0.000000000000000 0.000000000000000 0.000000000000000 0.000000000000000 -0.014577259475219 0.042594316841240 -0.093294460641400 0.977813846424065 0.087463556851312 
0.000000000000000 -0.000000000000000 -0.000000000000000 0.000000000000000 1.000000000000000 -0.000000000000000 0.000000000000000 0.000000000000000 -0.000000000000000 -0.000000000000000 -0.000000000000000 -0.000000000000000 -0.000000000000000 0.000000000000000 0.000000000000000 0.000000000000000 -0.000000000000000 -0.000000000000000 0.000000000000000 0.000000000000000 -0.000000000000000 0.000000000000000 0.000000000000000 -0.000000000000000 -0.000000000000000 
0.000000000000000 -0.000000000000000 0.000000000000000 0.000000000000000 0.087463556851312 -0.000000000000000 0.000000000000000 0.000000000000000 0.000000000000000 0.977813846424065 -0.000000000000000 0.000000000000000 0.000000000000000 -0.000000000000000 -0.093294460641399 0.000000000000000 -0.000000000000000 -0.000000000000000 -0.000000000000000 0.042594316841241 0.000000000000000 -0.000000000000000 -0.000000000000000 -0.000000000000000 -0.014577259475219 
-0.000000000000000 -0.000000000000000 0.000000000000000 0.000000000000000 -0.131195335276968 0.000000000000000 -0.000000000000000 -0.000000000000000 0.000000000000000 0.773732213771004 0.000000000000000 0.000000000000000 -0.000000000000000 0.000000000000000 0.466472303206997 0.000000000000000 -0.000000000000000 -0.000000000000000 0.000000000000000 -0.161487315811820 0.000000000000000 -0.000000000000000 -0.000000000000000 -0.000000000000000 0.052478134110787 
-0.000000000000000 -0.000000000000000 0.000000000000000 0.000000000000000 -0.058309037900875 -0.000000000000000 0.000000000000000 0.000000000000000 0.000000000000000 0.227860232447177 0.000000000000000 0.000000000000000 -0.000000000000000 -0.000000000000000 0.932944606413994 0.000000000000000 -0.000000000000000 -0.000000000000000 0.000000000000000 -0.146227579385953 0.000000000000000 -0.000000000000000 0.000000000000000 0.000000000000000 0.043731778425656 
0.000000000000000 0.000000000000000 -0.000000000000000 0.000000000000000 0.043731778425656 -0.000000000000000 -0.000000000000000 -0.000000000000000 0.000000000000000 -0.146227579385953 -0.000000000000000 0.000000000000000 -0.000000000000000 -0.000000000000000 0.932944606413994 0.000000000000000 0.000000000000000 -0.000000000000000 -0.000000000000000 0.227860232447177 0.000000000000000 -0.000000000000000 -0.000000000000000 0.000000000000000 -0.058309037900875 
0.000000000000000 -0.000000000000000 -0.000000000000000 0.000000000000000 0.052478134110787 -0.000000000000000 -0.000000000000000 -0.000000000000000 -0.000000000000000 -0.161487315811821 0.000000000000000 -0.000000000000000 -0.000000000000000 -0.000000000000000 0.466472303206998 0.000000000000000 -0.000000000000000 -0.000000000000000 0.000000000000000 0.773732213771003 -0.000000000000000 0.000000000000000 0.000000000000000 -0.000000000000000 -0.131195335276968 
0.000000000000000 -0.000000000000000 0.000000000000000 0.000000000000000 -0.014577259475219 0.000000000000000 -0.000000000000000 0.000000000000000 0.000000000000000 0.042594316841241 0.000000000000001 -0.000000000000001 0.000000000000000 0.000000000000001 -0.093294460641399 0.000000000000001 -0.000000000000001 -0.000000000000000 0.000000000000000 0.977813846424065 -0.000000000000000 -0.000000000000000 -0.000000000000000 -0.000000000000000 0.087463556851312 
0.000000000000000 -0.000000000000000 -0.000000000000000 0.000000000000000 0.000000000000000 -0.000000000000000 0.000000000000000 0.000000000000000 -0.000000000000000 -0.000000000000000 -0.000000000000000 0.000000000000000 0.000000000000000 -0.000000000000000 -0.000000000000000 0.000000000000000 -0.000000000000000 -0.000000000000000 0.000000000000000 0.000000000000000 0.000000000000000 -0.000000000000000 -0.000000000000000 0.000000000000000 1.000000000000000 
******************************************
Plotting triangulation
98 3
1 8 0 
1 8 9 
60 61 53 
60 52 53 
17 8 9 
17 16 8 
54 62 61 
54 61 53 
51 60 59 
51 60 52 
51 58 59 
51 58 50 
49 58 57 
49 58 50 
49 57 56 
49 48 56 
10 1 9 
10 2 1 
25 34 33 
25 34 26 
25 32 24 
25 32 33 
25 16 24 
25 17 16 
55 62 63 
55 54 62 
43 34 35 
43 34 42 
43 51 50 
43 50 42 
41 34 42 
41 34 33 
41 32 33 
41 32 40 
41 49 50 
41 50 42 
41 48 40 
41 49 48 
18 25 17 
18 25 26 
18 17 9 
18 10 9 
4 13 5 
4 13 12 
11 18 10 
11 18 19 
11 2 3 
11 10 2 
11 4 12 
11 4 3 
22 29 30 
22 29 21 
22 23 31 
22 30 31 
20 11 12 
20 11 19 
20 13 12 
20 13 21 
20 29 21 
20 28 29 
27 18 19 
27 18 26 
27 20 28 
27 20 19 
27 34 35 
27 34 26 
27 35 36 
27 28 36 
38 39 31 
38 30 31 
44 52 53 
44 45 53 
44 43 35 
44 35 36 
44 51 52 
44 43 51 
14 6 5 
14 13 5 
14 15 7 
14 6 7 
14 23 15 
14 22 23 
14 13 21 
14 22 21 
37 44 36 
37 44 45 
37 28 29 
37 28 36 
37 29 30 
37 38 30 
46 37 38 
46 37 45 
46 55 54 
46 55 47 
46 54 53 
46 45 53 
46 39 47 
46 38 39 
******************************************
C0 overlapping patch forward matrix
7 7
-0.615708510156485 2.841685316271872 -0.709873599979423 0.263553881093113 -0.709873599979414 2.841685316271824 -0.615708510156475 
-0.669315403891545 2.932442217729685 -0.617288125129668 -0.000000000000003 0.617288125129684 -2.932442217729751 0.669315403891559 
-0.681878232622423 0.314681158180904 0.862567241903616 -0.790249725945486 0.862567241903615 0.314681158180906 -0.681878232622424 
-0.945048496433238 -0.076187287641271 0.891746890858809 0.000000000000001 -0.891746890858810 0.076187287641271 0.945048496433239 
-0.979205760526230 -0.782127480861731 -0.049777031394401 1.035401170127304 -0.049777031394401 -0.782127480861731 -0.979205760526230 
-0.906544150582606 -1.134197648360991 -0.996326619622028 0.000000000000001 0.996326619622029 1.134197648360990 0.906544150582607 
0.453956885954685 0.694563679742194 0.874183280449751 1.016870742464571 0.874183280449748 0.694563679742189 0.453956885954683 
******************************************
C0 overlapping patch diagonal scaling
7 1
44.836580914114968 
43.154455561592727 
14.983376168942199 
11.087275407722343 
5.926201211963669 
2.674935697351566 
0.670508371645748 
******************************************
C0 overlapping patch backward matrix
7 7
-0.145180977051048 -0.154134688932147 -0.378791812998347 -0.513411106372025 -0.476774665450129 -0.364024444944424 0.228717299389285 
0.670055137914387 0.675303551081129 0.174809285178881 -0.041389833206461 -0.380817375733989 -0.455439119138916 0.349942327123056 
-0.167384632708039 -0.142153478905719 0.479166798061695 0.484454247128657 -0.024236405101838 -0.400076757936362 0.440440150291477 
0.062144682640442 -0.000000000000001 -0.438993521264215 -0.000000000000000 0.504136174841153 0.000000000000001 0.512330437625940 
-0.167384632708036 0.142153478905722 0.479166798061694 -0.484454247128658 -0.024236405101838 0.400076757936363 0.440440150291476 
0.670055137914372 -0.675303551081140 0.174809285178881 0.041389833206461 -0.380817375733989 0.455439119138918 0.349942327123056 
-0.145180977051044 0.154134688932149 -0.378791812998346 0.513411106372025 -0.476774665450129 0.364024444944425 0.228717299389284 
******************************************
IPDG overlapping patch forward matrix
7 7
-4.973159182988440 5.025567863402465 0.033885768134269 -0.000000000000001 -0.033885768134270 -5.025567863402524 4.973159182988498 
5.027636214842490 -4.960433301499753 -0.091142989322129 0.072523132894804 -0.091142989322129 -4.960433301499690 5.027636214842429 
4.048860118640314 4.241867657678001 -1.154117114298349 0.436695983949254 -1.154117114298370 4.241867657678091 4.048860118640407 
-4.390501631368293 -4.383263786675804 1.050067624567558 -0.000000000000008 -1.050067624567524 4.383263786675680 4.390501631368176 
-1.123417226070418 -0.964812831388745 -1.046626449893680 1.329726744390993 -1.046626449893684 -0.964812831388742 -1.123417226070416 
-0.426670336651725 -0.410255839088409 -0.851102229958508 -1.210889274750857 -0.851102229958510 -0.410255839088408 -0.426670336651725 
1.029024733445276 0.962201305199835 1.527980350745333 0.000000000000003 -1.527980350745334 -0.962201305199835 -1.029024733445275 
******************************************
IPDG overlapping patch diagonal scaling
7 1
439.816149807767147 
430.792651287975730 
41.162777314769414 
39.227191988700213 
11.558997847565378 
1.485573549689802 
5.956658203533005 
******************************************
IPDG overlapping patch backward matrix
7 7
-0.497366687832584 0.503297594999229 0.478399891480610 -0.493394850864957 -0.388893642759587 -0.224385708476816 0.350103724188781 
0.502608090898941 -0.496570166200286 0.501205022560707 -0.492581477906131 -0.333989516871127 -0.215753332732255 0.327368477569916 
0.003388922743365 -0.009123979016510 -0.136366652849855 0.118004274345337 -0.362310959153992 -0.447594220760942 0.519862734000719 
0.000000000000000 0.007260015802259 0.051598550013998 -0.000000000000001 0.460311864105816 -0.636806040781157 -0.000000000000000 
-0.003388922743365 -0.009123979016510 -0.136366652849858 -0.118004274345333 -0.362310959153990 -0.447594220760943 -0.519862734000718 
-0.502608090898947 -0.496570166200280 0.501205022560722 0.492581477906121 -0.333989516871126 -0.215753332732256 -0.327368477569914 
0.497366687832590 0.503297594999223 0.478399891480625 0.493394850864947 -0.388893642759586 -0.224385708476817 -0.350103724188780 
******************************************
Quadrature r-coordinates
7 1
-0.949107912342758 
-0.741531185599395 
-0.405845151377397 
0.000000000000000 
0.405845151377397 
0.741531185599394 
0.949107912342758 
******************************************
Quadrature weights
7 1
0.129484966168869 
0.279705391489277 
0.381830050505119 
0.417959183673470 
0.381830050505119 
0.279705391489277 
0.129484966168869 
******************************************
Quadrature Interpolation Matrix
7 5
0.764393793728544 0.308266541035087 -0.109300099456019 0.056598431787596 -0.019958667095208 
0.137062623950050 0.951473261664150 -0.127399142383543 0.059205363878273 -0.020342107108930 
-0.131728983165305 0.733994023244043 0.514267827100455 -0.172205722738788 0.055672855559595 
0.000000000000000 -0.000000000000000 1.000000000000000 0.000000000000001 -0.000000000000000 
0.055672855559595 -0.172205722738789 0.514267827100456 0.733994023244042 -0.131728983165305 
-0.020342107108930 0.059205363878273 -0.127399142383542 0.951473261664150 0.137062623950049 
-0.019958667095208 0.056598431787596 -0.109300099456019 0.308266541035087 0.764393793728544 
******************************************
Quadrature Weak D Differentiation Matrix
5 7
-0.552920378196259 -0.542450192547455 0.004984909987213 0.156734693877551 -0.048791892221576 -0.055226979000610 0.037669838101135 
0.696899762370431 0.327324742972159 -0.682491359586855 -0.558637799004141 0.166152593922867 0.158385174020923 -0.107633114695383 
-0.213942660768420 0.318283644595609 0.794867151300933 -0.000000000000001 -0.794867151300934 -0.318283644595610 0.213942660768420 
0.107633114695384 -0.158385174020923 -0.166152593922867 0.558637799004142 0.682491359586856 -0.327324742972156 -0.696899762370429 
-0.037669838101135 0.055226979000610 0.048791892221576 -0.156734693877551 -0.004984909987213 0.542450192547453 0.552920378196258 
******************************************
Quadrature Projection Matrix
5 7
0.098977504520634 0.038337154890496 -0.050298084294996 0.000000000000000 0.021257569250084 -0.005689797032620 -0.002584347333599 
0.039915882636923 0.266132201145351 0.280260974965728 -0.000000000000000 -0.065753319810622 0.016560059481837 0.007328646025228 
-0.014152719680317 -0.035634226995787 0.196362910394924 0.417959183673470 0.196362910394925 -0.035634226995787 -0.014152719680317 
0.007328646025228 0.016560059481838 -0.065753319810622 0.000000000000000 0.280260974965728 0.266132201145350 0.039915882636923 
-0.002584347333599 -0.005689797032620 0.021257569250084 -0.000000000000000 -0.050298084294996 0.038337154890496 0.098977504520634 
******************************************
1D degree raise matrix
6 5
1.000000000000000 -0.000000000000000 0.000000000000000 -0.000000000000000 -0.000000000000000 
0.185197077006326 0.919604196669608 -0.151661597640566 0.071511714023950 -0.024651390059318 
-0.111374219181803 0.502810010947702 0.744254190233158 -0.197629625344964 0.061939643345906 
0.061939643345906 -0.197629625344964 0.744254190233158 0.502810010947702 -0.111374219181803 
-0.024651390059318 0.071511714023950 -0.151661597640565 0.919604196669608 0.185197077006325 
0.000000000000000 -0.000000000000000 -0.000000000000000 0.000000000000000 1.000000000000000 
******************************************
1D degree lower matrix
4 5
1.000000000000000 -0.000000000000000 0.000000000000000 -0.000000000000000 -0.000000000000000 
-0.129442719099992 0.804857702411448 0.426666666666667 -0.151524369078115 0.049442719099992 
0.049442719099992 -0.151524369078115 0.426666666666667 0.804857702411448 -0.129442719099992 
0.000000000000000 -0.000000000000000 -0.000000000000000 0.000000000000000 1.000000000000000 
******************************************
SEMFEM reference mesh
16 4
0 1 6 5 
1 2 7 6 
2 3 8 7 
3 4 9 8 
5 6 11 10 
6 7 12 11 
7 8 13 12 
8 9 14 13 
10 11 16 15 
11 12 17 16 
12 13 18 17 
13 14 19 18 
15 16 21 20 
16 17 22 21 
17 18 23 22 
18 19 24 23 
