******************************************
Nodal r-coordinates
9 1
-1.000000000000000 
0.000000000000000 
1.000000000000000 
-1.000000000000000 
0.000000000000000 
1.000000000000000 
-1.000000000000000 
0.000000000000000 
1.000000000000000 
******************************************
Nodal s-coordinates
9 1
-1.000000000000000 
-1.000000000000000 
-1.000000000000000 
0.000000000000000 
0.000000000000000 
0.000000000000000 
1.000000000000000 
1.000000000000000 
1.000000000000000 
******************************************
Nodal Dr differentiation matrix
9 9
-1.500000000000000 2.000000000000000 -0.500000000000000 0.000000000000000 0.000000000000000 0.000000000000000 0.000000000000000 0.000000000000000 0.000000000000000 
-0.500000000000000 0.000000000000000 0.500000000000000 0.000000000000000 0.000000000000000 0.000000000000000 0.000000000000000 0.000000000000000 0.000000000000000 
0.500000000000000 -2.000000000000000 1.500000000000000 0.000000000000000 0.000000000000000 0.000000000000000 0.000000000000000 0.000000000000000 0.000000000000000 
0.000000000000000 0.000000000000000 0.000000000000000 -1.500000000000000 2.000000000000000 -0.500000000000000 0.000000000000000 0.000000000000000 0.000000000000000 
0.000000000000000 0.000000000000000 0.000000000000000 -0.500000000000000 0.000000000000000 0.500000000000000 0.000000000000000 0.000000000000000 0.000000000000000 
0.000000000000000 0.000000000000000 0.000000000000000 0.500000000000000 -2.000000000000000 1.500000000000000 0.000000000000000 0.000000000000000 0.000000000000000 
0.000000000000000 0.000000000000000 0.000000000000000 0.000000000000000 0.000000000000000 0.000000000000000 -1.500000000000000 2.000000000000000 -0.500000000000000 
0.000000000000000 0.000000000000000 0.000000000000000 0.000000000000000 0.000000000000000 0.000000000000000 -0.500000000000000 0.000000000000000 0.500000000000000 
0.000000000000000 0.000000000000000 0.000000000000000 0.000000000000000 0.000000000000000 0.000000000000000 0.500000000000000 -2.000000000000000 1.500000000000000 
******************************************
Nodal Ds differentiation matrix
9 9
-1.500000000000000 0.000000000000000 0.000000000000000 2.000000000000000 0.000000000000000 0.000000000000000 -0.500000000000000 0.000000000000000 0.000000000000000 
0.000000000000000 -1.500000000000000 0.000000000000000 0.000000000000000 2.000000000000000 0.000000000000000 0.000000000000000 -0.499999999999999 0.000000000000000 
0.000000000000000 0.000000000000000 -1.500000000000000 0.000000000000000 0.000000000000000 2.000000000000000 0.000000000000000 0.000000000000000 -0.500000000000000 
-0.500000000000000 0.000000000000000 0.000000000000000 0.000000000000000 0.000000000000000 0.000000000000000 0.500000000000000 0.000000000000000 0.000000000000000 
0.000000000000000 -0.500000000000000 0.000000000000000 0.000000000000000 0.000000000000000 0.000000000000000 0.000000000000000 0.500000000000000 0.000000000000000 
0.000000000000000 0.000000000000000 -0.500000000000000 0.000000000000000 0.000000000000000 0.000000000000000 0.000000000000000 0.000000000000000 0.500000000000000 
0.500000000000000 0.000000000000000 0.000000000000000 -2.000000000000000 0.000000000000000 0.000000000000000 1.500000000000000 0.000000000000000 0.000000000000000 
0.000000000000000 0.500000000000000 0.000000000000000 0.000000000000000 -2.000000000000000 0.000000000000000 0.000000000000000 1.500000000000000 0.000000000000000 
0.000000000000000 0.000000000000000 0.500000000000000 0.000000000000000 0.000000000000000 -2.000000000000000 0.000000000000000 0.000000000000000 1.500000000000000 
******************************************
Nodal Face nodes
4 3
0 1 2 
2 5 8 
6 7 8 
0 3 6 
******************************************
Nodal Lift Matrix
9 12
4.500000000000002 0.000000000000000 0.000000000000000 1.500000000000002 0.000000000000000 0.000000000000000 1.500000000000002 0.000000000000000 0.000000000000000 4.500000000000003 0.000000000000000 0.000000000000000 
0.000000000000000 4.500000000000001 0.000000000000000 -0.750000000000001 0.000000000000000 0.000000000000000 0.000000000000000 1.500000000000001 0.000000000000000 -0.750000000000001 0.000000000000000 0.000000000000000 
0.000000000000000 0.000000000000000 4.500000000000001 4.500000000000003 0.000000000000000 0.000000000000000 0.000000000000000 0.000000000000000 1.500000000000002 1.500000000000002 0.000000000000000 0.000000000000000 
-0.750000000000001 0.000000000000000 0.000000000000000 0.000000000000000 1.500000000000001 0.000000000000000 -0.750000000000001 0.000000000000000 0.000000000000000 0.000000000000000 4.500000000000001 0.000000000000000 
0.000000000000000 -0.750000000000000 0.000000000000000 0.000000000000000 -0.750000000000000 0.000000000000000 0.000000000000000 -0.750000000000000 0.000000000000000 0.000000000000000 -0.750000000000000 0.000000000000000 
0.000000000000000 0.000000000000000 -0.750000000000000 0.000000000000000 4.500000000000001 0.000000000000000 0.000000000000000 0.000000000000000 -0.750000000000000 0.000000000000000 1.500000000000001 0.000000000000000 
1.500000000000002 0.000000000000000 0.000000000000000 0.000000000000000 0.000000000000000 1.500000000000001 4.500000000000002 0.000000000000000 0.000000000000000 0.000000000000000 0.000000000000000 4.500000000000002 
0.000000000000000 1.500000000000001 0.000000000000000 0.000000000000000 0.000000000000000 -0.750000000000000 0.000000000000000 4.500000000000001 0.000000000000000 0.000000000000000 0.000000000000000 -0.750000000000000 
0.000000000000000 0.000000000000000 1.500000000000002 0.000000000000000 0.000000000000000 4.500000000000002 0.000000000000000 0.000000000000000 4.500000000000001 0.000000000000000 0.000000000000000 1.500000000000001 
******************************************
Nodal 1D GLL Nodes
3 1
-1.000000000000000 
0.000000000000000 
1.000000000000000 
******************************************
Nodal 1D GLL Weights
3 1
0.333333333333333 
1.333333333333333 
0.333333333333333 
******************************************
Nodal 1D differentiation matrix
3 3
-1.500000000000000 2.000000000000000 -0.500000000000000 
-0.500000000000000 0.000000000000000 0.500000000000000 
0.500000000000000 -2.000000000000000 1.500000000000000 
******************************************
Plotting r-coordinates
36 1
-1.000000000000000 
-1.000000000000000 
-1.000000000000000 
-1.000000000000000 
-1.000000000000000 
-1.000000000000000 
-0.600000000000000 
-0.600000000000000 
-0.600000000000000 
-0.600000000000000 
-0.600000000000000 
-0.600000000000000 
-0.200000000000000 
-0.200000000000000 
-0.200000000000000 
-0.200000000000000 
-0.200000000000000 
-0.200000000000000 
0.200000000000000 
0.200000000000000 
0.200000000000000 
0.200000000000000 
0.200000000000000 
0.200000000000000 
0.600000000000000 
0.600000000000000 
0.600000000000000 
0.600000000000000 
0.600000000000000 
0.600000000000000 
1.000000000000000 
1.000000000000000 
1.000000000000000 
1.000000000000000 
1.000000000000000 
1.000000000000000 
******************************************
Plotting s-coordinates
36 1
-1.000000000000000 
-0.600000000000000 
-0.200000000000000 
0.200000000000000 
0.600000000000000 
1.000000000000000 
-1.000000000000000 
-0.600000000000000 
-0.200000000000000 
0.200000000000000 
0.600000000000000 
1.000000000000000 
-1.000000000000000 
-0.600000000000000 
-0.200000000000000 
0.200000000000000 
0.600000000000000 
1.000000000000000 
-1.000000000000000 
-0.600000000000000 
-0.200000000000000 
0.200000000000000 
0.600000000000000 
1.000000000000000 
-1.000000000000000 
-0.600000000000000 
-0.200000000000000 
0.200000000000000 
0.600000000000000 
1.000000000000000 
-1.000000000000000 
-0.600000000000000 
-0.200000000000000 
0.200000000000000 
0.600000000000000 
1.000000000000000 
******************************************
Plotting Interpolation Matrix
36 9
1.000000000000000 -0.000000000000000 -0.000000000000000 -0.000000000000000 0.000000000000000 0.000000000000000 -0.000000000000000 0.000000000000000 0.000000000000000 
0.480000000000000 0.000000000000000 -0.000000000000000 0.640000000000000 0.000000000000000 -0.000000000000000 -0.120000000000000 0.000000000000000 0.000000000000000 
0.120000000000000 0.000000000000000 -0.000000000000000 0.960000000000000 0.000000000000000 -0.000000000000000 -0.080000000000000 0.000000000000000 0.000000000000000 
-0.080000000000000 0.000000000000000 -0.000000000000000 0.960000000000000 -0.000000000000000 -0.000000000000000 0.120000000000000 0.000000000000000 -0.000000000000000 
-0.120000000000000 0.000000000000000 0.000000000000000 0.640000000000000 -0.000000000000000 -0.000000000000000 0.480000000000000 0.000000000000000 -0.000000000000000 
0.000000000000000 0.000000000000000 0.000000000000000 0.000000000000000 0.000000000000000 0.000000000000000 1.000000000000000 0.000000000000000 0.000000000000000 
0.480000000000000 0.640000000000000 -0.120000000000000 0.000000000000000 0.000000000000000 0.000000000000000 -0.000000000000000 -0.000000000000000 0.000000000000000 
0.230400000000000 0.307200000000000 -0.057600000000000 0.307200000000000 0.409600000000000 -0.076800000000000 -0.057600000000000 -0.076800000000000 0.014400000000000 
0.057600000000000 0.076800000000000 -0.014400000000000 0.460800000000000 0.614400000000000 -0.115200000000000 -0.038400000000000 -0.051200000000000 0.009600000000000 
-0.038400000000000 -0.051200000000000 0.009600000000000 0.460800000000000 0.614400000000000 -0.115200000000000 0.057600000000000 0.076800000000000 -0.014400000000000 
-0.057600000000000 -0.076800000000000 0.014400000000000 0.307200000000000 0.409600000000000 -0.076800000000000 0.230400000000000 0.307200000000000 -0.057600000000000 
-0.000000000000000 0.000000000000000 0.000000000000000 0.000000000000000 0.000000000000000 0.000000000000000 0.480000000000000 0.640000000000000 -0.120000000000000 
0.120000000000000 0.960000000000000 -0.080000000000000 0.000000000000000 -0.000000000000000 -0.000000000000000 -0.000000000000000 -0.000000000000000 -0.000000000000000 
0.057600000000000 0.460800000000000 -0.038400000000000 0.076800000000000 0.614400000000000 -0.051200000000000 -0.014400000000000 -0.115200000000000 0.009600000000000 
0.014400000000000 0.115200000000000 -0.009600000000000 0.115200000000000 0.921600000000000 -0.076800000000000 -0.009600000000000 -0.076800000000000 0.006400000000000 
-0.009600000000000 -0.076800000000000 0.006400000000000 0.115200000000000 0.921600000000000 -0.076800000000000 0.014400000000000 0.115200000000000 -0.009600000000000 
-0.014400000000000 -0.115200000000000 0.009600000000000 0.076800000000000 0.614400000000000 -0.051200000000000 0.057600000000000 0.460800000000000 -0.038400000000000 
-0.000000000000000 -0.000000000000000 -0.000000000000000 0.000000000000000 -0.000000000000000 0.000000000000000 0.120000000000000 0.960000000000000 -0.080000000000000 
-0.080000000000000 0.960000000000000 0.120000000000000 0.000000000000000 -0.000000000000000 0.000000000000000 -0.000000000000000 -0.000000000000000 -0.000000000000000 
-0.038400000000000 0.460800000000000 0.057600000000000 -0.051200000000000 0.614400000000000 0.076800000000000 0.009600000000000 -0.115200000000000 -0.014400000000000 
-0.009600000000000 0.115200000000000 0.014400000000000 -0.076800000000000 0.921600000000000 0.115200000000000 0.006400000000000 -0.076800000000000 -0.009600000000000 
0.006400000000000 -0.076800000000000 -0.009600000000000 -0.076800000000000 0.921600000000000 0.115200000000000 -0.009600000000000 0.115200000000000 0.014400000000000 
0.009600000000000 -0.115200000000000 -0.014400000000000 -0.051200000000000 0.614400000000000 0.076800000000000 -0.038400000000000 0.460800000000000 0.057600000000000 
-0.000000000000000 0.000000000000000 0.000000000000000 0.000000000000000 -0.000000000000000 0.000000000000000 -0.080000000000000 0.960000000000000 0.120000000000000 
-0.120000000000000 0.640000000000000 0.480000000000000 0.000000000000000 -0.000000000000000 -0.000000000000000 0.000000000000000 -0.000000000000000 -0.000000000000000 
-0.057600000000000 0.307200000000000 0.230400000000000 -0.076800000000000 0.409600000000000 0.307200000000000 0.014400000000000 -0.076800000000000 -0.057600000000000 
-0.014400000000000 0.076800000000000 0.057600000000000 -0.115200000000000 0.614400000000000 0.460800000000000 0.009600000000000 -0.051200000000000 -0.038400000000000 
0.009600000000000 -0.051200000000000 -0.038400000000000 -0.115200000000000 0.614400000000000 0.460800000000000 -0.014400000000000 0.076800000000000 0.057600000000000 
0.014400000000000 -0.076800000000000 -0.057600000000000 -0.076800000000000 0.409600000000000 0.307200000000000 -0.057600000000000 0.307200000000000 0.230400000000000 
-0.000000000000000 -0.000000000000000 0.000000000000000 0.000000000000000 -0.000000000000000 -0.000000000000000 -0.120000000000000 0.640000000000000 0.480000000000000 
0.000000000000000 0.000000000000000 1.000000000000000 0.000000000000000 0.000000000000000 0.000000000000000 0.000000000000000 0.000000000000000 0.000000000000000 
0.000000000000000 0.000000000000000 0.480000000000000 0.000000000000000 0.000000000000000 0.640000000000000 -0.000000000000000 0.000000000000000 -0.120000000000000 
0.000000000000000 0.000000000000000 0.120000000000000 0.000000000000000 0.000000000000000 0.960000000000000 -0.000000000000000 0.000000000000000 -0.080000000000000 
0.000000000000000 0.000000000000000 -0.080000000000000 0.000000000000000 0.000000000000000 0.960000000000000 -0.000000000000000 0.000000000000000 0.120000000000000 
0.000000000000000 0.000000000000000 -0.120000000000000 0.000000000000000 -0.000000000000000 0.640000000000000 0.000000000000000 0.000000000000000 0.480000000000000 
0.000000000000000 0.000000000000000 0.000000000000000 0.000000000000000 0.000000000000000 0.000000000000000 0.000000000000000 0.000000000000000 1.000000000000000 
******************************************
Plotting triangulation
50 3
1 6 0 
1 6 7 
13 6 7 
13 6 12 
13 18 19 
13 18 12 
8 13 7 
8 13 14 
8 1 7 
8 1 2 
8 3 9 
8 3 2 
20 13 14 
20 13 19 
15 8 9 
15 8 14 
15 20 14 
15 20 21 
25 20 19 
25 20 26 
25 31 32 
25 32 26 
10 15 9 
10 15 16 
10 11 17 
10 17 16 
22 15 21 
22 15 16 
22 23 17 
22 17 16 
24 31 30 
24 25 31 
24 18 19 
24 25 19 
4 11 5 
4 10 11 
4 3 9 
4 10 9 
29 34 35 
29 28 34 
29 22 23 
29 28 22 
27 33 32 
27 32 26 
27 20 21 
27 20 26 
27 22 21 
27 28 22 
27 34 33 
27 28 34 
******************************************
C0 overlapping patch forward matrix
5 5
0.227797142684450 -0.791841434767612 0.455594285368901 -0.791841434767612 0.227797142684450 
0.377629768813151 -0.819896389581046 -0.000000000000000 0.819896389581046 -0.377629768813151 
0.433012701892220 -0.000000000000000 -0.433012701892219 -0.000000000000000 0.433012701892219 
0.288840614498510 0.498562442820067 0.577681228997018 0.498562442820068 0.288840614498509 
-0.506253707670034 -0.466342998987771 -0.000000000000000 0.466342998987771 0.506253707670033 
******************************************
C0 overlapping patch diagonal scaling
5 1
5.476081505835603 
4.171164609606619 
1.999999999999999 
0.273918494164399 
1.078835390393378 
******************************************
C0 overlapping patch backward matrix
5 5
0.182070289668505 0.295812529629829 0.577350269189625 0.289173004256351 -0.520079910200803 
-0.632891166678822 -0.642257695410496 -0.000000000000001 0.499136174633806 -0.479079207444369 
0.364140579337010 -0.000000000000000 -0.577350269189626 0.578346008512702 0.000000000000000 
-0.632891166678822 0.642257695410496 -0.000000000000000 0.499136174633807 0.479079207444369 
0.182070289668505 -0.295812529629829 0.577350269189626 0.289173004256351 0.520079910200803 
******************************************
IPDG overlapping patch forward matrix
5 5
1.483787076506544 -1.516039548162311 -0.000000000000000 1.516039548162304 -1.483787076506539 
-1.517990442731233 1.480429867990237 0.033940105887364 1.480429867990242 -1.517990442731238 
0.574789330390340 0.549722053788095 0.864755148236622 0.549722053788096 0.574789330390339 
1.078541840629248 1.138940046244539 -0.720455267758263 1.138940046244534 1.078541840629241 
-1.516039548162308 -1.483787076506540 -0.000000000000001 1.483787076506542 1.516039548162309 
******************************************
IPDG overlapping patch diagonal scaling
5 1
49.755375722615192 
47.278902051802191 
0.685124887896665 
5.035973060301132 
3.244624277384812 
******************************************
IPDG overlapping patch backward matrix
5 5
0.494595692168848 -0.506191254696656 0.405127375475835 0.462423989052493 -0.505346516054102 
-0.505346516054104 0.493666251956149 0.387459267452157 0.488319673503586 -0.494595692168846 
0.000000000000000 0.011317716040920 0.609503282526845 -0.308894644881173 -0.000000000000001 
0.505346516054101 0.493666251956151 0.387459267452158 0.488319673503585 0.494595692168848 
-0.494595692168846 -0.506191254696658 0.405127375475835 0.462423989052491 0.505346516054103 
******************************************
Quadrature r-coordinates
4 1
-0.861136311594053 
-0.339981043584856 
0.339981043584856 
0.861136311594053 
******************************************
Quadrature weights
4 1
0.347854845137454 
0.652145154862546 
0.652145154862546 
0.347854845137454 
******************************************
Quadrature Interpolation Matrix
4 3
0.801346029369931 0.258444252854191 -0.059790282224122 
0.227784076790952 0.884412890002952 -0.112196966793904 
-0.112196966793904 0.884412890002952 0.227784076790952 
-0.059790282224122 0.258444252854191 0.801346029369931 
******************************************
Quadrature Weak D Differentiation Matrix
3 4
-0.473477860880515 -0.547789567750249 -0.104355587112297 0.125623015743061 
0.599100876623575 0.443433980637952 -0.443433980637952 -0.599100876623575 
-0.125623015743061 0.104355587112297 0.547789567750249 0.473477860880515 
******************************************
Quadrature Projection Matrix
3 4
0.278752098947991 0.148548282034058 -0.073168708284919 -0.020798339363797 
0.089901085553260 0.576765581113407 0.576765581113407 0.089901085553260 
-0.020798339363797 -0.073168708284919 0.148548282034057 0.278752098947991 
******************************************
1D degree raise matrix
4 3
1.000000000000000 0.000000000000000 0.000000000000000 
0.323606797749979 0.800000000000000 -0.123606797749979 
-0.123606797749979 0.800000000000000 0.323606797749979 
0.000000000000000 0.000000000000000 1.000000000000000 
******************************************
1D degree lower matrix
2 3
1.000000000000000 0.000000000000000 0.000000000000000 
0.000000000000000 0.000000000000000 1.000000000000000 
******************************************
SEMFEM reference mesh
4 4
0 1 4 3 
1 2 5 4 
3 4 7 6 
4 5 8 7 
