% degree N
3
% number of nodes
16
% node coordinates
-1.000000000000000E+00 -1.000000000000000E+00
-4.472135954999579E-01 -1.000000000000000E+00
4.472135954999579E-01 -1.000000000000000E+00
1.000000000000000E+00 -1.000000000000000E+00
-1.000000000000000E+00 -4.472135954999579E-01
-4.472135954999579E-01 -4.472135954999579E-01
4.472135954999579E-01 -4.472135954999579E-01
1.000000000000000E+00 -4.472135954999579E-01
-1.000000000000000E+00 4.472135954999579E-01
-4.472135954999579E-01 4.472135954999579E-01
4.472135954999579E-01 4.472135954999579E-01
1.000000000000000E+00 4.472135954999579E-01
-1.000000000000000E+00 1.000000000000000E+00
-4.472135954999579E-01 1.000000000000000E+00
4.472135954999579E-01 1.000000000000000E+00
1.000000000000000E+00 1.000000000000000E+00
% r collocation differentation matrix
-2.999999999999999E+00 4.045084971874736E+00 -1.545084971874736E+00 4.999999999999992E-01 0.000000000000000E+00 0.000000000000000E+00 0.000000000000000E+00 0.000000000000000E+00 0.000000000000000E+00 0.000000000000000E+00 0.000000000000000E+00 0.000000000000000E+00 0.000000000000000E+00 0.000000000000000E+00 0.000000000000000E+00 0.000000000000000E+00 
-8.090169943749472E-01 0.000000000000000E+00 1.118033988749895E+00 -3.090169943749473E-01 0.000000000000000E+00 0.000000000000000E+00 0.000000000000000E+00 0.000000000000000E+00 0.000000000000000E+00 0.000000000000000E+00 0.000000000000000E+00 0.000000000000000E+00 0.000000000000000E+00 0.000000000000000E+00 0.000000000000000E+00 0.000000000000000E+00 
3.090169943749475E-01 -1.118033988749895E+00 0.000000000000000E+00 8.090169943749471E-01 0.000000000000000E+00 0.000000000000000E+00 0.000000000000000E+00 0.000000000000000E+00 0.000000000000000E+00 0.000000000000000E+00 0.000000000000000E+00 0.000000000000000E+00 0.000000000000000E+00 0.000000000000000E+00 0.000000000000000E+00 0.000000000000000E+00 
-4.999999999999992E-01 1.545084971874736E+00 -4.045084971874736E+00 3.000000000000000E+00 0.000000000000000E+00 0.000000000000000E+00 0.000000000000000E+00 0.000000000000000E+00 0.000000000000000E+00 0.000000000000000E+00 0.000000000000000E+00 0.000000000000000E+00 0.000000000000000E+00 0.000000000000000E+00 0.000000000000000E+00 0.000000000000000E+00 
0.000000000000000E+00 0.000000000000000E+00 0.000000000000000E+00 0.000000000000000E+00 -3.000000000000000E+00 4.045084971874736E+00 -1.545084971874736E+00 5.000000000000003E-01 0.000000000000000E+00 0.000000000000000E+00 0.000000000000000E+00 0.000000000000000E+00 0.000000000000000E+00 0.000000000000000E+00 0.000000000000000E+00 0.000000000000000E+00 
0.000000000000000E+00 0.000000000000000E+00 0.000000000000000E+00 0.000000000000000E+00 -8.090169943749473E-01 0.000000000000000E+00 1.118033988749895E+00 -3.090169943749471E-01 0.000000000000000E+00 0.000000000000000E+00 0.000000000000000E+00 0.000000000000000E+00 0.000000000000000E+00 0.000000000000000E+00 0.000000000000000E+00 0.000000000000000E+00 
0.000000000000000E+00 0.000000000000000E+00 0.000000000000000E+00 0.000000000000000E+00 3.090169943749475E-01 -1.118033988749895E+00 0.000000000000000E+00 8.090169943749472E-01 0.000000000000000E+00 0.000000000000000E+00 0.000000000000000E+00 0.000000000000000E+00 0.000000000000000E+00 0.000000000000000E+00 0.000000000000000E+00 0.000000000000000E+00 
0.000000000000000E+00 0.000000000000000E+00 0.000000000000000E+00 0.000000000000000E+00 -4.999999999999999E-01 1.545084971874736E+00 -4.045084971874735E+00 3.000000000000000E+00 0.000000000000000E+00 0.000000000000000E+00 0.000000000000000E+00 0.000000000000000E+00 0.000000000000000E+00 0.000000000000000E+00 0.000000000000000E+00 0.000000000000000E+00 
0.000000000000000E+00 0.000000000000000E+00 0.000000000000000E+00 0.000000000000000E+00 0.000000000000000E+00 0.000000000000000E+00 0.000000000000000E+00 0.000000000000000E+00 -3.000000000000000E+00 4.045084971874736E+00 -1.545084971874736E+00 4.999999999999994E-01 0.000000000000000E+00 0.000000000000000E+00 0.000000000000000E+00 0.000000000000000E+00 
0.000000000000000E+00 0.000000000000000E+00 0.000000000000000E+00 0.000000000000000E+00 0.000000000000000E+00 0.000000000000000E+00 0.000000000000000E+00 0.000000000000000E+00 -8.090169943749473E-01 0.000000000000000E+00 1.118033988749895E+00 -3.090169943749473E-01 0.000000000000000E+00 0.000000000000000E+00 0.000000000000000E+00 0.000000000000000E+00 
0.000000000000000E+00 0.000000000000000E+00 0.000000000000000E+00 0.000000000000000E+00 0.000000000000000E+00 0.000000000000000E+00 0.000000000000000E+00 0.000000000000000E+00 3.090169943749477E-01 -1.118033988749895E+00 0.000000000000000E+00 8.090169943749472E-01 0.000000000000000E+00 0.000000000000000E+00 0.000000000000000E+00 0.000000000000000E+00 
0.000000000000000E+00 0.000000000000000E+00 0.000000000000000E+00 0.000000000000000E+00 0.000000000000000E+00 0.000000000000000E+00 0.000000000000000E+00 0.000000000000000E+00 -4.999999999999996E-01 1.545084971874737E+00 -4.045084971874737E+00 3.000000000000000E+00 0.000000000000000E+00 0.000000000000000E+00 0.000000000000000E+00 0.000000000000000E+00 
0.000000000000000E+00 0.000000000000000E+00 0.000000000000000E+00 0.000000000000000E+00 0.000000000000000E+00 0.000000000000000E+00 0.000000000000000E+00 0.000000000000000E+00 0.000000000000000E+00 0.000000000000000E+00 0.000000000000000E+00 0.000000000000000E+00 -3.000000000000000E+00 4.045084971874736E+00 -1.545084971874736E+00 4.999999999999997E-01 
0.000000000000000E+00 0.000000000000000E+00 0.000000000000000E+00 0.000000000000000E+00 0.000000000000000E+00 0.000000000000000E+00 0.000000000000000E+00 0.000000000000000E+00 0.000000000000000E+00 0.000000000000000E+00 0.000000000000000E+00 0.000000000000000E+00 -8.090169943749471E-01 0.000000000000000E+00 1.118033988749895E+00 -3.090169943749475E-01 
0.000000000000000E+00 0.000000000000000E+00 0.000000000000000E+00 0.000000000000000E+00 0.000000000000000E+00 0.000000000000000E+00 0.000000000000000E+00 0.000000000000000E+00 0.000000000000000E+00 0.000000000000000E+00 0.000000000000000E+00 0.000000000000000E+00 3.090169943749473E-01 -1.118033988749895E+00 0.000000000000000E+00 8.090169943749472E-01 
0.000000000000000E+00 0.000000000000000E+00 0.000000000000000E+00 0.000000000000000E+00 0.000000000000000E+00 0.000000000000000E+00 0.000000000000000E+00 0.000000000000000E+00 0.000000000000000E+00 0.000000000000000E+00 0.000000000000000E+00 0.000000000000000E+00 -4.999999999999998E-01 1.545084971874736E+00 -4.045084971874736E+00 3.000000000000000E+00 
% s collocation differentation matrix
-3.000000000000000E+00 0.000000000000000E+00 0.000000000000000E+00 0.000000000000000E+00 4.045084971874736E+00 0.000000000000000E+00 0.000000000000000E+00 0.000000000000000E+00 -1.545084971874736E+00 0.000000000000000E+00 0.000000000000000E+00 0.000000000000000E+00 4.999999999999997E-01 0.000000000000000E+00 0.000000000000000E+00 0.000000000000000E+00 
0.000000000000000E+00 -3.000000000000000E+00 0.000000000000000E+00 0.000000000000000E+00 0.000000000000000E+00 4.045084971874736E+00 0.000000000000000E+00 0.000000000000000E+00 0.000000000000000E+00 -1.545084971874737E+00 0.000000000000000E+00 0.000000000000000E+00 0.000000000000000E+00 5.000000000000004E-01 0.000000000000000E+00 0.000000000000000E+00 
0.000000000000000E+00 0.000000000000000E+00 -3.000000000000000E+00 0.000000000000000E+00 0.000000000000000E+00 0.000000000000000E+00 4.045084971874736E+00 0.000000000000000E+00 0.000000000000000E+00 0.000000000000000E+00 -1.545084971874736E+00 0.000000000000000E+00 0.000000000000000E+00 0.000000000000000E+00 4.999999999999994E-01 0.000000000000000E+00 
0.000000000000000E+00 0.000000000000000E+00 0.000000000000000E+00 -3.000000000000000E+00 0.000000000000000E+00 0.000000000000000E+00 0.000000000000000E+00 4.045084971874736E+00 0.000000000000000E+00 0.000000000000000E+00 0.000000000000000E+00 -1.545084971874737E+00 0.000000000000000E+00 0.000000000000000E+00 0.000000000000000E+00 5.000000000000002E-01 
-8.090169943749472E-01 0.000000000000000E+00 0.000000000000000E+00 0.000000000000000E+00 0.000000000000000E+00 0.000000000000000E+00 0.000000000000000E+00 0.000000000000000E+00 1.118033988749895E+00 0.000000000000000E+00 0.000000000000000E+00 0.000000000000000E+00 -3.090169943749475E-01 0.000000000000000E+00 0.000000000000000E+00 0.000000000000000E+00 
0.000000000000000E+00 -8.090169943749473E-01 0.000000000000000E+00 0.000000000000000E+00 0.000000000000000E+00 0.000000000000000E+00 0.000000000000000E+00 0.000000000000000E+00 0.000000000000000E+00 1.118033988749895E+00 0.000000000000000E+00 0.000000000000000E+00 0.000000000000000E+00 -3.090169943749475E-01 0.000000000000000E+00 0.000000000000000E+00 
0.000000000000000E+00 0.000000000000000E+00 -8.090169943749472E-01 0.000000000000000E+00 0.000000000000000E+00 0.000000000000000E+00 0.000000000000000E+00 0.000000000000000E+00 0.000000000000000E+00 0.000000000000000E+00 1.118033988749895E+00 0.000000000000000E+00 0.000000000000000E+00 0.000000000000000E+00 -3.090169943749475E-01 0.000000000000000E+00 
0.000000000000000E+00 0.000000000000000E+00 0.000000000000000E+00 -8.090169943749470E-01 0.000000000000000E+00 0.000000000000000E+00 0.000000000000000E+00 0.000000000000000E+00 0.000000000000000E+00 0.000000000000000E+00 0.000000000000000E+00 1.118033988749895E+00 0.000000000000000E+00 0.000000000000000E+00 0.000000000000000E+00 -3.090169943749474E-01 
3.090169943749473E-01 0.000000000000000E+00 0.000000000000000E+00 0.000000000000000E+00 -1.118033988749895E+00 0.000000000000000E+00 0.000000000000000E+00 0.000000000000000E+00 0.000000000000000E+00 0.000000000000000E+00 0.000000000000000E+00 0.000000000000000E+00 8.090169943749473E-01 0.000000000000000E+00 0.000000000000000E+00 0.000000000000000E+00 
0.000000000000000E+00 3.090169943749475E-01 0.000000000000000E+00 0.000000000000000E+00 0.000000000000000E+00 -1.118033988749895E+00 0.000000000000000E+00 0.000000000000000E+00 0.000000000000000E+00 0.000000000000000E+00 0.000000000000000E+00 0.000000000000000E+00 0.000000000000000E+00 8.090169943749471E-01 0.000000000000000E+00 0.000000000000000E+00 
0.000000000000000E+00 0.000000000000000E+00 3.090169943749475E-01 0.000000000000000E+00 0.000000000000000E+00 0.000000000000000E+00 -1.118033988749895E+00 0.000000000000000E+00 0.000000000000000E+00 0.000000000000000E+00 0.000000000000000E+00 0.000000000000000E+00 0.000000000000000E+00 0.000000000000000E+00 8.090169943749473E-01 0.000000000000000E+00 
0.000000000000000E+00 0.000000000000000E+00 0.000000000000000E+00 3.090169943749474E-01 0.000000000000000E+00 0.000000000000000E+00 0.000000000000000E+00 -1.118033988749895E+00 0.000000000000000E+00 0.000000000000000E+00 0.000000000000000E+00 0.000000000000000E+00 0.000000000000000E+00 0.000000000000000E+00 0.000000000000000E+00 8.090169943749471E-01 
-5.000000000000000E-01 0.000000000000000E+00 0.000000000000000E+00 0.000000000000000E+00 1.545084971874737E+00 0.000000000000000E+00 0.000000000000000E+00 0.000000000000000E+00 -4.045084971874736E+00 0.000000000000000E+00 0.000000000000000E+00 0.000000000000000E+00 3.000000000000000E+00 0.000000000000000E+00 0.000000000000000E+00 0.000000000000000E+00 
0.000000000000000E+00 -4.999999999999997E-01 0.000000000000000E+00 0.000000000000000E+00 0.000000000000000E+00 1.545084971874736E+00 0.000000000000000E+00 0.000000000000000E+00 0.000000000000000E+00 -4.045084971874736E+00 0.000000000000000E+00 0.000000000000000E+00 0.000000000000000E+00 3.000000000000000E+00 0.000000000000000E+00 0.000000000000000E+00 
0.000000000000000E+00 0.000000000000000E+00 -5.000000000000009E-01 0.000000000000000E+00 0.000000000000000E+00 0.000000000000000E+00 1.545084971874738E+00 0.000000000000000E+00 0.000000000000000E+00 0.000000000000000E+00 -4.045084971874737E+00 0.000000000000000E+00 0.000000000000000E+00 0.000000000000000E+00 3.000000000000000E+00 0.000000000000000E+00 
0.000000000000000E+00 0.000000000000000E+00 0.000000000000000E+00 -4.999999999999994E-01 0.000000000000000E+00 0.000000000000000E+00 0.000000000000000E+00 1.545084971874735E+00 0.000000000000000E+00 0.000000000000000E+00 0.000000000000000E+00 -4.045084971874735E+00 0.000000000000000E+00 0.000000000000000E+00 0.000000000000000E+00 3.000000000000000E+00 
% faceNodes
0 1 2 3 
3 7 11 15 
12 13 14 15 
0 4 8 12 
% LIFT matrix
8.000000000000005E+00 0.000000000000000E+00 0.000000000000000E+00 0.000000000000000E+00 -2.000000000000004E+00 0.000000000000000E+00 0.000000000000000E+00 0.000000000000000E+00 -2.000000000000004E+00 0.000000000000000E+00 0.000000000000000E+00 0.000000000000000E+00 8.000000000000005E+00 0.000000000000000E+00 0.000000000000000E+00 0.000000000000000E+00 
0.000000000000000E+00 8.000000000000005E+00 0.000000000000000E+00 0.000000000000000E+00 8.944271909999171E-01 0.000000000000000E+00 0.000000000000000E+00 0.000000000000000E+00 0.000000000000000E+00 -2.000000000000003E+00 0.000000000000000E+00 0.000000000000000E+00 -8.944271909999173E-01 0.000000000000000E+00 0.000000000000000E+00 0.000000000000000E+00 
0.000000000000000E+00 0.000000000000000E+00 8.000000000000004E+00 0.000000000000000E+00 -8.944271909999173E-01 0.000000000000000E+00 0.000000000000000E+00 0.000000000000000E+00 0.000000000000000E+00 0.000000000000000E+00 -2.000000000000003E+00 0.000000000000000E+00 8.944271909999171E-01 0.000000000000000E+00 0.000000000000000E+00 0.000000000000000E+00 
0.000000000000000E+00 0.000000000000000E+00 0.000000000000000E+00 8.000000000000005E+00 8.000000000000005E+00 0.000000000000000E+00 0.000000000000000E+00 0.000000000000000E+00 0.000000000000000E+00 0.000000000000000E+00 0.000000000000000E+00 -2.000000000000004E+00 -2.000000000000004E+00 0.000000000000000E+00 0.000000000000000E+00 0.000000000000000E+00 
-8.944271909999170E-01 0.000000000000000E+00 0.000000000000000E+00 0.000000000000000E+00 0.000000000000000E+00 -2.000000000000003E+00 0.000000000000000E+00 0.000000000000000E+00 8.944271909999170E-01 0.000000000000000E+00 0.000000000000000E+00 0.000000000000000E+00 0.000000000000000E+00 8.000000000000005E+00 0.000000000000000E+00 0.000000000000000E+00 
0.000000000000000E+00 -8.944271909999172E-01 0.000000000000000E+00 0.000000000000000E+00 0.000000000000000E+00 8.944271909999170E-01 0.000000000000000E+00 0.000000000000000E+00 0.000000000000000E+00 8.944271909999171E-01 0.000000000000000E+00 0.000000000000000E+00 0.000000000000000E+00 -8.944271909999172E-01 0.000000000000000E+00 0.000000000000000E+00 
0.000000000000000E+00 0.000000000000000E+00 -8.944271909999170E-01 0.000000000000000E+00 0.000000000000000E+00 -8.944271909999172E-01 0.000000000000000E+00 0.000000000000000E+00 0.000000000000000E+00 0.000000000000000E+00 8.944271909999165E-01 0.000000000000000E+00 0.000000000000000E+00 8.944271909999170E-01 0.000000000000000E+00 0.000000000000000E+00 
0.000000000000000E+00 0.000000000000000E+00 0.000000000000000E+00 -8.944271909999171E-01 0.000000000000000E+00 8.000000000000005E+00 0.000000000000000E+00 0.000000000000000E+00 0.000000000000000E+00 0.000000000000000E+00 0.000000000000000E+00 8.944271909999171E-01 0.000000000000000E+00 -2.000000000000003E+00 0.000000000000000E+00 0.000000000000000E+00 
8.944271909999170E-01 0.000000000000000E+00 0.000000000000000E+00 0.000000000000000E+00 0.000000000000000E+00 0.000000000000000E+00 -2.000000000000003E+00 0.000000000000000E+00 -8.944271909999170E-01 0.000000000000000E+00 0.000000000000000E+00 0.000000000000000E+00 0.000000000000000E+00 0.000000000000000E+00 8.000000000000004E+00 0.000000000000000E+00 
0.000000000000000E+00 8.944271909999171E-01 0.000000000000000E+00 0.000000000000000E+00 0.000000000000000E+00 0.000000000000000E+00 8.944271909999166E-01 0.000000000000000E+00 0.000000000000000E+00 -8.944271909999172E-01 0.000000000000000E+00 0.000000000000000E+00 0.000000000000000E+00 0.000000000000000E+00 -8.944271909999170E-01 0.000000000000000E+00 
0.000000000000000E+00 0.000000000000000E+00 8.944271909999165E-01 0.000000000000000E+00 0.000000000000000E+00 0.000000000000000E+00 -8.944271909999170E-01 0.000000000000000E+00 0.000000000000000E+00 0.000000000000000E+00 -8.944271909999170E-01 0.000000000000000E+00 0.000000000000000E+00 0.000000000000000E+00 8.944271909999166E-01 0.000000000000000E+00 
0.000000000000000E+00 0.000000000000000E+00 0.000000000000000E+00 8.944271909999171E-01 0.000000000000000E+00 0.000000000000000E+00 8.000000000000004E+00 0.000000000000000E+00 0.000000000000000E+00 0.000000000000000E+00 0.000000000000000E+00 -8.944271909999171E-01 0.000000000000000E+00 0.000000000000000E+00 -2.000000000000003E+00 0.000000000000000E+00 
-2.000000000000004E+00 0.000000000000000E+00 0.000000000000000E+00 0.000000000000000E+00 0.000000000000000E+00 0.000000000000000E+00 0.000000000000000E+00 -2.000000000000003E+00 8.000000000000005E+00 0.000000000000000E+00 0.000000000000000E+00 0.000000000000000E+00 0.000000000000000E+00 0.000000000000000E+00 0.000000000000000E+00 8.000000000000005E+00 
0.000000000000000E+00 -2.000000000000003E+00 0.000000000000000E+00 0.000000000000000E+00 0.000000000000000E+00 0.000000000000000E+00 0.000000000000000E+00 8.944271909999167E-01 0.000000000000000E+00 8.000000000000005E+00 0.000000000000000E+00 0.000000000000000E+00 0.000000000000000E+00 0.000000000000000E+00 0.000000000000000E+00 -8.944271909999171E-01 
0.000000000000000E+00 0.000000000000000E+00 -2.000000000000003E+00 0.000000000000000E+00 0.000000000000000E+00 0.000000000000000E+00 0.000000000000000E+00 -8.944271909999171E-01 0.000000000000000E+00 0.000000000000000E+00 8.000000000000004E+00 0.000000000000000E+00 0.000000000000000E+00 0.000000000000000E+00 0.000000000000000E+00 8.944271909999167E-01 
0.000000000000000E+00 0.000000000000000E+00 0.000000000000000E+00 -2.000000000000004E+00 0.000000000000000E+00 0.000000000000000E+00 0.000000000000000E+00 8.000000000000005E+00 0.000000000000000E+00 0.000000000000000E+00 0.000000000000000E+00 8.000000000000005E+00 0.000000000000000E+00 0.000000000000000E+00 0.000000000000000E+00 -2.000000000000003E+00 
% D (1D) matrix
-2.999999999999999E+00 4.045084971874735E+00 -1.545084971874736E+00 4.999999999999997E-01 
-8.090169943749473E-01 -2.333885243396591E-16 1.118033988749895E+00 -3.090169943749473E-01 
3.090169943749472E-01 -1.118033988749895E+00 2.220446049250313E-16 8.090169943749475E-01 
-5.000000000000000E-01 1.545084971874735E+00 -4.045084971874735E+00 2.999999999999999E+00 
% r (1D) gll nodes
-1.000000000000000E+00 
-4.472135954999579E-01 
4.472135954999579E-01 
1.000000000000000E+00 
% w (1D) gll node weights
1.666666666666667E-01 
8.333333333333334E-01 
8.333333333333337E-01 
1.666666666666666E-01 
% number of plot nodes
49
% plot node coordinates
-1.000000000000000E+00 -1.000000000000000E+00
-1.000000000000000E+00 -6.666666666666667E-01
-1.000000000000000E+00 -3.333333333333334E-01
-1.000000000000000E+00 0.000000000000000E+00
-1.000000000000000E+00 3.333333333333333E-01
-1.000000000000000E+00 6.666666666666667E-01
-1.000000000000000E+00 1.000000000000000E+00
-6.666666666666667E-01 -1.000000000000000E+00
-6.666666666666667E-01 -6.666666666666667E-01
-6.666666666666667E-01 -3.333333333333334E-01
-6.666666666666667E-01 0.000000000000000E+00
-6.666666666666667E-01 3.333333333333333E-01
-6.666666666666667E-01 6.666666666666667E-01
-6.666666666666667E-01 1.000000000000000E+00
-3.333333333333334E-01 -1.000000000000000E+00
-3.333333333333334E-01 -6.666666666666667E-01
-3.333333333333334E-01 -3.333333333333334E-01
-3.333333333333334E-01 0.000000000000000E+00
-3.333333333333334E-01 3.333333333333333E-01
-3.333333333333334E-01 6.666666666666667E-01
-3.333333333333334E-01 1.000000000000000E+00
0.000000000000000E+00 -1.000000000000000E+00
0.000000000000000E+00 -6.666666666666667E-01
0.000000000000000E+00 -3.333333333333334E-01
0.000000000000000E+00 0.000000000000000E+00
0.000000000000000E+00 3.333333333333333E-01
0.000000000000000E+00 6.666666666666667E-01
0.000000000000000E+00 1.000000000000000E+00
3.333333333333333E-01 -1.000000000000000E+00
3.333333333333333E-01 -6.666666666666667E-01
3.333333333333333E-01 -3.333333333333334E-01
3.333333333333333E-01 0.000000000000000E+00
3.333333333333333E-01 3.333333333333333E-01
3.333333333333333E-01 6.666666666666667E-01
3.333333333333333E-01 1.000000000000000E+00
6.666666666666667E-01 -1.000000000000000E+00
6.666666666666667E-01 -6.666666666666667E-01
6.666666666666667E-01 -3.333333333333334E-01
6.666666666666667E-01 0.000000000000000E+00
6.666666666666667E-01 3.333333333333333E-01
6.666666666666667E-01 6.666666666666667E-01
6.666666666666667E-01 1.000000000000000E+00
1.000000000000000E+00 -1.000000000000000E+00
1.000000000000000E+00 -6.666666666666667E-01
1.000000000000000E+00 -3.333333333333334E-01
1.000000000000000E+00 0.000000000000000E+00
1.000000000000000E+00 3.333333333333333E-01
1.000000000000000E+00 6.666666666666667E-01
1.000000000000000E+00 1.000000000000000E+00
% plot node interpolation matrix
1.000000000000000E+00 0.000000000000000E+00 0.000000000000000E+00 0.000000000000000E+00 0.000000000000000E+00 0.000000000000000E+00 0.000000000000000E+00 0.000000000000000E+00 0.000000000000000E+00 -0.000000000000000E+00 0.000000000000000E+00 0.000000000000000E+00 0.000000000000000E+00 0.000000000000000E+00 0.000000000000000E+00 0.000000000000000E+00 
2.546296296296295E-01 -1.917712337553408E-17 1.359329645088259E-17 2.492555095376614E-17 8.648305503471735E-01 9.372454551300338E-18 7.271676022473387E-17 -5.280372953777386E-17 -1.703861059027292E-01 4.286351553109640E-17 -1.078196589394585E-16 2.370050734728099E-17 5.092592592592591E-02 -3.305884670686265E-17 2.150960226384202E-17 4.177671236726721E-18 
-7.407407407407393E-02 5.737803691341997E-17 -2.673096118614346E-18 4.109967373169278E-17 9.696422180555164E-01 -6.664854108578740E-17 1.475090025615379E-16 -1.026500213126503E-16 1.414688930555945E-01 -2.941442579563560E-18 -1.121851616315313E-16 4.520333331554995E-17 -3.703703703703700E-02 1.221194675193097E-17 -3.265074481139222E-17 1.634701426540756E-17 
-1.250000000000000E-01 -5.212525931543364E-17 1.645418712524295E-17 3.796677039981626E-17 6.250000000000000E-01 -1.213642702046348E-17 -1.298992202645589E-17 -7.211012957301221E-17 6.250000000000000E-01 9.062693196942021E-17 -3.821525998881050E-18 2.973449609729639E-17 -1.250000000000000E-01 -2.636524563352309E-17 3.572609000939975E-19 4.408863075899577E-18 
-3.703703703703699E-02 -6.292565733601941E-17 3.150740247838738E-17 3.201532818272976E-17 1.414688930555946E-01 6.870252690951398E-17 -5.782704174851381E-18 -1.083215355973712E-16 9.696422180555165E-01 -8.260333620916204E-18 -2.724657492547093E-17 9.964870520266716E-17 -7.407407407407417E-02 2.483464047421630E-18 1.521876621934920E-18 -2.334249778802568E-17 
5.092592592592593E-02 -3.798107903768846E-17 4.617722749513945E-17 2.348980347443050E-17 -1.703861059027292E-01 1.630796298720103E-17 -4.444613783178427E-17 3.695807042569672E-17 8.648305503471735E-01 2.637974226706614E-17 1.889150394518923E-17 -4.560194804533676E-17 2.546296296296298E-01 -4.706626216578714E-18 -2.062259360854440E-17 -1.484592585479046E-17 
0.000000000000000E+00 0.000000000000000E+00 0.000000000000000E+00 0.000000000000000E+00 0.000000000000000E+00 0.000000000000000E+00 0.000000000000000E+00 0.000000000000000E+00 0.000000000000000E+00 -0.000000000000000E+00 0.000000000000000E+00 0.000000000000000E+00 1.000000000000000E+00 0.000000000000000E+00 0.000000000000000E+00 0.000000000000000E+00 
2.546296296296299E-01 8.648305503471737E-01 -1.703861059027294E-01 5.092592592592595E-02 -4.804327844079485E-17 -1.730922480842817E-16 2.692068222066139E-16 -4.807129568153727E-17 -3.373327451521258E-19 1.100956608612280E-16 -1.824125424154087E-16 7.265421429933279E-17 3.846621359302187E-17 -1.940664166595365E-17 3.001364704609572E-17 -4.907321897316393E-17 
6.483624828532236E-02 2.202114827272898E-01 -4.338535104004693E-02 1.296724965706452E-02 2.202114827272897E-01 7.479318808137948E-01 -1.473551097393688E-01 4.404229654545787E-02 -4.338535104004700E-02 -1.473551097393686E-01 2.903142508469552E-02 -8.677070208009171E-03 1.296724965706453E-02 4.404229654545786E-02 -8.677070208009278E-03 2.593449931412819E-03 
-1.886145404663923E-02 -6.406152224793868E-02 1.262119302983181E-02 -3.772290809327851E-03 2.468996388567289E-01 8.385762130808063E-01 -1.652135616533644E-01 4.937992777134576E-02 3.602217184285960E-02 1.223466206382755E-01 -2.410433379411274E-02 7.204434368571971E-03 -9.430727023319558E-03 -3.203076112396951E-02 6.310596514915986E-03 -1.886145404663928E-03 
-3.182870370370357E-02 -1.081038187933968E-01 2.129826323784121E-02 -6.365740740740797E-03 1.591435185185185E-01 5.405190939669834E-01 -1.064913161892057E-01 3.182870370370371E-02 1.591435185185185E-01 5.405190939669837E-01 -1.064913161892059E-01 3.182870370370378E-02 -3.182870370370370E-02 -1.081038187933968E-01 2.129826323784119E-02 -6.365740740740766E-03 
-9.430727023319600E-03 -3.203076112396937E-02 6.310596514915979E-03 -1.886145404664009E-03 3.602217184285980E-02 1.223466206382752E-01 -2.410433379411248E-02 7.204434368571955E-03 2.468996388567287E-01 8.385762130808067E-01 -1.652135616533646E-01 4.937992777134584E-02 -1.886145404663919E-02 -6.406152224793885E-02 1.262119302983175E-02 -3.772290809327840E-03 
1.296724965706471E-02 4.404229654545790E-02 -8.677070208009303E-03 2.593449931412815E-03 -4.338535104004676E-02 -1.473551097393690E-01 2.903142508469592E-02 -8.677070208009334E-03 2.202114827272896E-01 7.479318808137949E-01 -1.473551097393690E-01 4.404229654545792E-02 6.483624828532246E-02 2.202114827272897E-01 -4.338535104004686E-02 1.296724965706450E-02 
-1.110223024625157E-16 -1.996106135932161E-19 -6.425467798020000E-17 5.827325685766028E-17 9.018061898387257E-17 -5.548614946433644E-17 0.000000000000000E+00 -3.469446951953614E-17 -1.585379180433261E-16 9.580963638913712E-17 2.508747852545268E-17 3.764080312873635E-17 2.546296296296298E-01 8.648305503471734E-01 -1.703861059027291E-01 5.092592592592588E-02 
-7.407407407407408E-02 9.696422180555168E-01 1.414688930555943E-01 -3.703703703703697E-02 1.401870310977209E-17 2.655075221973456E-17 -5.472054531873977E-17 1.415108998923313E-17 -5.803026034793903E-18 1.890424410731598E-16 -2.542211081773771E-16 7.098169313901122E-17 1.539176861855399E-16 -3.616130889156939E-16 3.398076890858100E-16 -1.321122863556560E-16 
-1.886145404663924E-02 2.468996388567289E-01 3.602217184285965E-02 -9.430727023319626E-03 -6.406152224793876E-02 8.385762130808065E-01 1.223466206382751E-01 -3.203076112396933E-02 1.262119302983182E-02 -1.652135616533645E-01 -2.410433379411258E-02 6.310596514915914E-03 -3.772290809327845E-03 4.937992777134579E-02 7.204434368571878E-03 -1.886145404663877E-03 
5.486968449931464E-03 -7.182534948559381E-02 -1.047917726337724E-02 2.743484224965656E-03 -7.182534948559384E-02 9.402060310356221E-01 1.371742112482853E-01 -3.591267474279689E-02 -1.047917726337732E-02 1.371742112482854E-01 2.001344770237477E-02 -5.239588631688578E-03 2.743484224965729E-03 -3.591267474279698E-02 -5.239588631688592E-03 1.371742112482840E-03 
9.259259259259245E-03 -1.212052772569397E-01 -1.768361163194910E-02 4.629629629629467E-03 -4.629629629629620E-02 6.060263862846980E-01 8.841805815974620E-02 -2.314814814814794E-02 -4.629629629629639E-02 6.060263862846981E-01 8.841805815974642E-02 -2.314814814814811E-02 9.259259259259425E-03 -1.212052772569397E-01 -1.768361163194916E-02 4.629629629629550E-03 
2.743484224965706E-03 -3.591267474279689E-02 -5.239588631688667E-03 1.371742112482828E-03 -1.047917726337716E-02 1.371742112482853E-01 2.001344770237505E-02 -5.239588631688582E-03 -7.182534948559388E-02 9.402060310356222E-01 1.371742112482853E-01 -3.591267474279698E-02 5.486968449931432E-03 -7.182534948559388E-02 -1.047917726337739E-02 2.743484224965715E-03 
-3.772290809327890E-03 4.937992777134572E-02 7.204434368571968E-03 -1.886145404663950E-03 1.262119302983194E-02 -1.652135616533644E-01 -2.410433379411261E-02 6.310596514915924E-03 -6.406152224793876E-02 8.385762130808063E-01 1.223466206382753E-01 -3.203076112396934E-02 -1.886145404663916E-02 2.468996388567288E-01 3.602217184285977E-02 -9.430727023319690E-03 
4.163336342344337E-17 -8.197164861323821E-17 7.534001933188587E-17 -6.716960922269114E-18 -3.186617186265020E-17 1.081940048056297E-16 2.220446049250313E-16 -2.983724378680108E-16 1.159460591522846E-16 -1.430243912080946E-16 -6.253099828203724E-17 8.960933033784727E-17 -7.407407407407403E-02 9.696422180555164E-01 1.414688930555945E-01 -3.703703703703703E-02 
-1.250000000000001E-01 6.250000000000000E-01 6.250000000000002E-01 -1.250000000000001E-01 1.504034048802919E-16 -5.942440152153148E-17 -1.125690676784486E-16 2.159006431968814E-17 7.785263067020670E-17 -1.387260461376141E-16 2.026573601245174E-17 4.060767945495570E-17 -1.464901545900183E-16 2.235913701409642E-16 -1.387778780781446E-16 6.167666252719860E-17 
-3.182870370370376E-02 1.591435185185187E-01 1.591435185185185E-01 -3.182870370370365E-02 -1.081038187933966E-01 5.405190939669834E-01 5.405190939669836E-01 -1.081038187933968E-01 2.129826323784110E-02 -1.064913161892057E-01 -1.064913161892059E-01 2.129826323784117E-02 -6.365740740740727E-03 3.182870370370374E-02 3.182870370370366E-02 -6.365740740740719E-03 
9.259259259259300E-03 -4.629629629629623E-02 -4.629629629629620E-02 9.259259259259212E-03 -1.212052772569397E-01 6.060263862846980E-01 6.060263862846978E-01 -1.212052772569395E-01 -1.768361163194931E-02 8.841805815974642E-02 8.841805815974646E-02 -1.768361163194927E-02 4.629629629629622E-03 -2.314814814814809E-02 -2.314814814814817E-02 4.629629629629642E-03 
1.562500000000004E-02 -7.812500000000000E-02 -7.812499999999989E-02 1.562499999999989E-02 -7.812499999999999E-02 3.906250000000001E-01 3.906249999999998E-01 -7.812499999999994E-02 -7.812500000000001E-02 3.906250000000000E-01 3.906250000000001E-01 -7.812499999999994E-02 1.562499999999993E-02 -7.812499999999999E-02 -7.812500000000001E-02 1.562500000000003E-02 
4.629629629629501E-03 -2.314814814814816E-02 -2.314814814814799E-02 4.629629629629563E-03 -1.768361163194897E-02 8.841805815974656E-02 8.841805815974629E-02 -1.768361163194925E-02 -1.212052772569398E-01 6.060263862846978E-01 6.060263862846982E-01 -1.212052772569396E-01 9.259259259259325E-03 -4.629629629629627E-02 -4.629629629629643E-02 9.259259259259224E-03 
-6.365740740740707E-03 3.182870370370366E-02 3.182870370370382E-02 -6.365740740740792E-03 2.129826323784102E-02 -1.064913161892058E-01 -1.064913161892058E-01 2.129826323784127E-02 -1.081038187933968E-01 5.405190939669835E-01 5.405190939669836E-01 -1.081038187933968E-01 -3.182870370370353E-02 1.591435185185186E-01 1.591435185185185E-01 -3.182870370370369E-02 
-1.387778780781446E-17 8.742184592190780E-18 -5.500147728490563E-17 3.954818929754642E-17 -4.676896663906705E-17 -8.742184592190777E-18 0.000000000000000E+00 5.551115123125783E-17 -5.895337902726849E-18 -8.742184592190785E-18 5.500147728490563E-17 -4.036395478998800E-17 -1.250000000000000E-01 6.250000000000000E-01 6.250000000000000E-01 -1.250000000000000E-01 
-3.703703703703730E-02 1.414688930555945E-01 9.696422180555168E-01 -7.407407407407399E-02 2.357182060443184E-16 1.623103525658463E-16 -3.018173396222841E-16 -9.621121898788060E-17 -5.300194295735749E-18 -1.264232066652947E-16 2.011194930361298E-16 -6.939609207509936E-17 -1.029381857939790E-16 7.977273469725275E-17 -1.424347069302266E-16 1.656001580269529E-16 
-9.430727023319666E-03 3.602217184285979E-02 2.468996388567289E-01 -1.886145404663925E-02 -3.203076112396954E-02 1.223466206382754E-01 8.385762130808063E-01 -6.406152224793864E-02 6.310596514915911E-03 -2.410433379411261E-02 -1.652135616533643E-01 1.262119302983177E-02 -1.886145404663932E-03 7.204434368572024E-03 4.937992777134567E-02 -3.772290809327812E-03 
2.743484224965764E-03 -1.047917726337728E-02 -7.182534948559374E-02 5.486968449931406E-03 -3.591267474279694E-02 1.371742112482854E-01 9.402060310356221E-01 -7.182534948559390E-02 -5.239588631688673E-03 2.001344770237505E-02 1.371742112482853E-01 -1.047917726337738E-02 1.371742112482818E-03 -5.239588631688612E-03 -3.591267474279699E-02 2.743484224965740E-03 
4.629629629629593E-03 -1.768361163194936E-02 -1.212052772569395E-01 9.259259259259196E-03 -2.314814814814825E-02 8.841805815974665E-02 6.060263862846975E-01 -4.629629629629611E-02 -2.314814814814821E-02 8.841805815974658E-02 6.060263862846981E-01 -4.629629629629638E-02 4.629629629629610E-03 -1.768361163194922E-02 -1.212052772569397E-01 9.259259259259323E-03 
1.371742112482798E-03 -5.239588631688651E-03 -3.591267474279686E-02 2.743484224965636E-03 -5.239588631688726E-03 2.001344770237517E-02 1.371742112482851E-01 -1.047917726337709E-02 -3.591267474279705E-02 1.371742112482854E-01 9.402060310356219E-01 -7.182534948559370E-02 2.743484224965875E-03 -1.047917726337739E-02 -7.182534948559381E-02 5.486968449931316E-03 
-1.886145404664009E-03 7.204434368571864E-03 4.937992777134590E-02 -3.772290809327885E-03 6.310596514915910E-03 -2.410433379411233E-02 -1.652135616533645E-01 1.262119302983171E-02 -3.203076112396953E-02 1.223466206382754E-01 8.385762130808064E-01 -6.406152224793879E-02 -9.430727023319568E-03 3.602217184285967E-02 2.468996388567289E-01 -1.886145404663925E-02 
1.526556658859590E-16 -9.451837673753827E-17 -4.150924763929132E-17 8.378326870197500E-17 1.495731313609415E-16 -1.634509191687560E-16 8.326672684688674E-17 -6.938893903907228E-17 -1.176638540066835E-16 3.046248726129895E-16 -8.096706757835194E-17 -1.059939510279540E-16 -3.703703703703714E-02 1.414688930555945E-01 9.696422180555166E-01 -7.407407407407410E-02 
5.092592592592567E-02 -1.703861059027293E-01 8.648305503471736E-01 2.546296296296299E-01 1.640700414238032E-16 2.178669587183240E-16 -2.071589652346003E-16 -1.747780349075269E-16 -2.055764389987662E-17 -1.599455199854024E-16 8.762863843122162E-17 9.287452545405737E-17 5.207446975367825E-17 9.613666277208466E-17 -1.009445625082585E-16 -4.726657001750442E-17 
1.296724965706464E-02 -4.338535104004678E-02 2.202114827272897E-01 6.483624828532243E-02 4.404229654545787E-02 -1.473551097393690E-01 7.479318808137948E-01 2.202114827272898E-01 -8.677070208009334E-03 2.903142508469590E-02 -1.473551097393690E-01 -4.338535104004689E-02 2.593449931412856E-03 -8.677070208009282E-03 4.404229654545785E-02 1.296724965706453E-02 
-3.772290809328026E-03 1.262119302983182E-02 -6.406152224793871E-02 -1.886145404663922E-02 4.937992777134545E-02 -1.652135616533644E-01 8.385762130808064E-01 2.468996388567290E-01 7.204434368571958E-03 -2.410433379411255E-02 1.223466206382753E-01 3.602217184285963E-02 -1.886145404663954E-03 6.310596514915891E-03 -3.203076112396943E-02 -9.430727023319584E-03 
-6.365740740740760E-03 2.129826323784115E-02 -1.081038187933967E-01 -3.182870370370371E-02 3.182870370370357E-02 -1.064913161892057E-01 5.405190939669835E-01 1.591435185185186E-01 3.182870370370371E-02 -1.064913161892057E-01 5.405190939669835E-01 1.591435185185185E-01 -6.365740740740583E-03 2.129826323784104E-02 -1.081038187933967E-01 -3.182870370370368E-02 
-1.886145404664142E-03 6.310596514915864E-03 -3.203076112396931E-02 -9.430727023319619E-03 7.204434368571849E-03 -2.410433379411240E-02 1.223466206382752E-01 3.602217184285991E-02 4.937992777134570E-02 -1.652135616533644E-01 8.385762130808063E-01 2.468996388567289E-01 -3.772290809327754E-03 1.262119302983183E-02 -6.406152224793887E-02 -1.886145404663931E-02 
2.593449931412929E-03 -8.677070208009452E-03 4.404229654545802E-02 1.296724965706447E-02 -8.677070208009223E-03 2.903142508469612E-02 -1.473551097393691E-01 -4.338535104004689E-02 4.404229654545778E-02 -1.473551097393690E-01 7.479318808137949E-01 2.202114827272897E-01 1.296724965706450E-02 -4.338535104004680E-02 2.202114827272896E-01 6.483624828532238E-02 
-8.326672684688674E-17 2.609479699681069E-17 -9.054908559060393E-17 4.253453970414632E-17 -6.310368880230574E-17 6.310368880230572E-17 -1.665334536937735E-16 1.665334536937735E-16 1.042348814080256E-17 1.122811118771417E-17 1.096690037268756E-16 -1.313206030553923E-16 5.092592592592601E-02 -1.703861059027292E-01 8.648305503471735E-01 2.546296296296297E-01 
-5.882636763030387E-17 -6.370248368819759E-17 5.175573640898503E-17 1.000000000000000E+00 8.430856343618569E-17 2.014772336282790E-16 -1.747634946019490E-16 -1.110223024625157E-16 9.748685393584638E-17 -2.014772336282790E-16 1.747634946019490E-16 -7.077311490951643E-17 -1.229690497417282E-16 6.370248368819757E-17 -5.175573640898501E-17 1.110223024625157E-16 
2.587537440385836E-16 6.339708309610339E-18 -4.558974021313328E-17 2.546296296296297E-01 8.114789054548744E-17 1.229971020668524E-16 3.437203558638019E-17 8.648305503471734E-01 2.987441191702822E-17 -2.250017609743922E-16 8.476569468883175E-17 -1.703861059027292E-01 7.431316334896337E-17 9.566495059792950E-17 -7.354799006207867E-17 5.092592592592587E-02 
-2.239483706342849E-17 4.508289841098514E-17 -1.685231052469706E-17 -7.407407407407400E-02 -2.003983133280589E-17 8.970097653359646E-17 5.035793770591850E-17 9.696422180555164E-01 2.003983133280589E-17 -8.580691606293437E-17 -8.851814091192498E-17 1.414688930555945E-01 2.239483706342849E-17 -4.897695888164724E-17 5.501251373070352E-17 -3.703703703703699E-02 
-2.858958623042960E-16 6.519036353755130E-17 -1.058029344495441E-16 -1.250000000000000E-01 1.696666595224853E-16 -2.897368786640433E-16 2.756600566698018E-16 6.249999999999999E-01 5.237794540254607E-17 3.036625103905044E-16 -2.279066314726430E-16 6.249999999999999E-01 6.385125737926467E-17 -7.911599526401238E-17 5.804950925238537E-17 -1.250000000000000E-01 
-6.703026238660027E-17 5.254755820499731E-17 -6.760376313500587E-17 -3.703703703703699E-02 2.908299197998586E-16 -3.385631563504196E-16 3.648963231956706E-16 1.414688930555942E-01 -1.327416364356948E-17 2.690566694757605E-16 -2.679769221327361E-16 9.696422180555166E-01 1.151911115534245E-17 1.695892866966177E-17 -2.931563792792868E-17 -7.407407407407411E-02 
-2.128349589810174E-16 1.378304545382769E-16 -1.067683206947180E-16 5.092592592592588E-02 9.503480865032774E-17 -2.875725061865857E-16 2.083044336461483E-16 -1.703861059027292E-01 -9.503480865032774E-17 1.327946179411923E-16 -3.639347403308275E-17 8.648305503471735E-01 1.018126565185017E-16 1.694743370711645E-17 -6.514263891834753E-17 2.546296296296297E-01 
0.000000000000000E+00 -5.417333653604157E-17 2.289634610405778E-17 5.720356495270464E-17 -6.993747673752625E-17 0.000000000000000E+00 6.993747673752625E-17 0.000000000000000E+00 -3.484309338327033E-17 0.000000000000000E+00 -6.993747673752624E-17 1.047805701207966E-16 0.000000000000000E+00 8.545032696802533E-17 -5.417333653604155E-17 1.000000000000000E+00 
% number of plot elements
72
% number of vertices per plot elements
3
% triangulation of plot nodes
9 3 2
2 1 8
10 3 9
12 19 13
15 14 21
12 13 6
19 20 13
25 26 19
27 20 26
33 26 32
17 16 23
1 0 7
38 39 32
46 47 40
39 40 33
37 44 38
40 34 33
8 1 7
29 30 23
8 7 14
38 32 31
15 8 14
23 16 22
16 10 9
28 29 22
24 25 18
9 2 8
15 9 8
16 17 10
16 15 22
16 9 15
11 4 10
18 11 17
4 3 10
6 5 12
4 11 5
18 25 19
11 18 12
26 20 19
17 11 10
12 5 11
23 24 17
19 12 18
17 24 18
32 26 25
39 33 32
34 27 33
31 30 37
36 35 42
33 27 26
40 41 34
38 45 39
48 41 47
46 40 39
47 41 40
44 45 38
45 46 39
37 36 43
29 23 22
43 44 37
30 24 23
31 25 24
37 30 36
37 38 31
25 31 32
24 30 31
22 15 21
36 29 35
22 21 28
35 29 28
36 30 29
42 43 36
% dual projection matrix
2.856445312499997E-02 -1.034678056670961E-01 2.841318681670963E-01 2.751464843750004E-01 3.819986979166672E-01 1.490593087971903E-01 -6.930670463052414E-02 1.359049479166668E-01 -1.114908854166679E-02 -8.987316185810840E-02 2.476899519144165E-02 -5.777994791666689E-03 
-3.200673343464883E-03 1.603668894124473E-02 -6.749303943155653E-02 2.429197884647509E-02 8.571356119693273E-02 9.256184895833331E-01 5.452473958333356E-02 -6.976304036359957E-02 -5.289580131416910E-04 4.369638397542193E-02 -1.144576265177678E-02 2.549631676798243E-03 
2.549631676798236E-03 -1.144576265177676E-02 4.369638397542189E-02 -5.289580131417011E-04 -6.976304036359959E-02 5.452473958333372E-02 9.256184895833335E-01 8.571356119693266E-02 2.429197884647504E-02 -6.749303943155663E-02 1.603668894124479E-02 -3.200673343464903E-03 
-5.777994791666670E-03 2.476899519144160E-02 -8.987316185810829E-02 -1.114908854166674E-02 1.359049479166667E-01 -6.930670463052413E-02 1.490593087971895E-01 3.819986979166671E-01 2.751464843750004E-01 2.841318681670964E-01 -1.034678056670962E-01 2.856445312500003E-02 
