% degree N
2
% number of nodes
9
% node coordinates
-1.000000000000000E+00 -1.000000000000000E+00
0.000000000000000E+00 -1.000000000000000E+00
1.000000000000000E+00 -1.000000000000000E+00
-1.000000000000000E+00 0.000000000000000E+00
0.000000000000000E+00 0.000000000000000E+00
1.000000000000000E+00 0.000000000000000E+00
-1.000000000000000E+00 1.000000000000000E+00
0.000000000000000E+00 1.000000000000000E+00
1.000000000000000E+00 1.000000000000000E+00
% r collocation differentation matrix
-1.500000000000000E+00 2.000000000000000E+00 -4.999999999999998E-01 0.000000000000000E+00 0.000000000000000E+00 0.000000000000000E+00 0.000000000000000E+00 0.000000000000000E+00 0.000000000000000E+00 
-5.000000000000000E-01 0.000000000000000E+00 5.000000000000000E-01 0.000000000000000E+00 0.000000000000000E+00 0.000000000000000E+00 0.000000000000000E+00 0.000000000000000E+00 0.000000000000000E+00 
5.000000000000000E-01 -2.000000000000000E+00 1.500000000000000E+00 0.000000000000000E+00 0.000000000000000E+00 0.000000000000000E+00 0.000000000000000E+00 0.000000000000000E+00 0.000000000000000E+00 
0.000000000000000E+00 0.000000000000000E+00 0.000000000000000E+00 -1.500000000000000E+00 2.000000000000000E+00 -5.000000000000000E-01 0.000000000000000E+00 0.000000000000000E+00 0.000000000000000E+00 
0.000000000000000E+00 0.000000000000000E+00 0.000000000000000E+00 -5.000000000000000E-01 0.000000000000000E+00 5.000000000000000E-01 0.000000000000000E+00 0.000000000000000E+00 0.000000000000000E+00 
0.000000000000000E+00 0.000000000000000E+00 0.000000000000000E+00 5.000000000000000E-01 -2.000000000000000E+00 1.500000000000000E+00 0.000000000000000E+00 0.000000000000000E+00 0.000000000000000E+00 
0.000000000000000E+00 0.000000000000000E+00 0.000000000000000E+00 0.000000000000000E+00 0.000000000000000E+00 0.000000000000000E+00 -1.500000000000000E+00 2.000000000000000E+00 -5.000000000000000E-01 
0.000000000000000E+00 0.000000000000000E+00 0.000000000000000E+00 0.000000000000000E+00 0.000000000000000E+00 0.000000000000000E+00 -5.000000000000000E-01 0.000000000000000E+00 5.000000000000000E-01 
0.000000000000000E+00 0.000000000000000E+00 0.000000000000000E+00 0.000000000000000E+00 0.000000000000000E+00 0.000000000000000E+00 4.999999999999998E-01 -2.000000000000000E+00 1.500000000000000E+00 
% s collocation differentation matrix
-1.500000000000000E+00 0.000000000000000E+00 0.000000000000000E+00 2.000000000000000E+00 0.000000000000000E+00 0.000000000000000E+00 -4.999999999999999E-01 0.000000000000000E+00 0.000000000000000E+00 
0.000000000000000E+00 -1.500000000000000E+00 0.000000000000000E+00 0.000000000000000E+00 2.000000000000000E+00 0.000000000000000E+00 0.000000000000000E+00 -5.000000000000000E-01 0.000000000000000E+00 
0.000000000000000E+00 0.000000000000000E+00 -1.500000000000000E+00 0.000000000000000E+00 0.000000000000000E+00 2.000000000000000E+00 0.000000000000000E+00 0.000000000000000E+00 -5.000000000000000E-01 
-5.000000000000000E-01 0.000000000000000E+00 0.000000000000000E+00 0.000000000000000E+00 0.000000000000000E+00 0.000000000000000E+00 5.000000000000000E-01 0.000000000000000E+00 0.000000000000000E+00 
0.000000000000000E+00 -5.000000000000000E-01 0.000000000000000E+00 0.000000000000000E+00 0.000000000000000E+00 0.000000000000000E+00 0.000000000000000E+00 5.000000000000000E-01 0.000000000000000E+00 
0.000000000000000E+00 0.000000000000000E+00 -5.000000000000000E-01 0.000000000000000E+00 0.000000000000000E+00 0.000000000000000E+00 0.000000000000000E+00 0.000000000000000E+00 5.000000000000000E-01 
5.000000000000000E-01 0.000000000000000E+00 0.000000000000000E+00 -2.000000000000000E+00 0.000000000000000E+00 0.000000000000000E+00 1.500000000000000E+00 0.000000000000000E+00 0.000000000000000E+00 
0.000000000000000E+00 5.000000000000000E-01 0.000000000000000E+00 0.000000000000000E+00 -2.000000000000000E+00 0.000000000000000E+00 0.000000000000000E+00 1.500000000000000E+00 0.000000000000000E+00 
0.000000000000000E+00 0.000000000000000E+00 4.999999999999997E-01 0.000000000000000E+00 0.000000000000000E+00 -2.000000000000000E+00 0.000000000000000E+00 0.000000000000000E+00 1.500000000000000E+00 
% faceNodes
0 1 2 
2 5 8 
6 7 8 
0 3 6 
% LIFT matrix
4.500000000000000E+00 0.000000000000000E+00 0.000000000000000E+00 1.500000000000001E+00 0.000000000000000E+00 0.000000000000000E+00 1.500000000000001E+00 0.000000000000000E+00 0.000000000000000E+00 4.500000000000000E+00 0.000000000000000E+00 0.000000000000000E+00 
0.000000000000000E+00 4.499999999999999E+00 0.000000000000000E+00 -7.500000000000002E-01 0.000000000000000E+00 0.000000000000000E+00 0.000000000000000E+00 1.500000000000001E+00 0.000000000000000E+00 -7.500000000000002E-01 0.000000000000000E+00 0.000000000000000E+00 
0.000000000000000E+00 0.000000000000000E+00 4.500000000000000E+00 4.500000000000000E+00 0.000000000000000E+00 0.000000000000000E+00 0.000000000000000E+00 0.000000000000000E+00 1.500000000000001E+00 1.500000000000001E+00 0.000000000000000E+00 0.000000000000000E+00 
-7.500000000000002E-01 0.000000000000000E+00 0.000000000000000E+00 0.000000000000000E+00 1.500000000000001E+00 0.000000000000000E+00 -7.500000000000002E-01 0.000000000000000E+00 0.000000000000000E+00 0.000000000000000E+00 4.500000000000001E+00 0.000000000000000E+00 
0.000000000000000E+00 -7.500000000000003E-01 0.000000000000000E+00 0.000000000000000E+00 -7.500000000000003E-01 0.000000000000000E+00 0.000000000000000E+00 -7.500000000000003E-01 0.000000000000000E+00 0.000000000000000E+00 -7.500000000000003E-01 0.000000000000000E+00 
0.000000000000000E+00 0.000000000000000E+00 -7.500000000000002E-01 0.000000000000000E+00 4.500000000000001E+00 0.000000000000000E+00 0.000000000000000E+00 0.000000000000000E+00 -7.500000000000002E-01 0.000000000000000E+00 1.500000000000001E+00 0.000000000000000E+00 
1.500000000000001E+00 0.000000000000000E+00 0.000000000000000E+00 0.000000000000000E+00 0.000000000000000E+00 1.500000000000001E+00 4.500000000000000E+00 0.000000000000000E+00 0.000000000000000E+00 0.000000000000000E+00 0.000000000000000E+00 4.500000000000001E+00 
0.000000000000000E+00 1.500000000000001E+00 0.000000000000000E+00 0.000000000000000E+00 0.000000000000000E+00 -7.500000000000002E-01 0.000000000000000E+00 4.499999999999999E+00 0.000000000000000E+00 0.000000000000000E+00 0.000000000000000E+00 -7.500000000000002E-01 
0.000000000000000E+00 0.000000000000000E+00 1.500000000000001E+00 0.000000000000000E+00 0.000000000000000E+00 4.500000000000000E+00 0.000000000000000E+00 0.000000000000000E+00 4.500000000000000E+00 0.000000000000000E+00 0.000000000000000E+00 1.500000000000001E+00 
% D (1D) matrix
-1.500000000000000E+00 2.000000000000000E+00 -4.999999999999997E-01 
-5.000000000000001E-01 -0.000000000000000E+00 5.000000000000001E-01 
4.999999999999996E-01 -2.000000000000000E+00 1.500000000000000E+00 
% r (1D) gll nodes
-1.000000000000000E+00 
0.000000000000000E+00 
1.000000000000000E+00 
% w (1D) gll node weights
3.333333333333333E-01 
1.333333333333333E+00 
3.333333333333334E-01 
% number of plot nodes
36
% plot node coordinates
-1.000000000000000E+00 -1.000000000000000E+00
-1.000000000000000E+00 -6.000000000000000E-01
-1.000000000000000E+00 -2.000000000000000E-01
-1.000000000000000E+00 2.000000000000000E-01
-1.000000000000000E+00 6.000000000000001E-01
-1.000000000000000E+00 1.000000000000000E+00
-6.000000000000000E-01 -1.000000000000000E+00
-6.000000000000000E-01 -6.000000000000000E-01
-6.000000000000000E-01 -2.000000000000000E-01
-6.000000000000000E-01 2.000000000000000E-01
-6.000000000000000E-01 6.000000000000001E-01
-6.000000000000000E-01 1.000000000000000E+00
-2.000000000000000E-01 -1.000000000000000E+00
-2.000000000000000E-01 -6.000000000000000E-01
-2.000000000000000E-01 -2.000000000000000E-01
-2.000000000000000E-01 2.000000000000000E-01
-2.000000000000000E-01 6.000000000000001E-01
-2.000000000000000E-01 1.000000000000000E+00
2.000000000000000E-01 -1.000000000000000E+00
2.000000000000000E-01 -6.000000000000000E-01
2.000000000000000E-01 -2.000000000000000E-01
2.000000000000000E-01 2.000000000000000E-01
2.000000000000000E-01 6.000000000000001E-01
2.000000000000000E-01 1.000000000000000E+00
6.000000000000001E-01 -1.000000000000000E+00
6.000000000000001E-01 -6.000000000000000E-01
6.000000000000001E-01 -2.000000000000000E-01
6.000000000000001E-01 2.000000000000000E-01
6.000000000000001E-01 6.000000000000001E-01
6.000000000000001E-01 1.000000000000000E+00
1.000000000000000E+00 -1.000000000000000E+00
1.000000000000000E+00 -6.000000000000000E-01
1.000000000000000E+00 -2.000000000000000E-01
1.000000000000000E+00 2.000000000000000E-01
1.000000000000000E+00 6.000000000000001E-01
1.000000000000000E+00 1.000000000000000E+00
% plot node interpolation matrix
1.000000000000000E+00 0.000000000000000E+00 0.000000000000000E+00 0.000000000000000E+00 0.000000000000000E+00 0.000000000000000E+00 0.000000000000000E+00 -0.000000000000000E+00 0.000000000000000E+00 
4.800000000000001E-01 3.652196235824328E-17 1.255825402262201E-17 6.399999999999999E-01 -4.440892098500625E-17 -9.828062587646664E-18 -1.200000000000000E-01 7.886958626762978E-18 -2.730191434975348E-18 
1.199999999999999E-01 1.011138500574348E-17 -1.588494276676731E-17 9.600000000000001E-01 3.947459643111667E-17 7.963681403599376E-17 -8.000000000000002E-02 -4.958598143686015E-17 -6.375187126922645E-17 
-8.000000000000007E-02 2.321520738166211E-17 -1.688573883160085E-17 9.600000000000001E-01 3.947459643111667E-17 7.963681403599376E-17 1.200000000000001E-01 -6.268980381277878E-17 -6.275107520439291E-17 
-1.200000000000001E-01 -2.052521085540389E-17 -2.613838059297455E-17 6.399999999999999E-01 1.727013593861354E-17 -2.446477405463161E-18 4.800000000000002E-01 3.255074916790345E-18 2.858485799843771E-17 
0.000000000000000E+00 0.000000000000000E+00 0.000000000000000E+00 0.000000000000000E+00 0.000000000000000E+00 0.000000000000000E+00 1.000000000000000E+00 -0.000000000000000E+00 0.000000000000000E+00 
4.800000000000001E-01 6.399999999999999E-01 -1.200000000000000E-01 3.652196235824328E-17 -4.440892098500625E-17 7.886958626762978E-18 1.255825402262201E-17 -9.828062587646664E-18 -2.730191434975348E-18 
2.304000000000000E-01 3.072000000000000E-01 -5.760000000000001E-02 3.072000000000000E-01 4.095999999999999E-01 -7.680000000000001E-02 -5.760000000000001E-02 -7.680000000000001E-02 1.440000000000000E-02 
5.760000000000010E-02 7.679999999999998E-02 -1.440000000000001E-02 4.608000000000001E-01 6.144000000000001E-01 -1.152000000000000E-01 -3.839999999999999E-02 -5.120000000000013E-02 9.599999999999984E-03 
-3.840000000000021E-02 -5.119999999999997E-02 9.599999999999997E-03 4.608000000000001E-01 6.144000000000001E-01 -1.152000000000000E-01 5.759999999999998E-02 7.679999999999981E-02 -1.440000000000002E-02 
-5.759999999999987E-02 -7.680000000000003E-02 1.439999999999998E-02 3.072000000000000E-01 4.095999999999999E-01 -7.679999999999998E-02 2.304000000000001E-01 3.072000000000000E-01 -5.760000000000000E-02 
0.000000000000000E+00 0.000000000000000E+00 -5.551115123125783E-17 2.418615097351932E-17 -1.973729821555834E-17 -4.448852757960980E-18 4.800000000000000E-01 6.399999999999999E-01 -1.199999999999999E-01 
1.199999999999999E-01 9.600000000000001E-01 -8.000000000000000E-02 1.011138500574348E-17 3.947459643111667E-17 -4.958598143686015E-17 -1.588494276676731E-17 7.963681403599376E-17 -6.375187126922645E-17 
5.760000000000010E-02 4.608000000000000E-01 -3.839999999999995E-02 7.679999999999998E-02 6.144000000000001E-01 -5.120000000000013E-02 -1.440000000000004E-02 -1.151999999999999E-01 9.599999999999956E-03 
1.439999999999986E-02 1.152000000000000E-01 -9.600000000000053E-03 1.152000000000000E-01 9.216000000000002E-01 -7.680000000000003E-02 -9.600000000000053E-03 -7.680000000000003E-02 6.399999999999961E-03 
-9.600000000000053E-03 -7.679999999999987E-02 6.399999999999961E-03 1.152000000000000E-01 9.216000000000002E-01 -7.680000000000003E-02 1.439999999999997E-02 1.151999999999999E-01 -9.600000000000053E-03 
-1.439999999999997E-02 -1.152000000000000E-01 9.599999999999942E-03 7.679999999999998E-02 6.144000000000001E-01 -5.120000000000013E-02 5.760000000000004E-02 4.608000000000001E-01 -3.839999999999993E-02 
0.000000000000000E+00 0.000000000000000E+00 -1.387778780781446E-17 -9.625913209814865E-18 7.894919286223334E-17 -6.932327965241848E-17 1.200000000000000E-01 9.600000000000001E-01 -8.000000000000004E-02 
-8.000000000000007E-02 9.600000000000001E-01 1.200000000000000E-01 2.321520738166211E-17 3.947459643111667E-17 -6.268980381277878E-17 -1.688573883160086E-17 7.963681403599376E-17 -6.275107520439291E-17 
-3.840000000000021E-02 4.608000000000000E-01 5.760000000000001E-02 -5.119999999999997E-02 6.144000000000001E-01 7.679999999999981E-02 9.599999999999942E-03 -1.151999999999999E-01 -1.440000000000002E-02 
-9.600000000000053E-03 1.152000000000000E-01 1.439999999999997E-02 -7.679999999999987E-02 9.216000000000002E-01 1.151999999999999E-01 6.399999999999961E-03 -7.680000000000003E-02 -9.600000000000053E-03 
6.399999999999850E-03 -7.679999999999987E-02 -9.599999999999997E-03 -7.679999999999987E-02 9.216000000000002E-01 1.151999999999999E-01 -9.599999999999997E-03 1.151999999999999E-01 1.439999999999991E-02 
9.600000000000053E-03 -1.152000000000000E-01 -1.440000000000005E-02 -5.119999999999997E-02 6.144000000000001E-01 7.679999999999981E-02 -3.839999999999991E-02 4.608000000000001E-01 5.760000000000001E-02 
0.000000000000000E+00 0.000000000000000E+00 4.163336342344337E-17 3.477909166103769E-18 7.894919286223334E-17 -8.242710202833711E-17 -7.999999999999990E-02 9.600000000000001E-01 1.199999999999999E-01 
-1.200000000000001E-01 6.399999999999999E-01 4.800000000000001E-01 -2.052521085540389E-17 1.727013593861354E-17 3.255074916790345E-18 -2.613838059297454E-17 -2.446477405463161E-18 2.858485799843771E-17 
-5.759999999999987E-02 3.072000000000000E-01 2.304000000000002E-01 -7.680000000000003E-02 4.095999999999999E-01 3.072000000000000E-01 1.439999999999998E-02 -7.679999999999998E-02 -5.760000000000000E-02 
-1.439999999999997E-02 7.679999999999998E-02 5.759999999999998E-02 -1.152000000000001E-01 6.144000000000001E-01 4.608000000000002E-01 9.599999999999997E-03 -5.120000000000013E-02 -3.839999999999999E-02 
9.600000000000053E-03 -5.119999999999997E-02 -3.839999999999993E-02 -1.152000000000001E-01 6.144000000000001E-01 4.608000000000002E-01 -1.439999999999997E-02 7.679999999999981E-02 5.759999999999993E-02 
1.439999999999986E-02 -7.680000000000009E-02 -5.759999999999987E-02 -7.680000000000009E-02 4.096000000000000E-01 3.072000000000000E-01 -5.759999999999987E-02 3.072000000000000E-01 2.304000000000000E-01 
0.000000000000000E+00 0.000000000000000E+00 1.110223024625157E-16 -3.286102224012785E-17 4.194175870806146E-17 -9.080736467933614E-18 -1.200000000000000E-01 6.399999999999999E-01 4.800000000000001E-01 
0.000000000000000E+00 0.000000000000000E+00 1.000000000000000E+00 0.000000000000000E+00 0.000000000000000E+00 0.000000000000000E+00 0.000000000000000E+00 -0.000000000000000E+00 0.000000000000000E+00 
0.000000000000000E+00 2.418615097351932E-17 4.800000000000000E-01 0.000000000000000E+00 -1.973729821555834E-17 6.399999999999999E-01 -5.551115123125783E-17 -4.448852757960980E-18 -1.199999999999999E-01 
0.000000000000000E+00 -1.253482787123266E-18 1.200000000000000E-01 1.110223024625157E-16 7.894919286223334E-17 9.600000000000000E-01 -1.110223024625157E-16 -7.769571007511008E-17 -7.999999999999996E-02 
-2.220446049250313E-16 3.696763085687013E-17 -7.999999999999996E-02 1.110223024625157E-16 7.894919286223334E-17 9.600000000000000E-01 -5.551115123125783E-17 -1.159168237191035E-16 1.200000000000000E-01 
-2.220446049250313E-16 -2.097087935403073E-17 -1.200000000000000E-01 0.000000000000000E+00 4.194175870806146E-17 6.399999999999999E-01 1.110223024625157E-16 -2.097087935403073E-17 4.800000000000001E-01 
0.000000000000000E+00 0.000000000000000E+00 0.000000000000000E+00 0.000000000000000E+00 0.000000000000000E+00 0.000000000000000E+00 0.000000000000000E+00 -0.000000000000000E+00 1.000000000000000E+00 
% number of plot elements
50
% number of vertices per plot elements
3
% triangulation of plot nodes
21 20 26
1 6 7
2 8 3
29 28 34
14 20 15
25 31 26
9 15 10
28 27 33
27 21 26
7 8 2
6 1 0
18 19 13
12 7 6
13 8 7
16 15 21
14 13 19
1 7 2
9 14 15
8 13 14
9 10 4
10 5 4
3 9 4
16 17 11
10 11 5
10 16 11
8 9 3
8 14 9
15 16 10
22 17 16
33 27 32
20 14 19
16 21 22
15 20 21
22 23 17
29 34 35
22 28 23
22 21 27
23 28 29
32 27 26
28 22 27
34 28 33
26 31 32
20 19 25
13 7 12
20 25 26
18 13 12
24 19 18
25 19 24
25 24 30
25 30 31
% dual projection matrix
-4.687500000000008E-02 1.171874999999998E-01 4.140625000000002E-01 5.117187500000000E-01 -7.788030674797927E-16 -1.054687499999998E-01 8.203125000000018E-02 3.906249999999999E-02 -1.171875000000002E-02 
6.835937500000021E-03 -2.343750000000008E-02 -3.808593750000015E-02 7.031249999999992E-02 9.687500000000001E-01 7.031249999999988E-02 -3.808593750000013E-02 -2.343749999999999E-02 6.835937500000010E-03 
-1.171875000000003E-02 3.906250000000002E-02 8.203125000000018E-02 -1.054687499999999E-01 -6.952231555683686E-16 5.117187500000001E-01 4.140625000000002E-01 1.171874999999998E-01 -4.687500000000000E-02 
