******************************************
Nodal r-coordinates
16 1
-1.000000000000000 
-0.447213595499958 
0.447213595499958 
1.000000000000000 
-1.000000000000000 
-0.447213595499958 
0.447213595499958 
1.000000000000000 
-1.000000000000000 
-0.447213595499958 
0.447213595499958 
1.000000000000000 
-1.000000000000000 
-0.447213595499958 
0.447213595499958 
1.000000000000000 
******************************************
Nodal s-coordinates
16 1
-1.000000000000000 
-1.000000000000000 
-1.000000000000000 
-1.000000000000000 
-0.447213595499958 
-0.447213595499958 
-0.447213595499958 
-0.447213595499958 
0.447213595499958 
0.447213595499958 
0.447213595499958 
0.447213595499958 
1.000000000000000 
1.000000000000000 
1.000000000000000 
1.000000000000000 
******************************************
Nodal Dr differentiation matrix
16 16
-3.000000000000000 4.045084971874736 -1.545084971874736 0.500000000000000 0.000000000000000 0.000000000000000 0.000000000000000 0.000000000000000 0.000000000000000 0.000000000000000 0.000000000000000 0.000000000000000 0.000000000000000 0.000000000000000 0.000000000000000 0.000000000000000 
-0.809016994374947 0.000000000000000 1.118033988749895 -0.309016994374947 0.000000000000000 0.000000000000000 0.000000000000000 0.000000000000000 0.000000000000000 0.000000000000000 0.000000000000000 0.000000000000000 0.000000000000000 0.000000000000000 0.000000000000000 0.000000000000000 
0.309016994374947 -1.118033988749895 0.000000000000000 0.809016994374947 0.000000000000000 0.000000000000000 0.000000000000000 0.000000000000000 0.000000000000000 0.000000000000000 0.000000000000000 0.000000000000000 0.000000000000000 0.000000000000000 0.000000000000000 0.000000000000000 
-0.499999999999999 1.545084971874737 -4.045084971874736 3.000000000000000 0.000000000000000 0.000000000000000 0.000000000000000 0.000000000000000 0.000000000000000 0.000000000000000 0.000000000000000 0.000000000000000 0.000000000000000 0.000000000000000 0.000000000000000 0.000000000000000 
0.000000000000000 0.000000000000000 0.000000000000000 0.000000000000000 -2.999999999999999 4.045084971874735 -1.545084971874736 0.500000000000000 0.000000000000000 0.000000000000000 0.000000000000000 0.000000000000000 0.000000000000000 0.000000000000000 0.000000000000000 0.000000000000000 
0.000000000000000 0.000000000000000 0.000000000000000 0.000000000000000 -0.809016994374947 0.000000000000000 1.118033988749895 -0.309016994374947 0.000000000000000 0.000000000000000 0.000000000000000 0.000000000000000 0.000000000000000 0.000000000000000 0.000000000000000 0.000000000000000 
0.000000000000000 0.000000000000000 0.000000000000000 0.000000000000000 0.309016994374947 -1.118033988749895 0.000000000000000 0.809016994374947 0.000000000000000 0.000000000000000 0.000000000000000 0.000000000000000 0.000000000000000 0.000000000000000 0.000000000000000 0.000000000000000 
0.000000000000000 0.000000000000000 0.000000000000000 0.000000000000000 -0.499999999999999 1.545084971874736 -4.045084971874735 2.999999999999999 0.000000000000000 0.000000000000000 0.000000000000000 0.000000000000000 0.000000000000000 0.000000000000000 0.000000000000000 0.000000000000000 
0.000000000000000 0.000000000000000 0.000000000000000 0.000000000000000 0.000000000000000 0.000000000000000 0.000000000000000 0.000000000000000 -3.000000000000000 4.045084971874734 -1.545084971874735 0.500000000000000 0.000000000000000 0.000000000000000 0.000000000000000 0.000000000000000 
0.000000000000000 0.000000000000000 0.000000000000000 0.000000000000000 0.000000000000000 0.000000000000000 0.000000000000000 0.000000000000000 -0.809016994374947 0.000000000000000 1.118033988749895 -0.309016994374948 0.000000000000000 0.000000000000000 0.000000000000000 0.000000000000000 
0.000000000000000 0.000000000000000 0.000000000000000 0.000000000000000 0.000000000000000 0.000000000000000 0.000000000000000 0.000000000000000 0.309016994374947 -1.118033988749895 0.000000000000000 0.809016994374947 0.000000000000000 0.000000000000000 0.000000000000000 0.000000000000000 
0.000000000000000 0.000000000000000 0.000000000000000 0.000000000000000 0.000000000000000 0.000000000000000 0.000000000000000 0.000000000000000 -0.500000000000000 1.545084971874734 -4.045084971874735 3.000000000000000 0.000000000000000 0.000000000000000 0.000000000000000 0.000000000000000 
0.000000000000000 0.000000000000000 0.000000000000000 0.000000000000000 0.000000000000000 0.000000000000000 0.000000000000000 0.000000000000000 0.000000000000000 0.000000000000000 0.000000000000000 0.000000000000000 -3.000000000000000 4.045084971874736 -1.545084971874736 0.500000000000000 
0.000000000000000 0.000000000000000 0.000000000000000 0.000000000000000 0.000000000000000 0.000000000000000 0.000000000000000 0.000000000000000 0.000000000000000 0.000000000000000 0.000000000000000 0.000000000000000 -0.809016994374947 0.000000000000000 1.118033988749895 -0.309016994374947 
0.000000000000000 0.000000000000000 0.000000000000000 0.000000000000000 0.000000000000000 0.000000000000000 0.000000000000000 0.000000000000000 0.000000000000000 0.000000000000000 0.000000000000000 0.000000000000000 0.309016994374947 -1.118033988749895 0.000000000000000 0.809016994374947 
0.000000000000000 0.000000000000000 0.000000000000000 0.000000000000000 0.000000000000000 0.000000000000000 0.000000000000000 0.000000000000000 0.000000000000000 0.000000000000000 0.000000000000000 0.000000000000000 -0.500000000000000 1.545084971874738 -4.045084971874735 2.999999999999999 
******************************************
Nodal Ds differentiation matrix
16 16
-3.000000000000000 0.000000000000000 0.000000000000000 0.000000000000000 4.045084971874736 0.000000000000000 0.000000000000000 0.000000000000000 -1.545084971874736 0.000000000000000 0.000000000000000 0.000000000000000 0.499999999999999 0.000000000000000 0.000000000000000 0.000000000000000 
0.000000000000000 -2.999999999999999 0.000000000000000 0.000000000000000 0.000000000000000 4.045084971874735 0.000000000000000 0.000000000000000 0.000000000000000 -1.545084971874735 0.000000000000000 0.000000000000000 0.000000000000000 0.500000000000000 0.000000000000000 0.000000000000000 
0.000000000000000 0.000000000000000 -3.000000000000000 0.000000000000000 0.000000000000000 0.000000000000000 4.045084971874736 0.000000000000000 0.000000000000000 0.000000000000000 -1.545084971874736 0.000000000000000 0.000000000000000 0.000000000000000 0.500000000000000 0.000000000000000 
0.000000000000000 0.000000000000000 0.000000000000000 -2.999999999999999 0.000000000000000 0.000000000000000 0.000000000000000 4.045084971874737 0.000000000000000 0.000000000000000 0.000000000000000 -1.545084971874735 0.000000000000000 0.000000000000000 0.000000000000000 0.500000000000000 
-0.809016994374947 0.000000000000000 0.000000000000000 0.000000000000000 0.000000000000000 0.000000000000000 0.000000000000000 0.000000000000000 1.118033988749895 0.000000000000000 0.000000000000000 0.000000000000000 -0.309016994374947 0.000000000000000 0.000000000000000 0.000000000000000 
0.000000000000000 -0.809016994374947 0.000000000000000 0.000000000000000 0.000000000000000 0.000000000000000 0.000000000000000 0.000000000000000 0.000000000000000 1.118033988749895 0.000000000000000 0.000000000000000 0.000000000000000 -0.309016994374947 0.000000000000000 0.000000000000000 
0.000000000000000 0.000000000000000 -0.809016994374947 0.000000000000000 0.000000000000000 0.000000000000000 0.000000000000000 0.000000000000000 0.000000000000000 0.000000000000000 1.118033988749895 0.000000000000000 0.000000000000000 0.000000000000000 -0.309016994374947 0.000000000000000 
0.000000000000000 0.000000000000000 0.000000000000000 -0.809016994374947 0.000000000000000 0.000000000000000 0.000000000000000 0.000000000000000 0.000000000000000 0.000000000000000 0.000000000000000 1.118033988749895 0.000000000000000 0.000000000000000 0.000000000000000 -0.309016994374947 
0.309016994374947 0.000000000000000 0.000000000000000 0.000000000000000 -1.118033988749895 0.000000000000000 0.000000000000000 0.000000000000000 0.000000000000000 0.000000000000000 0.000000000000000 0.000000000000000 0.809016994374947 0.000000000000000 0.000000000000000 0.000000000000000 
0.000000000000000 0.309016994374947 0.000000000000000 0.000000000000000 0.000000000000000 -1.118033988749895 0.000000000000000 0.000000000000000 0.000000000000000 0.000000000000000 0.000000000000000 0.000000000000000 0.000000000000000 0.809016994374947 0.000000000000000 0.000000000000000 
0.000000000000000 0.000000000000000 0.309016994374947 0.000000000000000 0.000000000000000 0.000000000000000 -1.118033988749895 0.000000000000000 0.000000000000000 0.000000000000000 0.000000000000000 0.000000000000000 0.000000000000000 0.000000000000000 0.809016994374947 0.000000000000000 
0.000000000000000 0.000000000000000 0.000000000000000 0.309016994374947 0.000000000000000 0.000000000000000 0.000000000000000 -1.118033988749895 0.000000000000000 0.000000000000000 0.000000000000000 0.000000000000000 0.000000000000000 0.000000000000000 0.000000000000000 0.809016994374947 
-0.499999999999999 0.000000000000000 0.000000000000000 0.000000000000000 1.545084971874736 0.000000000000000 0.000000000000000 0.000000000000000 -4.045084971874737 0.000000000000000 0.000000000000000 0.000000000000000 3.000000000000000 0.000000000000000 0.000000000000000 0.000000000000000 
0.000000000000000 -0.500000000000000 0.000000000000000 0.000000000000000 0.000000000000000 1.545084971874737 0.000000000000000 0.000000000000000 0.000000000000000 -4.045084971874734 0.000000000000000 0.000000000000000 0.000000000000000 2.999999999999999 0.000000000000000 0.000000000000000 
0.000000000000000 0.000000000000000 -0.500000000000000 0.000000000000000 0.000000000000000 0.000000000000000 1.545084971874735 0.000000000000000 0.000000000000000 0.000000000000000 -4.045084971874737 0.000000000000000 0.000000000000000 0.000000000000000 3.000000000000000 0.000000000000000 
0.000000000000000 0.000000000000000 0.000000000000000 -0.499999999999999 0.000000000000000 0.000000000000000 0.000000000000000 1.545084971874736 0.000000000000000 0.000000000000000 0.000000000000000 -4.045084971874736 0.000000000000000 0.000000000000000 0.000000000000000 3.000000000000000 
******************************************
Nodal Face nodes
4 4
0 1 2 3 
3 7 11 15 
12 13 14 15 
0 4 8 12 
******************************************
Nodal Lift Matrix
16 16
8.000000000000007 0.000000000000000 0.000000000000000 0.000000000000000 -2.000000000000004 0.000000000000000 0.000000000000000 0.000000000000000 -2.000000000000004 0.000000000000000 0.000000000000000 0.000000000000000 8.000000000000007 0.000000000000000 0.000000000000000 0.000000000000000 
0.000000000000000 8.000000000000005 0.000000000000000 0.000000000000000 0.894427190999917 0.000000000000000 0.000000000000000 0.000000000000000 0.000000000000000 -2.000000000000003 0.000000000000000 0.000000000000000 -0.894427190999917 0.000000000000000 0.000000000000000 0.000000000000000 
0.000000000000000 0.000000000000000 8.000000000000004 0.000000000000000 -0.894427190999917 0.000000000000000 0.000000000000000 0.000000000000000 0.000000000000000 0.000000000000000 -2.000000000000003 0.000000000000000 0.894427190999917 0.000000000000000 0.000000000000000 0.000000000000000 
0.000000000000000 0.000000000000000 0.000000000000000 8.000000000000005 8.000000000000007 0.000000000000000 0.000000000000000 0.000000000000000 0.000000000000000 0.000000000000000 0.000000000000000 -2.000000000000004 -2.000000000000004 0.000000000000000 0.000000000000000 0.000000000000000 
-0.894427190999917 0.000000000000000 0.000000000000000 0.000000000000000 0.000000000000000 -2.000000000000003 0.000000000000000 0.000000000000000 0.894427190999917 0.000000000000000 0.000000000000000 0.000000000000000 0.000000000000000 8.000000000000005 0.000000000000000 0.000000000000000 
0.000000000000000 -0.894427190999917 0.000000000000000 0.000000000000000 0.000000000000000 0.894427190999917 0.000000000000000 0.000000000000000 0.000000000000000 0.894427190999917 0.000000000000000 0.000000000000000 0.000000000000000 -0.894427190999917 0.000000000000000 0.000000000000000 
0.000000000000000 0.000000000000000 -0.894427190999917 0.000000000000000 0.000000000000000 -0.894427190999917 0.000000000000000 0.000000000000000 0.000000000000000 0.000000000000000 0.894427190999917 0.000000000000000 0.000000000000000 0.894427190999917 0.000000000000000 0.000000000000000 
0.000000000000000 0.000000000000000 0.000000000000000 -0.894427190999917 0.000000000000000 8.000000000000005 0.000000000000000 0.000000000000000 0.000000000000000 0.000000000000000 0.000000000000000 0.894427190999917 0.000000000000000 -2.000000000000003 0.000000000000000 0.000000000000000 
0.894427190999917 0.000000000000000 0.000000000000000 0.000000000000000 0.000000000000000 0.000000000000000 -2.000000000000003 0.000000000000000 -0.894427190999917 0.000000000000000 0.000000000000000 0.000000000000000 0.000000000000000 0.000000000000000 8.000000000000004 0.000000000000000 
0.000000000000000 0.894427190999917 0.000000000000000 0.000000000000000 0.000000000000000 0.000000000000000 0.894427190999917 0.000000000000000 0.000000000000000 -0.894427190999917 0.000000000000000 0.000000000000000 0.000000000000000 0.000000000000000 -0.894427190999917 0.000000000000000 
0.000000000000000 0.000000000000000 0.894427190999917 0.000000000000000 0.000000000000000 0.000000000000000 -0.894427190999917 0.000000000000000 0.000000000000000 0.000000000000000 -0.894427190999917 0.000000000000000 0.000000000000000 0.000000000000000 0.894427190999917 0.000000000000000 
0.000000000000000 0.000000000000000 0.000000000000000 0.894427190999917 0.000000000000000 0.000000000000000 8.000000000000004 0.000000000000000 0.000000000000000 0.000000000000000 0.000000000000000 -0.894427190999917 0.000000000000000 0.000000000000000 -2.000000000000003 0.000000000000000 
-2.000000000000004 0.000000000000000 0.000000000000000 0.000000000000000 0.000000000000000 0.000000000000000 0.000000000000000 -2.000000000000004 8.000000000000007 0.000000000000000 0.000000000000000 0.000000000000000 0.000000000000000 0.000000000000000 0.000000000000000 8.000000000000005 
0.000000000000000 -2.000000000000003 0.000000000000000 0.000000000000000 0.000000000000000 0.000000000000000 0.000000000000000 0.894427190999917 0.000000000000000 8.000000000000005 0.000000000000000 0.000000000000000 0.000000000000000 0.000000000000000 0.000000000000000 -0.894427190999917 
0.000000000000000 0.000000000000000 -2.000000000000003 0.000000000000000 0.000000000000000 0.000000000000000 0.000000000000000 -0.894427190999917 0.000000000000000 0.000000000000000 8.000000000000004 0.000000000000000 0.000000000000000 0.000000000000000 0.000000000000000 0.894427190999917 
0.000000000000000 0.000000000000000 0.000000000000000 -2.000000000000004 0.000000000000000 0.000000000000000 0.000000000000000 8.000000000000005 0.000000000000000 0.000000000000000 0.000000000000000 8.000000000000005 0.000000000000000 0.000000000000000 0.000000000000000 -2.000000000000004 
******************************************
Nodal 1D GLL Nodes
4 1
-1.000000000000000 
-0.447213595499958 
0.447213595499958 
1.000000000000000 
******************************************
Nodal 1D GLL Weights
4 1
0.166666666666667 
0.833333333333333 
0.833333333333334 
0.166666666666667 
******************************************
Nodal 1D differentiation matrix
4 4
-2.999999999999999 4.045084971874736 -1.545084971874737 0.499999999999999 
-0.809016994374947 -0.000000000000000 1.118033988749895 -0.309016994374947 
0.309016994374947 -1.118033988749895 0.000000000000001 0.809016994374947 
-0.499999999999999 1.545084971874735 -4.045084971874737 3.000000000000000 
******************************************
Plotting r-coordinates
49 1
-1.000000000000000 
-1.000000000000000 
-1.000000000000000 
-1.000000000000000 
-1.000000000000000 
-1.000000000000000 
-1.000000000000000 
-0.666666666666667 
-0.666666666666667 
-0.666666666666667 
-0.666666666666667 
-0.666666666666667 
-0.666666666666667 
-0.666666666666667 
-0.333333333333333 
-0.333333333333333 
-0.333333333333333 
-0.333333333333333 
-0.333333333333333 
-0.333333333333333 
-0.333333333333333 
0.000000000000000 
0.000000000000000 
0.000000000000000 
0.000000000000000 
0.000000000000000 
0.000000000000000 
0.000000000000000 
0.333333333333333 
0.333333333333333 
0.333333333333333 
0.333333333333333 
0.333333333333333 
0.333333333333333 
0.333333333333333 
0.666666666666667 
0.666666666666667 
0.666666666666667 
0.666666666666667 
0.666666666666667 
0.666666666666667 
0.666666666666667 
1.000000000000000 
1.000000000000000 
1.000000000000000 
1.000000000000000 
1.000000000000000 
1.000000000000000 
1.000000000000000 
******************************************
Plotting s-coordinates
49 1
-1.000000000000000 
-0.666666666666667 
-0.333333333333333 
0.000000000000000 
0.333333333333333 
0.666666666666667 
1.000000000000000 
-1.000000000000000 
-0.666666666666667 
-0.333333333333333 
0.000000000000000 
0.333333333333333 
0.666666666666667 
1.000000000000000 
-1.000000000000000 
-0.666666666666667 
-0.333333333333333 
0.000000000000000 
0.333333333333333 
0.666666666666667 
1.000000000000000 
-1.000000000000000 
-0.666666666666667 
-0.333333333333333 
0.000000000000000 
0.333333333333333 
0.666666666666667 
1.000000000000000 
-1.000000000000000 
-0.666666666666667 
-0.333333333333333 
0.000000000000000 
0.333333333333333 
0.666666666666667 
1.000000000000000 
-1.000000000000000 
-0.666666666666667 
-0.333333333333333 
0.000000000000000 
0.333333333333333 
0.666666666666667 
1.000000000000000 
-1.000000000000000 
-0.666666666666667 
-0.333333333333333 
0.000000000000000 
0.333333333333333 
0.666666666666667 
1.000000000000000 
******************************************
Plotting Interpolation Matrix
49 16
1.000000000000000 -0.000000000000000 -0.000000000000000 0.000000000000000 -0.000000000000000 -0.000000000000000 0.000000000000000 0.000000000000000 -0.000000000000000 0.000000000000000 0.000000000000000 -0.000000000000000 0.000000000000000 0.000000000000000 -0.000000000000000 0.000000000000000 
0.254629629629630 0.000000000000000 0.000000000000000 0.000000000000000 0.864830550347174 -0.000000000000000 0.000000000000000 -0.000000000000000 -0.170386105902729 0.000000000000000 -0.000000000000000 -0.000000000000000 0.050925925925926 0.000000000000000 -0.000000000000000 -0.000000000000000 
-0.074074074074074 -0.000000000000000 -0.000000000000000 0.000000000000000 0.969642218055517 0.000000000000000 -0.000000000000000 0.000000000000000 0.141468893055594 0.000000000000000 -0.000000000000000 -0.000000000000000 -0.037037037037037 -0.000000000000000 -0.000000000000000 -0.000000000000000 
-0.125000000000000 -0.000000000000000 -0.000000000000000 -0.000000000000000 0.625000000000000 0.000000000000000 0.000000000000000 -0.000000000000000 0.625000000000000 0.000000000000000 0.000000000000000 0.000000000000000 -0.125000000000000 -0.000000000000000 -0.000000000000000 -0.000000000000000 
-0.037037037037037 -0.000000000000000 0.000000000000000 -0.000000000000000 0.141468893055595 0.000000000000000 0.000000000000000 -0.000000000000000 0.969642218055517 -0.000000000000000 -0.000000000000000 0.000000000000000 -0.074074074074074 -0.000000000000000 0.000000000000000 0.000000000000000 
0.050925925925926 -0.000000000000000 0.000000000000000 0.000000000000000 -0.170386105902729 -0.000000000000000 -0.000000000000000 0.000000000000000 0.864830550347174 -0.000000000000000 -0.000000000000000 0.000000000000000 0.254629629629629 -0.000000000000000 0.000000000000000 0.000000000000000 
0.000000000000000 0.000000000000000 -0.000000000000000 -0.000000000000000 0.000000000000000 0.000000000000000 -0.000000000000000 -0.000000000000000 -0.000000000000000 -0.000000000000000 0.000000000000000 0.000000000000000 1.000000000000000 -0.000000000000000 0.000000000000000 0.000000000000000 
0.254629629629630 0.864830550347174 -0.170386105902729 0.050925925925926 0.000000000000000 -0.000000000000000 -0.000000000000000 0.000000000000000 0.000000000000000 0.000000000000000 -0.000000000000000 -0.000000000000000 0.000000000000000 0.000000000000000 -0.000000000000000 -0.000000000000000 
0.064836248285322 0.220211482727290 -0.043385351040047 0.012967249657064 0.220211482727290 0.747931880813795 -0.147355109739369 0.044042296545458 -0.043385351040047 -0.147355109739369 0.029031425084696 -0.008677070208009 0.012967249657064 0.044042296545458 -0.008677070208009 0.002593449931413 
-0.018861454046639 -0.064061522247939 0.012621193029832 -0.003772290809328 0.246899638856729 0.838576213080806 -0.165213561653364 0.049379927771346 0.036022171842860 0.122346620638275 -0.024104333794112 0.007204434368572 -0.009430727023320 -0.032030761123969 0.006310596514916 -0.001886145404664 
-0.031828703703704 -0.108103818793397 0.021298263237841 -0.006365740740741 0.159143518518519 0.540519093966983 -0.106491316189206 0.031828703703704 0.159143518518519 0.540519093966983 -0.106491316189206 0.031828703703704 -0.031828703703704 -0.108103818793397 0.021298263237841 -0.006365740740741 
-0.009430727023320 -0.032030761123969 0.006310596514916 -0.001886145404664 0.036022171842860 0.122346620638276 -0.024104333794112 0.007204434368572 0.246899638856729 0.838576213080806 -0.165213561653364 0.049379927771346 -0.018861454046639 -0.064061522247939 0.012621193029832 -0.003772290809328 
0.012967249657064 0.044042296545458 -0.008677070208009 0.002593449931413 -0.043385351040047 -0.147355109739369 0.029031425084696 -0.008677070208009 0.220211482727290 0.747931880813795 -0.147355109739369 0.044042296545458 0.064836248285322 0.220211482727289 -0.043385351040047 0.012967249657064 
-0.000000000000000 -0.000000000000000 -0.000000000000000 -0.000000000000000 0.000000000000000 0.000000000000000 -0.000000000000000 -0.000000000000000 0.000000000000000 -0.000000000000000 0.000000000000000 0.000000000000000 0.254629629629630 0.864830550347173 -0.170386105902729 0.050925925925926 
-0.074074074074074 0.969642218055517 0.141468893055594 -0.037037037037037 -0.000000000000000 0.000000000000000 0.000000000000000 -0.000000000000000 -0.000000000000000 -0.000000000000000 -0.000000000000000 -0.000000000000000 0.000000000000000 0.000000000000000 -0.000000000000000 -0.000000000000000 
-0.018861454046639 0.246899638856729 0.036022171842860 -0.009430727023320 -0.064061522247939 0.838576213080806 0.122346620638275 -0.032030761123969 0.012621193029832 -0.165213561653364 -0.024104333794112 0.006310596514916 -0.003772290809328 0.049379927771346 0.007204434368572 -0.001886145404664 
0.005486968449931 -0.071825349485594 -0.010479177263377 0.002743484224966 -0.071825349485594 0.940206031035622 0.137174211248285 -0.035912674742797 -0.010479177263377 0.137174211248285 0.020013447702375 -0.005239588631689 0.002743484224966 -0.035912674742797 -0.005239588631689 0.001371742112483 
0.009259259259259 -0.121205277256940 -0.017683611631949 0.004629629629630 -0.046296296296296 0.606026386284698 0.088418058159747 -0.023148148148148 -0.046296296296296 0.606026386284698 0.088418058159747 -0.023148148148148 0.009259259259259 -0.121205277256940 -0.017683611631949 0.004629629629630 
0.002743484224966 -0.035912674742797 -0.005239588631689 0.001371742112483 -0.010479177263377 0.137174211248286 0.020013447702375 -0.005239588631689 -0.071825349485594 0.940206031035622 0.137174211248285 -0.035912674742797 0.005486968449931 -0.071825349485594 -0.010479177263377 0.002743484224966 
-0.003772290809328 0.049379927771346 0.007204434368572 -0.001886145404664 0.012621193029832 -0.165213561653364 -0.024104333794112 0.006310596514916 -0.064061522247939 0.838576213080807 0.122346620638275 -0.032030761123969 -0.018861454046639 0.246899638856729 0.036022171842860 -0.009430727023320 
-0.000000000000000 -0.000000000000000 -0.000000000000000 -0.000000000000000 0.000000000000000 0.000000000000000 0.000000000000000 -0.000000000000000 0.000000000000000 0.000000000000000 0.000000000000000 0.000000000000000 -0.074074074074074 0.969642218055517 0.141468893055594 -0.037037037037037 
-0.125000000000000 0.625000000000000 0.625000000000000 -0.125000000000000 -0.000000000000000 0.000000000000000 0.000000000000000 -0.000000000000000 -0.000000000000000 0.000000000000000 0.000000000000000 -0.000000000000000 -0.000000000000000 0.000000000000000 0.000000000000000 -0.000000000000000 
-0.031828703703704 0.159143518518519 0.159143518518519 -0.031828703703704 -0.108103818793397 0.540519093966983 0.540519093966983 -0.108103818793397 0.021298263237841 -0.106491316189206 -0.106491316189206 0.021298263237841 -0.006365740740741 0.031828703703704 0.031828703703704 -0.006365740740741 
0.009259259259259 -0.046296296296296 -0.046296296296296 0.009259259259259 -0.121205277256940 0.606026386284698 0.606026386284698 -0.121205277256940 -0.017683611631949 0.088418058159747 0.088418058159747 -0.017683611631949 0.004629629629630 -0.023148148148148 -0.023148148148148 0.004629629629630 
0.015625000000000 -0.078125000000000 -0.078125000000000 0.015625000000000 -0.078125000000000 0.390625000000000 0.390625000000000 -0.078125000000000 -0.078125000000000 0.390625000000000 0.390625000000000 -0.078125000000000 0.015625000000000 -0.078125000000000 -0.078125000000000 0.015625000000000 
0.004629629629630 -0.023148148148148 -0.023148148148148 0.004629629629630 -0.017683611631949 0.088418058159747 0.088418058159747 -0.017683611631949 -0.121205277256940 0.606026386284698 0.606026386284698 -0.121205277256940 0.009259259259259 -0.046296296296296 -0.046296296296296 0.009259259259259 
-0.006365740740741 0.031828703703704 0.031828703703704 -0.006365740740741 0.021298263237841 -0.106491316189206 -0.106491316189206 0.021298263237841 -0.108103818793397 0.540519093966983 0.540519093966984 -0.108103818793397 -0.031828703703704 0.159143518518518 0.159143518518518 -0.031828703703704 
-0.000000000000000 -0.000000000000000 -0.000000000000000 -0.000000000000000 -0.000000000000000 0.000000000000000 0.000000000000000 -0.000000000000000 0.000000000000000 0.000000000000000 0.000000000000000 -0.000000000000000 -0.125000000000000 0.625000000000000 0.625000000000000 -0.125000000000000 
-0.037037037037037 0.141468893055595 0.969642218055517 -0.074074074074074 0.000000000000000 0.000000000000000 -0.000000000000000 -0.000000000000000 0.000000000000000 0.000000000000000 -0.000000000000000 0.000000000000000 -0.000000000000000 -0.000000000000000 0.000000000000000 0.000000000000000 
-0.009430727023320 0.036022171842860 0.246899638856729 -0.018861454046639 -0.032030761123969 0.122346620638275 0.838576213080806 -0.064061522247939 0.006310596514916 -0.024104333794112 -0.165213561653364 0.012621193029832 -0.001886145404664 0.007204434368572 0.049379927771346 -0.003772290809328 
0.002743484224966 -0.010479177263377 -0.071825349485594 0.005486968449931 -0.035912674742797 0.137174211248285 0.940206031035622 -0.071825349485594 -0.005239588631689 0.020013447702375 0.137174211248285 -0.010479177263377 0.001371742112483 -0.005239588631689 -0.035912674742797 0.002743484224966 
0.004629629629630 -0.017683611631949 -0.121205277256940 0.009259259259259 -0.023148148148148 0.088418058159747 0.606026386284698 -0.046296296296296 -0.023148148148148 0.088418058159747 0.606026386284698 -0.046296296296296 0.004629629629630 -0.017683611631949 -0.121205277256940 0.009259259259259 
0.001371742112483 -0.005239588631689 -0.035912674742797 0.002743484224966 -0.005239588631689 0.020013447702376 0.137174211248286 -0.010479177263377 -0.035912674742797 0.137174211248286 0.940206031035622 -0.071825349485594 0.002743484224966 -0.010479177263377 -0.071825349485594 0.005486968449931 
-0.001886145404664 0.007204434368572 0.049379927771346 -0.003772290809328 0.006310596514916 -0.024104333794112 -0.165213561653364 0.012621193029832 -0.032030761123969 0.122346620638276 0.838576213080806 -0.064061522247939 -0.009430727023320 0.036022171842860 0.246899638856728 -0.018861454046639 
-0.000000000000000 0.000000000000000 0.000000000000000 -0.000000000000000 0.000000000000000 -0.000000000000000 -0.000000000000000 0.000000000000000 0.000000000000000 -0.000000000000000 0.000000000000000 0.000000000000000 -0.037037037037037 0.141468893055595 0.969642218055517 -0.074074074074074 
0.050925925925926 -0.170386105902729 0.864830550347174 0.254629629629629 -0.000000000000000 0.000000000000000 0.000000000000000 -0.000000000000000 0.000000000000000 -0.000000000000000 -0.000000000000000 0.000000000000000 0.000000000000000 0.000000000000000 0.000000000000000 0.000000000000000 
0.012967249657065 -0.043385351040047 0.220211482727290 0.064836248285322 0.044042296545458 -0.147355109739369 0.747931880813795 0.220211482727289 -0.008677070208009 0.029031425084696 -0.147355109739369 -0.043385351040047 0.002593449931413 -0.008677070208009 0.044042296545458 0.012967249657064 
-0.003772290809328 0.012621193029832 -0.064061522247939 -0.018861454046639 0.049379927771346 -0.165213561653364 0.838576213080807 0.246899638856729 0.007204434368572 -0.024104333794112 0.122346620638275 0.036022171842860 -0.001886145404664 0.006310596514916 -0.032030761123969 -0.009430727023320 
-0.006365740740741 0.021298263237841 -0.108103818793397 -0.031828703703704 0.031828703703704 -0.106491316189206 0.540519093966984 0.159143518518518 0.031828703703704 -0.106491316189206 0.540519093966984 0.159143518518518 -0.006365740740741 0.021298263237841 -0.108103818793397 -0.031828703703704 
-0.001886145404664 0.006310596514916 -0.032030761123969 -0.009430727023320 0.007204434368572 -0.024104333794112 0.122346620638275 0.036022171842860 0.049379927771346 -0.165213561653364 0.838576213080807 0.246899638856728 -0.003772290809328 0.012621193029832 -0.064061522247939 -0.018861454046639 
0.002593449931413 -0.008677070208009 0.044042296545458 0.012967249657064 -0.008677070208009 0.029031425084696 -0.147355109739369 -0.043385351040047 0.044042296545458 -0.147355109739369 0.747931880813795 0.220211482727289 0.012967249657064 -0.043385351040047 0.220211482727289 0.064836248285322 
-0.000000000000000 0.000000000000000 0.000000000000000 -0.000000000000000 0.000000000000000 -0.000000000000000 -0.000000000000000 0.000000000000000 -0.000000000000000 -0.000000000000000 -0.000000000000000 -0.000000000000000 0.050925925925926 -0.170386105902729 0.864830550347174 0.254629629629629 
0.000000000000000 0.000000000000000 -0.000000000000000 1.000000000000000 0.000000000000000 0.000000000000000 -0.000000000000000 -0.000000000000000 -0.000000000000000 -0.000000000000000 0.000000000000000 0.000000000000000 -0.000000000000000 -0.000000000000000 0.000000000000000 0.000000000000000 
0.000000000000000 -0.000000000000000 -0.000000000000000 0.254629629629630 0.000000000000000 -0.000000000000000 -0.000000000000000 0.864830550347174 -0.000000000000000 -0.000000000000000 0.000000000000000 -0.170386105902729 -0.000000000000000 -0.000000000000000 0.000000000000000 0.050925925925926 
-0.000000000000000 -0.000000000000000 -0.000000000000000 -0.074074074074074 0.000000000000000 -0.000000000000000 -0.000000000000000 0.969642218055517 -0.000000000000000 0.000000000000000 0.000000000000000 0.141468893055594 0.000000000000000 -0.000000000000000 -0.000000000000000 -0.037037037037037 
-0.000000000000000 -0.000000000000000 -0.000000000000000 -0.125000000000000 0.000000000000000 0.000000000000000 -0.000000000000000 0.625000000000000 -0.000000000000000 -0.000000000000000 0.000000000000000 0.625000000000000 -0.000000000000000 -0.000000000000000 -0.000000000000000 -0.125000000000000 
-0.000000000000000 0.000000000000000 0.000000000000000 -0.037037037037037 -0.000000000000000 0.000000000000000 0.000000000000000 0.141468893055594 -0.000000000000000 -0.000000000000000 0.000000000000000 0.969642218055517 -0.000000000000000 0.000000000000000 -0.000000000000000 -0.074074074074074 
-0.000000000000000 0.000000000000000 0.000000000000000 0.050925925925926 -0.000000000000000 0.000000000000000 0.000000000000000 -0.170386105902729 -0.000000000000000 0.000000000000000 0.000000000000000 0.864830550347174 -0.000000000000000 0.000000000000000 -0.000000000000000 0.254629629629629 
0.000000000000000 0.000000000000000 -0.000000000000000 -0.000000000000000 0.000000000000000 0.000000000000000 -0.000000000000000 -0.000000000000000 -0.000000000000000 -0.000000000000000 0.000000000000000 0.000000000000000 -0.000000000000000 -0.000000000000000 0.000000000000000 1.000000000000000 
******************************************
Plotting triangulation
72 3
17 23 24 
17 23 16 
9 15 8 
9 15 16 
43 35 42 
43 35 36 
13 5 6 
13 5 12 
19 13 12 
19 13 20 
11 4 5 
11 5 12 
26 34 27 
26 34 33 
26 20 27 
26 19 20 
37 44 45 
37 38 45 
37 43 44 
37 43 36 
29 28 35 
29 35 36 
29 37 36 
29 37 30 
31 39 32 
31 39 38 
31 37 30 
31 37 38 
31 23 24 
31 30 23 
7 15 8 
7 14 15 
1 7 0 
1 7 8 
1 9 8 
1 2 9 
18 19 12 
18 11 12 
10 17 16 
10 9 16 
10 2 3 
10 2 9 
10 4 3 
10 11 4 
10 18 11 
10 18 17 
22 23 16 
22 15 16 
22 14 21 
22 14 15 
22 28 21 
22 29 28 
22 30 23 
22 29 30 
25 26 33 
25 32 33 
25 31 32 
25 31 24 
25 17 24 
25 18 17 
25 26 19 
25 18 19 
46 38 45 
46 39 38 
40 39 32 
40 32 33 
40 34 33 
40 34 41 
40 41 48 
40 47 48 
40 46 39 
40 46 47 
******************************************
C0 overlapping patch forward matrix
6 6
-0.375553746062806 1.628908560369328 -0.535868349480484 0.535868349480486 -1.628908560369337 0.375553746062809 
-0.473371308081246 1.760368502119320 -0.328792851312971 -0.328792851312966 1.760368502119306 -0.473371308081243 
0.536114892993962 -0.238044030025945 -0.665164755543292 0.665164755543291 0.238044030025944 -0.536114892993960 
-0.717398324864960 -0.264690437012942 0.465991579783063 0.465991579783063 -0.264690437012941 -0.717398324864959 
-0.404481833774803 -0.629461540949978 -0.765721067958393 -0.765721067958393 -0.629461540949979 -0.404481833774802 
-0.722700095486530 -0.801279095901749 -0.467785461721802 0.467785461721801 0.801279095901748 0.722700095486529 
******************************************
C0 overlapping patch diagonal scaling
6 1
17.695648633610290 
15.885088020387533 
6.299659869964265 
3.920038732975411 
0.444873246637047 
1.754691496425417 
******************************************
C0 overlapping patch backward matrix
6 6
-0.151277136162306 -0.180705495091084 0.427450372438528 -0.566491637346772 -0.267154276671035 -0.434516054587037 
0.656142095948436 0.672005793945638 -0.189795155145046 -0.209012084160803 -0.415750050120551 -0.481760876397706 
-0.215853603164092 -0.125513891451829 -0.530343264485967 0.367968984414352 -0.505747455041678 -0.281251233381525 
0.215853603164093 -0.125513891451828 0.530343264485967 0.367968984414353 -0.505747455041679 0.281251233381525 
-0.656142095948441 0.672005793945634 0.189795155145045 -0.209012084160803 -0.415750050120552 0.481760876397706 
0.151277136162307 -0.180705495091084 -0.427450372438528 -0.566491637346773 -0.267154276671036 0.434516054587038 
******************************************
IPDG overlapping patch forward matrix
6 6
-2.976608505011157 3.023102507812863 0.008518153633152 0.008518153633148 3.023102507812701 -2.976608505010986 
3.024758384898249 -2.968863777186252 -0.063831203048700 0.063831203048701 2.968863777186420 -3.024758384898411 
2.243931125622774 2.377988189891370 -0.854044727860109 0.854044727860117 -2.377988189891411 -2.243931125622814 
2.734787657874526 2.700996225214981 -0.586893857240867 -0.586893857240857 2.700996225214961 2.734787657874507 
-1.009676591758097 -0.916766957062511 -1.041094355555636 1.041094355555640 0.916766957062518 1.009676591758103 
0.526867557294459 0.505294503148820 0.956107958546504 0.956107958546507 0.505294503148821 0.526867557294459 
******************************************
IPDG overlapping patch diagonal scaling
6 1
171.763236118775637 
166.440260588183577 
16.312622518539840 
14.091836629557225 
4.247116893276488 
1.144927251667166 
******************************************
IPDG overlapping patch backward matrix
6 6
-0.496109417002863 0.504583675684635 0.469539340804533 0.497334607107074 -0.416115772103580 0.309702015855481 
0.503858542420349 -0.495259457674006 0.497590587506412 0.491189468621851 -0.377825130632042 0.297020995237372 
0.001419715164345 -0.010648183742044 -0.178707623401644 -0.106729538969505 -0.429063905344557 0.562017072483795 
0.001419715164345 0.010648183742044 0.178707623401645 -0.106729538969503 0.429063905344557 0.562017072483793 
0.503858542420322 0.495259457674034 -0.497590587506416 0.491189468621843 0.377825130632040 0.297020995237370 
-0.496109417002836 -0.504583675684663 -0.469539340804538 0.497334607107067 0.416115772103579 0.309702015855478 
******************************************
Quadrature r-coordinates
6 1
-0.932469514203152 
-0.661209386466264 
-0.238619186083197 
0.238619186083197 
0.661209386466265 
0.932469514203152 
******************************************
Quadrature weights
6 1
0.171324492379170 
0.360761573048139 
0.467913934572691 
0.467913934572692 
0.360761573048138 
0.171324492379170 
******************************************
Quadrature Interpolation Matrix
6 4
0.808616981535624 0.251626798761598 -0.088501042409425 0.028257262112204 
0.246272062149850 0.871818914646967 -0.168316230585834 0.050225253789017 
-0.110748722338305 0.903905420987304 0.274920684053937 -0.068077382702936 
-0.068077382702936 0.274920684053938 0.903905420987303 -0.110748722338305 
0.050225253789017 -0.168316230585834 0.871818914646967 0.246272062149850 
0.028257262112204 -0.088501042409425 0.251626798761597 0.808616981535624 
******************************************
Quadrature Weak D Differentiation Matrix
4 6
-0.457590288286924 -0.548811323385725 -0.131032196802840 0.148100908758964 0.047536022553685 -0.058203122837159 
0.584821541949621 0.455272796518057 -0.402660529992188 -0.681793635553994 -0.141074549421353 0.185434376499855 
-0.185434376499855 0.141074549421354 0.681793635553993 0.402660529992190 -0.455272796518056 -0.584821541949622 
0.058203122837158 -0.047536022553686 -0.148100908758964 0.131032196802840 0.548811323385724 0.457590288286925 
******************************************
Quadrature Projection Matrix
4 6
0.138535893890768 0.088845496538989 -0.051820870418215 -0.031854355995942 0.018119341563668 0.004841161087398 
0.043109833566826 0.314518763061161 0.422949942015754 0.128639218971094 -0.060722028115679 -0.015162396165822 
-0.015162396165822 -0.060722028115679 0.128639218971093 0.422949942015755 0.314518763061160 0.043109833566826 
0.004841161087398 0.018119341563668 -0.031854355995942 -0.051820870418215 0.088845496538989 0.138535893890768 
******************************************
1D degree raise matrix
5 4
1.000000000000000 -0.000000000000000 0.000000000000000 0.000000000000000 
0.236379095815425 0.879946467651000 -0.165660753365286 0.049335189898860 
-0.125000000000000 0.625000000000000 0.625000000000000 -0.125000000000000 
0.049335189898860 -0.165660753365286 0.879946467651000 0.236379095815425 
-0.000000000000000 -0.000000000000000 0.000000000000000 1.000000000000000 
******************************************
1D degree lower matrix
3 4
1.000000000000000 -0.000000000000000 0.000000000000000 0.000000000000000 
-0.125000000000000 0.625000000000000 0.625000000000000 -0.125000000000000 
-0.000000000000000 -0.000000000000000 0.000000000000000 1.000000000000000 
******************************************
SEMFEM reference mesh
9 4
0 1 5 4 
1 2 6 5 
2 3 7 6 
4 5 9 8 
5 6 10 9 
6 7 11 10 
8 9 13 12 
9 10 14 13 
10 11 15 14 
