******************************************
Pressure projection matrix - L2-orthogonal
7 7
0.857142857142857 0.344441191763598 -0.430155477477884 0.457142857142857 -0.430155477477886 0.344441191763599 -0.142857142857142 
0.059250065768304 0.857142857142857 0.178407182318125 -0.189600210458572 0.178407182318126 -0.142857142857143 0.059250065768303 
-0.047443690325565 0.114390928661804 0.857142857142857 0.151819809041807 -0.142857142857143 0.114390928661804 -0.047443690325564 
0.044642857142857 -0.107637872426125 0.134423586711839 0.857142857142857 0.134423586711839 -0.107637872426125 0.044642857142857 
-0.047443690325565 0.114390928661804 -0.142857142857143 0.151819809041807 0.857142857142856 0.114390928661804 -0.047443690325564 
0.059250065768304 -0.142857142857143 0.178407182318125 -0.189600210458572 0.178407182318125 0.857142857142857 0.059250065768304 
-0.142857142857143 0.344441191763598 -0.430155477477885 0.457142857142857 -0.430155477477886 0.344441191763600 0.857142857142858 
******************************************
Pressure projection matrix - Interpolatory
7 7
1.000000000000000 -0.000000000000000 0.000000000000000 0.000000000000000 0.000000000000000 -0.000000000000000 -0.000000000000000 
0.040503476532384 0.902342539908317 0.121959546011113 -0.129611124903628 0.121959546011113 -0.097657460091683 0.040503476532384 
-0.081432244725564 0.196340335948809 0.754800317215852 0.260583183121807 -0.245199682784149 0.196340335948810 -0.081432244725564 
0.098214285709100 -0.236803319324970 0.295731890750430 0.685714285730880 0.295731890750431 -0.236803319324971 0.098214285709100 
-0.081432244725794 0.196340335949363 -0.245199682784840 0.260583183122542 0.754800317215159 0.196340335949364 -0.081432244725794 
0.040503476523477 -0.097657460070208 0.121959545984294 -0.129611124875127 0.121959545984295 0.902342539929792 0.040503476523477 
0.000000000000000 0.000000000000000 -0.000000000000000 -0.000000000000000 -0.000000000000000 0.000000000000000 1.000000000000000 
******************************************
Pressure projection matrix - Pseudoinverse
7 7
0.976190476190476 0.057406865293933 -0.071692579579648 0.076190476190475 -0.071692579579648 0.057406865293933 -0.023809523809524 
0.057406865293933 0.861586976319218 0.172857142857142 -0.183701968940585 0.172857142857143 -0.138413023680783 0.057406865293933 
-0.071692579579647 0.172857142857142 0.784127309395069 0.229416254654872 -0.215872690604931 0.172857142857143 -0.071692579579647 
0.076190476190476 -0.183701968940586 0.229416254654872 0.756190476190477 0.229416254654873 -0.183701968940586 0.076190476190476 
-0.071692579579647 0.172857142857143 -0.215872690604931 0.229416254654873 0.784127309395068 0.172857142857143 -0.071692579579647 
0.057406865293933 -0.138413023680783 0.172857142857143 -0.183701968940586 0.172857142857144 0.861586976319217 0.057406865293933 
-0.023809523809524 0.057406865293932 -0.071692579579646 0.076190476190478 -0.071692579579646 0.057406865293933 0.976190476190476 
******************************************
Pressure projection rank-1 update - L2 orthogonal (u)
7 1
-0.925820099772552 
0.383984312607988 
-0.307470254775546 
0.289318781178923 
-0.307470254775546 
0.383984312607988 
-0.925820099772552 
******************************************
Pressure projection rank-1 update - L2 orthogonal (v)
7 1
-0.154303349962092 
0.372039008278409 
-0.464621018255665 
0.493770719878694 
-0.464621018255667 
0.372039008278411 
-0.154303349962091 
******************************************
Pressure projection rank-1 update - Interpolatory (u)
7 1
0.000000000000000 
0.262492528790428 
-0.527741262555676 
0.636501318560021 
-0.527741262557165 
0.262492528732706 
-0.000000000000000 
******************************************
Pressure projection rank-1 update - Interpolatory (v)
7 1
-0.154303349962092 
0.372039008278409 
-0.464621018255665 
0.493770719878694 
-0.464621018255667 
0.372039008278411 
-0.154303349962091 
******************************************
Pressure projection rank-1 update - Pseudoinverse (u)
7 1
-0.154303349962092 
0.372039008278409 
-0.464621018255665 
0.493770719878694 
-0.464621018255666 
0.372039008278411 
-0.154303349962091 
******************************************
Pressure projection rank-1 update - Pseudoinverse (v)
7 1
-0.154303349962092 
0.372039008278410 
-0.464621018255665 
0.493770719878694 
-0.464621018255667 
0.372039008278411 
-0.154303349962091 
