******************************************
Pressure projection matrix - L2-orthogonal
12 12
0.916666666666669 0.204992854707299 -0.269081908317284 0.312089236395304 -0.339364088848003 0.352695433413500 -0.352695433413501 0.339364088848003 -0.312089236395302 0.269081908317287 -0.204992854707302 0.083333333333331 
0.033876519522400 0.916666666666668 0.109386702242823 -0.126869965313718 0.137957690172732 -0.143377124825927 0.143377124825927 -0.137957690172732 0.126869965313718 -0.109386702242824 0.083333333333334 -0.033876519522400 
-0.025807920301561 0.063485271080106 0.916666666666666 0.096652489678382 -0.105099376298415 0.109228027635123 -0.109228027635123 0.105099376298415 -0.096652489678381 0.083333333333335 -0.063485271080107 0.025807920301561 
0.022251470523797 -0.054736709569302 0.071849617816910 0.916666666666666 0.090616200238040 -0.094175904485741 0.094175904485741 -0.090616200238040 0.083333333333334 -0.071849617816911 0.054736709569303 -0.022251470523797 
-0.020463109305459 0.050337494312565 -0.066075030024220 0.076635793888975 0.916666666666666 0.086606942465724 -0.086606942465724 0.083333333333334 -0.076635793888975 0.066075030024220 -0.050337494312565 0.020463109305459 
0.019689635267556 -0.048434814499702 0.063577495582384 -0.073739078826644 0.080183461587884 0.916666666666667 0.083333333333333 -0.080183461587885 0.073739078826644 -0.063577495582385 0.048434814499703 -0.019689635267556 
-0.019689635267556 0.048434814499702 -0.063577495582384 0.073739078826644 -0.080183461587884 0.083333333333333 0.916666666666667 0.080183461587884 -0.073739078826643 0.063577495582384 -0.048434814499703 0.019689635267556 
0.020463109305459 -0.050337494312564 0.066075030024220 -0.076635793888975 0.083333333333334 -0.086606942465724 0.086606942465724 0.916666666666667 0.076635793888974 -0.066075030024220 0.050337494312565 -0.020463109305459 
-0.022251470523797 0.054736709569302 -0.071849617816910 0.083333333333334 -0.090616200238040 0.094175904485741 -0.094175904485741 0.090616200238040 0.916666666666666 0.071849617816911 -0.054736709569303 0.022251470523797 
0.025807920301561 -0.063485271080106 0.083333333333334 -0.096652489678381 0.105099376298415 -0.109228027635123 0.109228027635123 -0.105099376298415 0.096652489678381 0.916666666666665 0.063485271080107 -0.025807920301561 
-0.033876519522400 0.083333333333333 -0.109386702242822 0.126869965313718 -0.137957690172732 0.143377124825927 -0.143377124825927 0.137957690172732 -0.126869965313718 0.109386702242824 0.916666666666666 0.033876519522399 
0.083333333333331 -0.204992854707298 0.269081908317283 -0.312089236395303 0.339364088848003 -0.352695433413499 0.352695433413498 -0.339364088848002 0.312089236395302 -0.269081908317287 0.204992854707302 0.916666666666669 
******************************************
Pressure projection matrix - Interpolatory
12 12
1.000000000000000 0.000000000000001 -0.000000000000000 0.000000000000001 -0.000000000000000 -0.000000000000000 -0.000000000000000 0.000000000000000 -0.000000000000000 -0.000000000000000 0.000000000000000 -0.000000000000000 
0.007623818142136 0.981246061063290 0.024617178412200 -0.028551738988752 0.031047001168188 -0.032266630126878 0.032266630126878 -0.031047001168188 0.028551738988752 -0.024617178412200 0.018753938936711 -0.007623818142136 
-0.017818844379937 0.043832829324341 0.942463256202854 0.066732834431776 -0.072564910647860 0.075415500498115 -0.075415500498116 0.072564910647861 -0.066732834431776 0.057536743797147 -0.043832829324342 0.017818844379936 
0.028011982999724 -0.068907076333511 0.090450214095808 0.895093139388371 0.114075133050329 -0.118556381818316 0.118556381818316 -0.114075133050329 0.104906860611629 -0.090450214095809 0.068907076333513 -0.028011982999724 
-0.036113040682749 0.088834983620612 -0.116608390824648 0.135245895487103 0.852934370238013 0.152842854425781 -0.152842854425781 0.147065629761987 -0.135245895487102 0.116608390824649 -0.088834983620614 0.036113040682749 
0.040577225802255 -0.099816496239684 0.131023168237107 -0.151964584987988 0.165245439148345 0.828263173107473 0.171736826892527 -0.165245439148345 0.151964584987988 -0.131023168237108 0.099816496239686 -0.040577225802254 
-0.040577225802254 0.099816496239684 -0.131023168237107 0.151964584987989 -0.165245439148345 0.171736826892527 0.828263173107472 0.165245439148345 -0.151964584987988 0.131023168237108 -0.099816496239686 0.040577225802254 
0.036113040682749 -0.088834983620612 0.116608390824648 -0.135245895487103 0.147065629761987 -0.152842854425781 0.152842854425781 0.852934370238014 0.135245895487102 -0.116608390824649 0.088834983620613 -0.036113040682749 
-0.028011982999725 0.068907076333513 -0.090450214095810 0.104906860611631 -0.114075133050331 0.118556381818318 -0.118556381818318 0.114075133050331 0.895093139388369 0.090450214095811 -0.068907076333514 0.028011982999725 
0.017818844379936 -0.043832829324341 0.057536743797146 -0.066732834431775 0.072564910647859 -0.075415500498114 0.075415500498114 -0.072564910647860 0.066732834431775 0.942463256202854 0.043832829324341 -0.017818844379936 
-0.007623818142136 0.018753938936710 -0.024617178412200 0.028551738988752 -0.031047001168187 0.032266630126878 -0.032266630126878 0.031047001168188 -0.028551738988752 0.024617178412200 0.981246061063290 0.007623818142136 
-0.000000000000000 0.000000000000001 -0.000000000000000 0.000000000000000 0.000000000000000 -0.000000000000000 -0.000000000000001 0.000000000000000 0.000000000000001 -0.000000000000000 0.000000000000000 1.000000000000000 
******************************************
Pressure projection matrix - Pseudoinverse
12 12
0.992424242424243 0.018635714064295 -0.024461991665207 0.028371748763209 -0.030851280804363 0.032063221219408 -0.032063221219408 0.030851280804363 -0.028371748763208 0.024461991665207 -0.018635714064304 0.007575757575757 
0.018635714064299 0.954157741293403 0.060174402039324 -0.069792069264102 0.075891505481556 -0.078872774986539 0.078872774986539 -0.075891505481556 0.069792069264102 -0.060174402039325 0.045842258706597 -0.018635714064299 
-0.024461991665207 0.060174402039324 0.921012647217814 0.091611891594033 -0.099618258154446 0.103531593030213 -0.103531593030213 0.099618258154446 -0.091611891594034 0.078987352782186 -0.060174402039325 0.024461991665207 
0.028371748763208 -0.069792069264102 0.091611891594034 0.893745791119489 0.115540232016610 -0.120079034720867 0.120079034720867 -0.115540232016611 0.106254208880512 -0.091611891594035 0.069792069264103 -0.028371748763208 
-0.030851280804363 0.075891505481556 -0.099618258154446 0.115540232016611 0.874362198400400 0.130573270255879 -0.130573270255879 0.125637801599600 -0.115540232016611 0.099618258154447 -0.075891505481557 0.030851280804363 
0.032063221219408 -0.078872774986539 0.103531593030213 -0.120079034720867 0.130573270255879 0.864297379544653 0.135702620455347 -0.130573270255879 0.120079034720866 -0.103531593030214 0.078872774986540 -0.032063221219408 
-0.032063221219408 0.078872774986539 -0.103531593030213 0.120079034720867 -0.130573270255879 0.135702620455347 0.864297379544652 0.130573270255879 -0.120079034720867 0.103531593030214 -0.078872774986540 0.032063221219408 
0.030851280804363 -0.075891505481556 0.099618258154446 -0.115540232016611 0.125637801599600 -0.130573270255879 0.130573270255879 0.874362198400400 0.115540232016610 -0.099618258154447 0.075891505481557 -0.030851280804363 
-0.028371748763208 0.069792069264102 -0.091611891594034 0.106254208880512 -0.115540232016610 0.120079034720867 -0.120079034720867 0.115540232016610 0.893745791119490 0.091611891594035 -0.069792069264103 0.028371748763208 
0.024461991665207 -0.060174402039325 0.078987352782186 -0.091611891594035 0.099618258154447 -0.103531593030214 0.103531593030214 -0.099618258154448 0.091611891594035 0.921012647217813 0.060174402039326 -0.024461991665207 
-0.018635714064299 0.045842258706597 -0.060174402039325 0.069792069264103 -0.075891505481557 0.078872774986540 -0.078872774986540 0.075891505481557 -0.069792069264103 0.060174402039326 0.954157741293402 0.018635714064299 
0.007575757575757 -0.018635714064304 0.024461991665206 -0.028371748763208 0.030851280804363 -0.032063221219407 0.032063221219408 -0.030851280804362 0.028371748763208 -0.024461991665207 0.018635714064296 0.992424242424243 
******************************************
Pressure projection rank-1 update - L2 orthogonal (u)
12 1
-0.957427107756346 
0.389211577286198 
-0.296510429898362 
0.255649932803098 
-0.235103226696341 
0.226216686563924 
-0.226216686563923 
0.235103226696340 
-0.255649932803098 
0.296510429898362 
-0.389211577286198 
0.957427107756343 
******************************************
Pressure projection rank-1 update - L2 orthogonal (v)
12 1
-0.087038827977846 
0.214108053810680 
-0.281046887159751 
0.325966576324186 
-0.354454230613207 
0.368378365889403 
-0.368378365889403 
0.354454230613207 
-0.325966576324185 
0.281046887159754 
-0.214108053810683 
0.087038827977846 
******************************************
Pressure projection rank-1 update - Interpolatory (u)
12 1
-0.000000000000001 
0.087591001846633 
-0.204722935658923 
0.321833182391360 
-0.414907249118068 
0.466196831287555 
-0.466196831287555 
0.414907249118067 
-0.321833182391366 
0.204722935658920 
-0.087591001846632 
-0.000000000000000 
******************************************
Pressure projection rank-1 update - Interpolatory (v)
12 1
-0.087038827977846 
0.214108053810680 
-0.281046887159751 
0.325966576324186 
-0.354454230613207 
0.368378365889403 
-0.368378365889404 
0.354454230613207 
-0.325966576324185 
0.281046887159754 
-0.214108053810683 
0.087038827977846 
******************************************
Pressure projection rank-1 update - Pseudoinverse (u)
12 1
-0.087038827977846 
0.214108053810680 
-0.281046887159751 
0.325966576324186 
-0.354454230613207 
0.368378365889403 
-0.368378365889404 
0.354454230613207 
-0.325966576324185 
0.281046887159754 
-0.214108053810683 
0.087038827977846 
******************************************
Pressure projection rank-1 update - Pseudoinverse (v)
12 1
-0.087038827977846 
0.214108053810680 
-0.281046887159751 
0.325966576324186 
-0.354454230613207 
0.368378365889403 
-0.368378365889403 
0.354454230613207 
-0.325966576324185 
0.281046887159754 
-0.214108053810683 
0.087038827977846 
