******************************************
Cubature 1D differentiation matrix
7 7
-9.568182337465766 15.083034118657572 -9.172567853813963 6.010333806311429 -3.677702697481980 1.851895449194528 -0.526810485401823 
-1.538700050032439 -1.647365679381668 4.741330435251492 -2.457069232590228 1.387163356479282 -0.674280474928158 0.188921645201720 
0.369393453044818 -1.871687025373812 -0.485873517907348 2.820674389670838 -1.231996977918921 0.547596437719815 -0.148106759235390 
-0.184701413580638 0.740156854904815 -2.152416541461881 0.000000000000001 2.152416541461881 -0.740156854904815 0.184701413580638 
0.148106759235391 -0.547596437719816 1.231996977918920 -2.820674389670839 0.485873517907351 1.871687025373812 -0.369393453044817 
-0.188921645201720 0.674280474928158 -1.387163356479281 2.457069232590226 -4.741330435251490 1.647365679381664 1.538700050032437 
0.526810485401824 -1.851895449194529 3.677702697481982 -6.010333806311429 9.172567853813963 -15.083034118657576 9.568182337465760 
******************************************
Pressure 1D cubature interpolation matrix
7 4
0.853716366780788 0.193569352869578 -0.069576639459115 0.022290919808749 
0.380816813902684 0.747813066492690 -0.185148690513244 0.056518810117871 
-0.031007420037497 0.995820569731047 0.048291571648275 -0.013104721341825 
-0.125000000000000 0.625000000000000 0.625000000000000 -0.125000000000000 
-0.013104721341825 0.048291571648275 0.995820569731047 -0.031007420037497 
0.056518810117871 -0.185148690513244 0.747813066492690 0.380816813902684 
0.022290919808748 -0.069576639459115 0.193569352869578 0.853716366780788 
