******************************************
Pressure projection matrix - L2-orthogonal
13 13
0.923076923076924 0.189495305499170 -0.249598378960721 0.291135864558816 -0.319206559769288 0.335593016091272 -0.340992340992343 0.335593016091272 -0.319206559769288 0.291135864558811 -0.249598378960718 0.189495305499171 -0.076923076923076 
0.031225891046359 0.923076923076924 0.101321113228078 -0.118182698223214 0.129577620336306 -0.136229482433006 0.138421265937107 -0.136229482433006 0.129577620336305 -0.118182698223212 0.101321113228078 -0.076923076923077 0.031225891046359 
-0.023706723529021 0.058400066627711 0.923076923076923 0.089724406856219 -0.098375441594305 0.103425541059699 -0.105089544994449 0.103425541059699 -0.098375441594306 0.089724406856217 -0.076923076923076 0.058400066627711 -0.023706723529021 
0.020324393122367 -0.050067902089507 0.065948162497143 0.923076923076922 0.084339834903863 -0.088669417046079 0.090096011070581 -0.088669417046080 0.084339834903863 -0.076923076923076 0.065948162497142 -0.050067902089507 0.020324393122367 
-0.018537086980889 0.045664982486607 -0.060148749194089 0.070158540979580 0.923076923076922 0.080871920083016 -0.082173060902296 0.080871920083016 -0.076923076923077 0.070158540979579 -0.060148749194089 0.045664982486608 -0.018537086980889 
0.017631951439968 -0.043435236320622 0.057211784465291 -0.066732814542343 0.073167049295226 0.923076923076923 0.078160685171113 -0.076923076923077 0.073167049295227 -0.066732814542342 0.057211784465291 -0.043435236320622 0.017631951439968 
-0.017352764423077 0.042747476142879 -0.056305884316335 0.065676156946374 -0.072008511041705 0.075705065153402 0.923076923076922 0.075705065153402 -0.072008511041705 0.065676156946372 -0.056305884316334 0.042747476142879 -0.017352764423077 
0.017631951439968 -0.043435236320622 0.057211784465291 -0.066732814542343 0.073167049295227 -0.076923076923077 0.078160685171113 0.923076923076922 0.073167049295227 -0.066732814542342 0.057211784465291 -0.043435236320622 0.017631951439968 
-0.018537086980889 0.045664982486607 -0.060148749194089 0.070158540979580 -0.076923076923077 0.080871920083016 -0.082173060902296 0.080871920083016 0.923076923076923 0.070158540979579 -0.060148749194088 0.045664982486607 -0.018537086980889 
0.020324393122367 -0.050067902089507 0.065948162497143 -0.076923076923078 0.084339834903863 -0.088669417046079 0.090096011070581 -0.088669417046079 0.084339834903863 0.923076923076924 0.065948162497142 -0.050067902089507 0.020324393122367 
-0.023706723529021 0.058400066627711 -0.076923076923077 0.089724406856219 -0.098375441594306 0.103425541059699 -0.105089544994449 0.103425541059699 -0.098375441594306 0.089724406856217 0.923076923076924 0.058400066627711 -0.023706723529021 
0.031225891046358 -0.076923076923076 0.101321113228079 -0.118182698223214 0.129577620336305 -0.136229482433005 0.138421265937107 -0.136229482433005 0.129577620336305 -0.118182698223212 0.101321113228077 0.923076923076923 0.031225891046359 
-0.076923076923076 0.189495305499170 -0.249598378960721 0.291135864558816 -0.319206559769288 0.335593016091272 -0.340992340992343 0.335593016091272 -0.319206559769288 0.291135864558811 -0.249598378960718 0.189495305499171 0.923076923076924 
******************************************
Pressure projection matrix - Interpolatory
13 13
1.000000000000000 0.000000000000000 -0.000000000000000 0.000000000000000 0.000000000000000 -0.000000000000000 0.000000000000000 -0.000000000000000 0.000000000000000 -0.000000000000000 0.000000000000000 -0.000000000000000 -0.000000000000000 
0.005954515507679 0.985331414442045 0.019321086436774 -0.022536449264645 0.024709365333893 -0.025977819641600 0.026395774371707 -0.025977819641600 0.024709365333893 -0.022536449264644 0.019321086436774 -0.014668585557955 0.005954515507680 
-0.014062404684086 0.034641875731630 0.954370605625312 0.053222914491205 -0.058354553676778 0.061350182418570 -0.062337239811707 0.061350182418570 -0.058354553676778 0.053222914491205 -0.045629394374688 0.034641875731631 -0.014062404684086 
0.022486804808754 -0.055394871310156 0.072964710367526 0.914892700330894 0.093313162841677 -0.098103390424333 0.099681766771275 -0.098103390424333 0.093313162841678 -0.085107299669105 0.072964710367525 -0.055394871310156 0.022486804808754 
-0.029720606614559 0.073214900590604 -0.096436798025401 0.112485548525247 0.876668836308034 0.129662364179946 -0.131748489927742 0.129662364179946 -0.123331163691966 0.112485548525245 -0.096436798025400 0.073214900590605 -0.029720606614558 
0.034575757643684 -0.085175268848219 0.112190689769633 -0.130861160226814 0.143478512435145 0.849156023713294 0.153270891026552 -0.150843976286706 0.143478512435146 -0.130861160226812 0.112190689769631 -0.085175268848220 0.034575757643685 
-0.036283052884615 0.089381086480566 -0.117730485388700 0.137322873615145 -0.150563250359928 0.158292408957114 0.839160839160838 0.158292408957114 -0.150563250359928 0.137322873615143 -0.117730485388698 0.089381086480566 -0.036283052884615 
0.034575757643684 -0.085175268848219 0.112190689769632 -0.130861160226813 0.143478512435145 -0.150843976286705 0.153270891026551 0.849156023713294 0.143478512435145 -0.130861160226811 0.112190689769631 -0.085175268848219 0.034575757643684 
-0.029720606614559 0.073214900590605 -0.096436798025402 0.112485548525248 -0.123331163691967 0.129662364179947 -0.131748489927743 0.129662364179947 0.876668836308033 0.112485548525246 -0.096436798025401 0.073214900590605 -0.029720606614559 
0.022486804808754 -0.055394871310156 0.072964710367526 -0.085107299669107 0.093313162841678 -0.098103390424333 0.099681766771275 -0.098103390424333 0.093313162841678 0.914892700330895 0.072964710367525 -0.055394871310157 0.022486804808754 
-0.014062404684086 0.034641875731630 -0.045629394374688 0.053222914491206 -0.058354553676778 0.061350182418570 -0.062337239811707 0.061350182418570 -0.058354553676778 0.053222914491204 0.954370605625313 0.034641875731631 -0.014062404684086 
0.005954515507678 -0.014668585557950 0.019321086436767 -0.022536449264637 0.024709365333884 -0.025977819641591 0.026395774371698 -0.025977819641590 0.024709365333884 -0.022536449264637 0.019321086436767 0.985331414442049 0.005954515507678 
-0.000000000000000 0.000000000000000 0.000000000000000 -0.000000000000000 0.000000000000000 -0.000000000000000 -0.000000000000000 0.000000000000000 0.000000000000000 -0.000000000000000 -0.000000000000000 0.000000000000000 1.000000000000000 
******************************************
Pressure projection matrix - Pseudoinverse
13 13
0.993589743589743 0.015791275458264 -0.020799864913393 0.024261322046568 -0.026600546647441 0.027966084674273 -0.028416028416029 0.027966084674271 -0.026600546647440 0.024261322046567 -0.020799864913393 0.015791275458264 -0.006410256410256 
0.015791275458264 0.961099156626592 0.051239197829365 -0.059766286229365 0.065528823274221 -0.068892742866570 0.070001151814989 -0.068892742866569 0.065528823274222 -0.059766286229364 0.051239197829364 -0.038900843373409 0.015791275458264 
-0.020799864913393 0.051239197829364 0.932509036655195 0.078722626505475 -0.086312893194713 0.090743762207497 -0.092203730178852 0.090743762207497 -0.086312893194713 0.078722626505474 -0.067490963344803 0.051239197829364 -0.020799864913393 
0.024261322046568 -0.059766286229366 0.078722626505475 0.908176567398224 0.100676850897216 -0.105845093119602 0.107548025002968 -0.105845093119602 0.100676850897216 -0.091823432601775 0.078722626505474 -0.059766286229366 0.024261322046568 
-0.026600546647440 0.065528823274222 -0.086312893194713 0.100676850897216 0.889616103216945 0.116050449828185 -0.117917574748828 0.116050449828185 -0.110383896783056 0.100676850897214 -0.086312893194712 0.065528823274222 -0.026600546647440 
0.027966084674272 -0.068892742866569 0.090743762207497 -0.105845093119602 0.116050449828185 0.877992104846662 0.123970868859113 -0.122007895153339 0.116050449828185 -0.105845093119600 0.090743762207496 -0.068892742866570 0.027966084674272 
-0.028416028416028 0.070001151814989 -0.092203730178852 0.107548025002968 -0.117917574748828 0.123970868859113 0.874034575333276 0.123970868859114 -0.117917574748828 0.107548025002966 -0.092203730178851 0.070001151814989 -0.028416028416028 
0.027966084674272 -0.068892742866570 0.090743762207497 -0.105845093119602 0.116050449828185 -0.122007895153339 0.123970868859114 0.877992104846661 0.116050449828185 -0.105845093119600 0.090743762207496 -0.068892742866570 0.027966084674272 
-0.026600546647440 0.065528823274222 -0.086312893194712 0.100676850897216 -0.110383896783056 0.116050449828185 -0.117917574748828 0.116050449828185 0.889616103216945 0.100676850897214 -0.086312893194712 0.065528823274222 -0.026600546647440 
0.024261322046567 -0.059766286229365 0.078722626505474 -0.091823432601775 0.100676850897215 -0.105845093119600 0.107548025002966 -0.105845093119600 0.100676850897215 0.908176567398227 0.078722626505473 -0.059766286229365 0.024261322046567 
-0.020799864913393 0.051239197829364 -0.067490963344803 0.078722626505474 -0.086312893194712 0.090743762207496 -0.092203730178851 0.090743762207496 -0.086312893194712 0.078722626505473 0.932509036655197 0.051239197829364 -0.020799864913393 
0.015791275458264 -0.038900843373409 0.051239197829364 -0.059766286229366 0.065528823274222 -0.068892742866570 0.070001151814989 -0.068892742866570 0.065528823274222 -0.059766286229365 0.051239197829364 0.961099156626591 0.015791275458264 
-0.006410256410256 0.015791275458264 -0.020799864913393 0.024261322046568 -0.026600546647440 0.027966084674272 -0.028416028416028 0.027966084674272 -0.026600546647440 0.024261322046567 -0.020799864913392 0.015791275458264 0.993589743589743 
******************************************
Pressure projection rank-1 update - L2 orthogonal (u)
13 1
-0.960768922830526 
0.390011254165438 
-0.296096881974642 
0.253851588735693 
-0.231528142183578 
0.220223002900914 
-0.216735958177589 
0.220223002900914 
-0.231528142183579 
0.253851588735693 
-0.296096881974642 
0.390011254165437 
-0.960768922830525 
******************************************
Pressure projection rank-1 update - L2 orthogonal (v)
13 1
-0.080064076902542 
0.197232967258034 
-0.259790229502197 
0.303023815238631 
-0.332240721139140 
0.349296285627745 
-0.354916081161060 
0.349296285627745 
-0.332240721139140 
0.303023815238626 
-0.259790229502194 
0.197232967258035 
-0.080064076902543 
******************************************
Pressure projection rank-1 update - Interpolatory (u)
13 1
-0.000000000000000 
-0.074371874853788 
0.175639378209572 
-0.280860102042093 
0.371210257638213 
-0.431851074555843 
0.453175185280415 
-0.431851074555841 
0.371210257638216 
-0.280860102042094 
0.175639378209572 
-0.074371874853763 
-0.000000000000000 
******************************************
Pressure projection rank-1 update - Interpolatory (v)
13 1
0.080064076902543 
-0.197232967258034 
0.259790229502197 
-0.303023815238631 
0.332240721139140 
-0.349296285627745 
0.354916081161060 
-0.349296285627745 
0.332240721139140 
-0.303023815238626 
0.259790229502194 
-0.197232967258035 
0.080064076902542 
******************************************
Pressure projection rank-1 update - Pseudoinverse (u)
13 1
-0.080064076902543 
0.197232967258034 
-0.259790229502197 
0.303023815238631 
-0.332240721139140 
0.349296285627745 
-0.354916081161060 
0.349296285627745 
-0.332240721139140 
0.303023815238627 
-0.259790229502194 
0.197232967258035 
-0.080064076902542 
******************************************
Pressure projection rank-1 update - Pseudoinverse (v)
13 1
-0.080064076902543 
0.197232967258034 
-0.259790229502197 
0.303023815238631 
-0.332240721139140 
0.349296285627745 
-0.354916081161060 
0.349296285627745 
-0.332240721139140 
0.303023815238626 
-0.259790229502194 
0.197232967258035 
-0.080064076902542 
