******************************************
Cubature 1D differentiation matrix
10 10
-18.908576374308993 30.406166772073234 -19.901307827391093 14.764233968989501 -11.118851457928727 8.170258889333219 -5.670590455771183 3.544920823560958 -1.799650630048291 0.513396291491420 
-2.776105894393488 -3.437355569204819 9.538844565880751 -5.586025495567128 3.870261734047283 -2.733736967052632 1.857054203877034 -1.146619462076194 0.577992340507659 -0.164309456018464 
0.579370995773015 -3.041561131776966 -1.261898660428487 5.534686166475369 -2.950218351752297 1.889683906719843 -1.223584808215748 0.735933115060190 -0.365611701155544 0.103200469300628 
-0.231835421671075 0.960721326274266 -2.985291471697446 -0.533627480295593 4.040181237739733 -1.974199521942888 1.153680926869494 -0.659975504119901 0.319388369982871 -0.089042461139463 
0.132129041638823 -0.503737563978227 1.204252022008973 -3.057527214433833 -0.152248713826335 3.358537162416503 -1.494034155863653 0.771351606661097 -0.355812111678619 0.097089927055269 
-0.097089927055269 0.355812111678618 -0.771351606661096 1.494034155863652 -3.358537162416502 0.152248713826333 3.057527214433833 -1.204252022008973 0.503737563978227 -0.132129041638823 
0.089042461139463 -0.319388369982869 0.659975504119900 -1.153680926869494 1.974199521942889 -4.040181237739733 0.533627480295592 2.985291471697444 -0.960721326274265 0.231835421671075 
-0.103200469300627 0.365611701155541 -0.735933115060188 1.223584808215748 -1.889683906719846 2.950218351752299 -5.534686166475369 1.261898660428493 3.041561131776966 -0.579370995773015 
0.164309456018465 -0.577992340507661 1.146619462076195 -1.857054203877038 2.733736967052630 -3.870261734047286 5.586025495567116 -9.538844565880748 3.437355569204833 2.776105894393481 
-0.513396291491423 1.799650630048315 -3.544920823561000 5.670590455771197 -8.170258889333219 11.118851457928706 -14.764233968989444 19.901307827391079 -30.406166772073220 18.908576374309007 
******************************************
Pressure 1D cubature interpolation matrix
10 6
0.815906901420138 0.242884436502166 -0.089185622123903 0.048779329346505 -0.029170684260678 0.010785639115770 
0.266169515565803 0.855691976595768 -0.178699287147339 0.090077370432216 -0.052496839817167 0.019257264370719 
-0.103687634104931 0.924774571111651 0.243288614867913 -0.099414210892883 0.054832081663460 -0.019793422645210 
-0.079620392287887 0.324097448756986 0.878413053946043 -0.181108002397712 0.089690911343679 -0.031473019361108 
0.050265100303916 -0.165430715923435 0.905146628514107 0.284315997892955 -0.111535127499460 0.037238116711918 
0.037238116711918 -0.111535127499460 0.284315997892955 0.905146628514106 -0.165430715923436 0.050265100303917 
-0.031473019361108 0.089690911343678 -0.181108002397711 0.878413053946043 0.324097448756986 -0.079620392287887 
-0.019793422645210 0.054832081663461 -0.099414210892883 0.243288614867913 0.924774571111651 -0.103687634104931 
0.019257264370719 -0.052496839817167 0.090077370432215 -0.178699287147339 0.855691976595768 0.266169515565803 
0.010785639115770 -0.029170684260677 0.048779329346506 -0.089185622123903 0.242884436502166 0.815906901420138 
