******************************************
Pressure projection matrix - L2-orthogonal
10 10
0.899999999999998 0.244923857316884 -0.318119794933299 0.362517872188194 -0.383917820025005 0.383917820025005 -0.362517872188194 0.318119794933303 -0.244923857316886 0.100000000000001 
0.040829015635917 0.900000000000000 0.129885180814261 -0.148012478718708 0.156749866767078 -0.156749866767078 0.148012478718709 -0.129885180814263 0.100000000000001 -0.040829015635917 
-0.031434699001038 0.076991077329291 0.900000000000001 0.113956401947323 -0.120683411136203 0.120683411136203 -0.113956401947323 0.100000000000000 -0.076991077329293 0.031434699001038 
0.027584846892207 -0.067561871043350 0.087752858366153 0.900000000000001 0.105903142845796 -0.105903142845795 0.099999999999999 -0.087752858366154 0.067561871043350 -0.027584846892207 
-0.026047241045880 0.063795907494195 -0.082861429800934 0.094425904003253 0.900000000000001 0.099999999999999 -0.094425904003253 0.082861429800935 -0.063795907494196 0.026047241045880 
0.026047241045880 -0.063795907494195 0.082861429800934 -0.094425904003253 0.099999999999999 0.900000000000001 0.094425904003253 -0.082861429800935 0.063795907494196 -0.026047241045880 
-0.027584846892207 0.067561871043349 -0.087752858366153 0.099999999999999 -0.105903142845796 0.105903142845795 0.900000000000001 0.087752858366154 -0.067561871043350 0.027584846892207 
0.031434699001038 -0.076991077329292 0.099999999999999 -0.113956401947323 0.120683411136203 -0.120683411136203 0.113956401947323 0.900000000000000 0.076991077329292 -0.031434699001037 
-0.040829015635917 0.099999999999999 -0.129885180814262 0.148012478718709 -0.156749866767078 0.156749866767078 -0.148012478718709 0.129885180814263 0.899999999999999 0.040829015635917 
0.100000000000002 -0.244923857316884 0.318119794933299 -0.362517872188194 0.383917820025005 -0.383917820025004 0.362517872188194 -0.318119794933303 0.244923857316887 0.899999999999998 
******************************************
Pressure projection matrix - Interpolatory
10 10
1.000000000000000 0.000000000000000 -0.000000000000000 0.000000000000000 0.000000000000000 0.000000000000000 0.000000000000000 0.000000000000000 0.000000000000000 -0.000000000000000 
0.013400979431994 0.967177804256920 0.042631168288111 -0.048580945489240 0.051448748097308 -0.051448748097308 0.048580945489240 -0.042631168288111 0.032822195743081 -0.013400979431994 
-0.030340865764300 0.074312018773259 0.903479700049625 0.109991060972213 -0.116483990419010 0.116483990419009 -0.109991060972213 0.096520299950377 -0.074312018773260 0.030340865764299 
0.045228775690259 -0.110776062037780 0.143881688476690 0.836037604750907 0.173641329654036 -0.173641329654036 0.163962395249093 -0.143881688476691 0.110776062037781 -0.045228775690258 
-0.053838373286239 0.131863020569317 -0.171270522693605 0.195173725258008 0.793304890942550 0.206695109057450 -0.195173725258008 0.171270522693607 -0.131863020569319 0.053838373286239 
0.053838373286239 -0.131863020569317 0.171270522693605 -0.195173725258007 0.206695109057450 0.793304890942550 0.195173725258008 -0.171270522693607 0.131863020569319 -0.053838373286239 
-0.045228775690259 0.110776062037781 -0.143881688476691 0.163962395249095 -0.173641329654038 0.173641329654038 0.836037604750905 0.143881688476693 -0.110776062037782 0.045228775690259 
0.030340865764300 -0.074312018773261 0.096520299950378 -0.109991060972216 0.116483990419013 -0.116483990419013 0.109991060972216 0.903479700049621 0.074312018773262 -0.030340865764300 
-0.013400979431992 0.032822195743077 -0.042631168288106 0.048580945489235 -0.051448748097303 0.051448748097303 -0.048580945489234 0.042631168288107 0.967177804256923 0.013400979431992 
0.000000000000000 -0.000000000000000 0.000000000000000 -0.000000000000000 0.000000000000000 0.000000000000000 -0.000000000000000 -0.000000000000000 -0.000000000000000 1.000000000000000 
******************************************
Pressure projection matrix - Pseudoinverse
10 10
0.988888888888888 0.027213761924099 -0.035346643881479 0.040279763576467 -0.042657535558335 0.042657535558335 -0.040279763576468 0.035346643881479 -0.027213761924100 0.011111111111112 
0.027213761924099 0.933347004574465 0.086572363626579 -0.098654750669603 0.104478481525794 -0.104478481525793 0.098654750669603 -0.086572363626580 0.066652995425536 -0.027213761924099 
-0.035346643881479 0.086572363626578 0.887555328968438 0.128137901289072 -0.135702064641772 0.135702064641772 -0.128137901289073 0.112444671031563 -0.086572363626579 0.035346643881479 
0.040279763576467 -0.098654750669602 0.128137901289072 0.853978658160159 0.154641190233996 -0.154641190233996 0.146021341839841 -0.128137901289074 0.098654750669604 -0.040279763576467 
-0.042657535558335 0.104478481525794 -0.135702064641772 0.154641190233996 0.836230119408051 0.163769880591948 -0.154641190233996 0.135702064641774 -0.104478481525795 0.042657535558335 
0.042657535558335 -0.104478481525794 0.135702064641772 -0.154641190233995 0.163769880591948 0.836230119408052 0.154641190233996 -0.135702064641774 0.104478481525795 -0.042657535558335 
-0.040279763576467 0.098654750669603 -0.128137901289073 0.146021341839841 -0.154641190233996 0.154641190233996 0.853978658160159 0.128137901289074 -0.098654750669604 0.040279763576467 
0.035346643881479 -0.086572363626579 0.112444671031563 -0.128137901289074 0.135702064641774 -0.135702064641774 0.128137901289074 0.887555328968436 0.086572363626580 -0.035346643881479 
-0.027213761924099 0.066652995425537 -0.086572363626579 0.098654750669604 -0.104478481525795 0.104478481525795 -0.098654750669604 0.086572363626580 0.933347004574463 0.027213761924099 
0.011111111111112 -0.027213761924099 0.035346643881478 -0.040279763576467 0.042657535558335 -0.042657535558335 0.040279763576467 -0.035346643881479 0.027213761924099 0.988888888888888 
******************************************
Pressure projection rank-1 update - L2 orthogonal (u)
10 1
-0.948683298050509 
0.387338052096368 
-0.298215739215288 
0.261692835259171 
-0.247105825405217 
0.247105825405217 
-0.261692835259171 
0.298215739215289 
-0.387338052096368 
0.948683298050509 
******************************************
Pressure projection rank-1 update - L2 orthogonal (v)
10 1
-0.105409255338949 
0.258172414145151 
-0.335327706924974 
0.382127389544169 
-0.404684915201874 
0.404684915201874 
-0.382127389544170 
0.335327706924978 
-0.258172414145154 
0.105409255338948 
******************************************
Pressure projection rank-1 update - Interpolatory (u)
10 1
0.000000000000000 
0.127132853646505 
-0.287838725989829 
0.429077840886203 
-0.510755655308628 
0.510755655308628 
-0.429077840886208 
0.287838725989838 
-0.127132853646491 
0.000000000000000 
******************************************
Pressure projection rank-1 update - Interpolatory (v)
10 1
-0.105409255338949 
0.258172414145151 
-0.335327706924974 
0.382127389544169 
-0.404684915201874 
0.404684915201874 
-0.382127389544170 
0.335327706924978 
-0.258172414145154 
0.105409255338948 
******************************************
Pressure projection rank-1 update - Pseudoinverse (u)
10 1
-0.105409255338949 
0.258172414145151 
-0.335327706924974 
0.382127389544169 
-0.404684915201875 
0.404684915201874 
-0.382127389544169 
0.335327706924978 
-0.258172414145154 
0.105409255338948 
******************************************
Pressure projection rank-1 update - Pseudoinverse (v)
10 1
-0.105409255338949 
0.258172414145151 
-0.335327706924974 
0.382127389544169 
-0.404684915201874 
0.404684915201874 
-0.382127389544170 
0.335327706924979 
-0.258172414145154 
0.105409255338948 
