******************************************
Cubature 1D differentiation matrix
4 4
-3.332000236352282 4.860154415685197 -2.108782348495178 0.580628169162265 
-0.757557614799234 -0.384414392223209 1.470670231280717 -0.328698224258274 
0.328698224258274 -1.470670231280717 0.384414392223208 0.757557614799234 
-0.580628169162265 2.108782348495179 -4.860154415685196 3.332000236352282 
******************************************
Pressure 1D cubature interpolation matrix
4 2
0.930568155797026 0.069431844202974 
0.669990521792428 0.330009478207572 
0.330009478207572 0.669990521792428 
0.069431844202974 0.930568155797026 
