******************************************
Cubature 1D differentiation matrix
6 6
-7.145327131771610 11.109283694894064 -6.402816680808861 3.793561028968059 -1.890911470859328 0.536210559577681 
-1.223325472251408 -1.174852281034097 3.488553796847058 -1.638343894637415 0.756190111988846 -0.208222260912984 
0.324412318140670 -1.605150401681950 -0.253026278709327 2.095388925791031 -0.753833397365753 0.192208833825329 
-0.192208833825329 0.753833397365753 -2.095388925791030 0.253026278709327 1.605150401681950 -0.324412318140670 
0.208222260912983 -0.756190111988845 1.638343894637414 -3.488553796847059 1.174852281034099 1.223325472251407 
-0.536210559577682 1.890911470859333 -3.793561028968060 6.402816680808861 -11.109283694894064 7.145327131771609 
******************************************
Pressure 1D cubature interpolation matrix
6 3
0.900984454560707 0.130500605081738 -0.031485059642445 
0.549203619608679 0.562802147248906 -0.112005766857585 
0.147779151025102 0.943060884032993 -0.090840035058095 
-0.090840035058095 0.943060884032993 0.147779151025102 
-0.112005766857585 0.562802147248906 0.549203619608679 
-0.031485059642445 0.130500605081738 0.900984454560707 
